0.000000000000000000e+00 0.000000000000000000e+00 2.774081585016772422e+01
2.500000000000000000e-01 3.110722903801059393e-03 2.774085634581192750e+01
5.000000000000000000e-01 6.221233216383346629e-03 2.774098688642047250e+01
7.500000000000000000e-01 9.331318763542140876e-03 2.774120750446958894e+01
1.000000000000000000e+00 1.244076744939989418e-02 2.774151814593256660e+01
1.250000000000000000e+00 1.554936729519476070e-02 2.774191881259816839e+01
1.500000000000000000e+00 1.865722311538604156e-02 2.774240955743075077e+01
1.750000000000000000e+00 2.176354238215443340e-02 2.774299025375909977e+01
2.000000000000000000e+00 2.486837778216452466e-02 2.774366098621074883e+01
2.250000000000000000e+00 2.797189666270928632e-02 2.774442175233042818e+01
2.500000000000000000e+00 3.107317257827311649e-02 2.774527243114990327e+01
2.750000000000000000e+00 3.417233194842669852e-02 2.774621302563221903e+01
3.000000000000000000e+00 3.726916465658389882e-02 2.774724353879008731e+01
3.250000000000000000e+00 4.036389500671191954e-02 2.774836412660654617e+01
3.500000000000000000e+00 4.345547807842102539e-02 2.774957438852011293e+01
3.750000000000000000e+00 4.654410661318755110e-02 2.775087455936662195e+01
4.000000000000000000e+00 4.962957241530496777e-02 2.775226446346468023e+01
4.250000000000000000e+00 5.271211697653457179e-02 2.775374438745105721e+01
4.500000000000000000e+00 5.579066002409004132e-02 2.775531376818880602e+01
4.750000000000000000e+00 5.886541912709731400e-02 2.775697292846435715e+01
5.000000000000000000e+00 6.193618861762986705e-02 2.775872164549677024e+01
5.250000000000000000e+00 6.500320111802808387e-02 2.776056029817610948e+01
5.500000000000000000e+00 6.806539637865018089e-02 2.776248827517959938e+01
5.750000000000000000e+00 7.112298929269243730e-02 2.776450568101145322e+01
6.000000000000000000e+00 7.417577731262241236e-02 2.776661255248566817e+01
6.250000000000000000e+00 7.722355876378636519e-02 2.776880888383207235e+01
6.500000000000000000e+00 8.026613287987316436e-02 2.777109451350035840e+01
6.750000000000000000e+00 8.330373772570781599e-02 2.777346977553287743e+01
7.000000000000000000e+00 8.633531257400733905e-02 2.777593396025734407e+01
7.250000000000000000e+00 8.936108334298682732e-02 2.777848728763985520e+01
7.500000000000000000e+00 9.238085324093157913e-02 2.778112970889380762e+01
7.750000000000000000e+00 9.539442655720131725e-02 2.778386118119516368e+01
8.000000000000000000e+00 9.840160869573455482e-02 2.778668156185907279e+01
8.250000000000000000e+00 1.014022062081389453e-01 2.778959093184256091e+01
8.500000000000000000e+00 1.043960268264164520e-01 2.779258902787706376e+01
8.750000000000000000e+00 1.073833120171103911e-01 2.779567637964107973e+01
9.000000000000000000e+00 1.103630162356040723e-01 2.779885190832723296e+01
9.250000000000000000e+00 1.133353739156259116e-01 2.780211610458674087e+01
9.500000000000000000e+00 1.163001978250354368e-01 2.780546875007433627e+01
9.750000000000000000e+00 1.192573020697657582e-01 2.780890984269980848e+01
1.000000000000000000e+01 1.222065021240485855e-01 2.781243917996454229e+01
1.025000000000000000e+01 1.251476148601838312e-01 2.781605680321472462e+01
1.050000000000000000e+01 1.280804585778624327e-01 2.781976260546173663e+01
1.075000000000000000e+01 1.310048530330378824e-01 2.782355644791544691e+01
1.100000000000000000e+01 1.339206194662876104e-01 2.782743824818620837e+01
1.125000000000000000e+01 1.368275806307371334e-01 2.783140790919089369e+01
1.150000000000000000e+01 1.397255608194604148e-01 2.783546537935272625e+01
1.175000000000000000e+01 1.426148059664558154e-01 2.783961117587808332e+01
1.200000000000000000e+01 1.454943081487248546e-01 2.784384381771196360e+01
1.225000000000000000e+01 1.483643115026086479e-01 2.784816410495313477e+01
1.250000000000000000e+01 1.512246467426146823e-01 2.785257148984235442e+01
1.275000000000000000e+01 1.540751462528348603e-01 2.785706630925670879e+01
1.300000000000000000e+01 1.569156441112886935e-01 2.786164819010254234e+01
1.325000000000000000e+01 1.597459761137441370e-01 2.786631702017842471e+01
1.350000000000000000e+01 1.625659797969721820e-01 2.787107288036926889e+01
1.375000000000000000e+01 1.653754944614773681e-01 2.787591544258329890e+01
1.400000000000000000e+01 1.681743611936706295e-01 2.788084474449174976e+01
1.425000000000000000e+01 1.709624228874920826e-01 2.788586051851434533e+01
1.450000000000000000e+01 1.737395242654787841e-01 2.789096282491133749e+01
1.475000000000000000e+01 1.765055118992573946e-01 2.789615126661101385e+01
1.500000000000000000e+01 1.792602342294754014e-01 2.790142593948785787e+01
1.525000000000000000e+01 1.820035415851782856e-01 2.790678666314058631e+01
1.550000000000000000e+01 1.847352862026003517e-01 2.791223330951361703e+01
1.575000000000000000e+01 1.874553222433568422e-01 2.791776575966363438e+01
1.600000000000000000e+01 1.901635058121089183e-01 2.792338382834507726e+01
1.625000000000000000e+01 1.928596949735987831e-01 2.792908729218017072e+01
1.650000000000000000e+01 1.955437497691278614e-01 2.793487621144807775e+01
1.675000000000000000e+01 1.982155322324431201e-01 2.794075037638822678e+01
1.700000000000000000e+01 2.008749064050318056e-01 2.794670959000396593e+01
1.725000000000000000e+01 2.035217383508300670e-01 2.795275383713452655e+01
1.750000000000000000e+01 2.061558961703477688e-01 2.795888275670025536e+01
1.775000000000000000e+01 2.087776182639047018e-01 2.796509749090250097e+01
1.800000000000000000e+01 2.113860391145596651e-01 2.797139565762237368e+01
1.825000000000000000e+01 2.139814022813712469e-01 2.797777809604578181e+01
1.850000000000000000e+01 2.165635841411583662e-01 2.798424471622904974e+01
1.875000000000000000e+01 2.191324631691345670e-01 2.799079542206559523e+01
1.900000000000000000e+01 2.216879199494998509e-01 2.799743004485462805e+01
1.925000000000000000e+01 2.242298371853925776e-01 2.800414826219105535e+01
1.950000000000000000e+01 2.267580997082918048e-01 2.801095020472645203e+01
1.975000000000000000e+01 2.292725944868088950e-01 2.801783534517661067e+01
2.000000000000000000e+01 2.317732106349084387e-01 2.802480391871399590e+01
2.025000000000000000e+01 2.342598394195239686e-01 2.803185566590805067e+01
2.050000000000000000e+01 2.367323742676125387e-01 2.803899010216267129e+01
2.075000000000000000e+01 2.391907107726010395e-01 2.804620730727025801e+01
2.100000000000000000e+01 2.416347467002748772e-01 2.805350712004133129e+01
2.125000000000000000e+01 2.440643819940769843e-01 2.806088938570082547e+01
2.150000000000000000e+01 2.464795187798397846e-01 2.806835368160840005e+01
2.175000000000000000e+01 2.488800613699421738e-01 2.807590016974686975e+01
2.200000000000000000e+01 2.512659162669034774e-01 2.808352857527621893e+01
2.225000000000000000e+01 2.536369921663886862e-01 2.809123870457952776e+01
2.250000000000000000e+01 2.559931999597045982e-01 2.809903019741835450e+01
2.275000000000000000e+01 2.583344527356714049e-01 2.810690309803997522e+01
2.300000000000000000e+01 2.606606657820021433e-01 2.811485709214742457e+01
2.325000000000000000e+01 2.629717565860889561e-01 2.812289204925195918e+01
2.350000000000000000e+01 2.652676448352720984e-01 2.813100796871317044e+01
2.375000000000000000e+01 2.675482524165567200e-01 2.813920449604497165e+01
2.400000000000000000e+01 2.698135034157903012e-01 2.814748122271668862e+01
2.425000000000000000e+01 2.720633241163251115e-01 2.815583829862941556e+01
2.450000000000000000e+01 2.742976429971368812e-01 2.816427534904570251e+01
2.475000000000000000e+01 2.765163907304390434e-01 2.817279237857320595e+01
2.500000000000000000e+01 2.787195001787748372e-01 2.818138877562886790e+01
2.525000000000000000e+01 2.809069063915962672e-01 2.819006483538728247e+01
2.550000000000000000e+01 2.830785466013519547e-01 2.819882010077384393e+01
2.575000000000000000e+01 2.852343602190665073e-01 2.820765442767495301e+01
2.600000000000000000e+01 2.873742888294355535e-01 2.821656766442363562e+01
2.625000000000000000e+01 2.894982761854307252e-01 2.822555955168579445e+01
2.650000000000000000e+01 2.916062682024271879e-01 2.823462995013747800e+01
2.675000000000000000e+01 2.936982129518738716e-01 2.824377839981001515e+01
2.700000000000000000e+01 2.957740606544584927e-01 2.825300509058594756e+01
2.725000000000000000e+01 2.978337636728629056e-01 2.826230946426793267e+01
2.750000000000000000e+01 2.998772765040383925e-01 2.827169157828975443e+01
2.775000000000000000e+01 3.019045557710276495e-01 2.828115114787171080e+01
2.800000000000000000e+01 3.039155602143772672e-01 2.829068804515418023e+01
2.825000000000000000e+01 3.059102506830973511e-01 2.830030163365610107e+01
2.850000000000000000e+01 3.078885901252002566e-01 2.830999225188406143e+01
2.875000000000000000e+01 3.098505435778312056e-01 2.831975959775765261e+01
2.900000000000000000e+01 3.117960781569853457e-01 2.832960307700814084e+01
2.925000000000000000e+01 3.137251630468187447e-01 2.833952259581632305e+01
2.950000000000000000e+01 3.156377694885733054e-01 2.834951826707219880e+01
2.975000000000000000e+01 3.175338707691100493e-01 2.835958964134272620e+01
3.000000000000000000e+01 3.194134422090659231e-01 2.836973648816447025e+01
