0.000000000000000000e+00 0.000000000000000000e+00 1.828813292585799388e+02
2.500000000000000000e-01 3.110722903801059393e-03 1.828798167890703041e+02
5.000000000000000000e-01 6.221233216383346629e-03 1.828745889736901802e+02
7.500000000000000000e-01 9.331318763542140876e-03 1.828656472054866526e+02
1.000000000000000000e+00 1.244076744939989418e-02 1.828529937199399171e+02
1.250000000000000000e+00 1.554936729519476070e-02 1.828366315735067928e+02
1.500000000000000000e+00 1.865722311538604156e-02 1.828165624258071773e+02
1.750000000000000000e+00 2.176354238215443340e-02 1.827927946447583736e+02
2.000000000000000000e+00 2.486837778216452466e-02 1.827653322263037978e+02
2.250000000000000000e+00 2.797189666270928632e-02 1.827341775062741647e+02
2.500000000000000000e+00 3.107317257827311649e-02 1.826993447873976208e+02
2.750000000000000000e+00 3.417233194842669852e-02 1.826608388858955720e+02
3.000000000000000000e+00 3.726916465658389882e-02 1.826186686182485346e+02
3.250000000000000000e+00 4.036389500671191954e-02 1.825728369146353884e+02
3.500000000000000000e+00 4.345547807842102539e-02 1.825233665796089042e+02
3.750000000000000000e+00 4.654410661318755110e-02 1.824702631125985306e+02
4.000000000000000000e+00 4.962957241530496777e-02 1.824135385556402582e+02
4.250000000000000000e+00 5.271211697653457179e-02 1.823531965879223833e+02
4.500000000000000000e+00 5.579066002409004132e-02 1.822892680415375821e+02
4.750000000000000000e+00 5.886541912709731400e-02 1.822217591562723555e+02
5.000000000000000000e+00 6.193618861762986705e-02 1.821506851373515872e+02
5.250000000000000000e+00 6.500320111802808387e-02 1.820760507613343293e+02
5.500000000000000000e+00 6.806539637865018089e-02 1.819978938542741105e+02
5.750000000000000000e+00 7.112298929269243730e-02 1.819162217445861813e+02
6.000000000000000000e+00 7.417577731262241236e-02 1.818310525792286398e+02
6.250000000000000000e+00 7.722355876378636519e-02 1.817424052246361725e+02
6.500000000000000000e+00 8.026613287987316436e-02 1.816502993092435929e+02
6.750000000000000000e+00 8.330373772570781599e-02 1.815547406370972681e+02
7.000000000000000000e+00 8.633531257400733905e-02 1.814557780135476719e+02
7.250000000000000000e+00 8.936108334298682732e-02 1.813534196585000586e+02
7.500000000000000000e+00 9.238085324093157913e-02 1.812476878890628313e+02
7.750000000000000000e+00 9.539442655720131725e-02 1.811386056264193201e+02
8.000000000000000000e+00 9.840160869573455482e-02 1.810261964133111690e+02
8.250000000000000000e+00 1.014022062081389453e-01 1.809104843554941624e+02
8.500000000000000000e+00 1.043960268264164520e-01 1.807914941465369054e+02
8.750000000000000000e+00 1.073833120171103911e-01 1.806692320938479099e+02
9.000000000000000000e+00 1.103630162356040723e-01 1.805437603633262995e+02
9.250000000000000000e+00 1.133353739156259116e-01 1.804150869522892435e+02
9.500000000000000000e+00 1.163001978250354368e-01 1.802832376048029914e+02
9.750000000000000000e+00 1.192573020697657582e-01 1.801482377923602769e+02
1.000000000000000000e+01 1.222065021240485855e-01 1.800101114080196112e+02
1.025000000000000000e+01 1.251476148601838312e-01 1.798688790232585291e+02
1.050000000000000000e+01 1.280804585778624327e-01 1.797245517929497396e+02
1.075000000000000000e+01 1.310048530330378824e-01 1.795771117843067373e+02
1.100000000000000000e+01 1.339206194662876104e-01 1.794264127825104822e+02
1.125000000000000000e+01 1.368275806307371334e-01 1.792708851126828620e+02
1.150000000000000000e+01 1.397255608194604148e-01 1.780291353742757110e+02
1.175000000000000000e+01 1.426148059664558154e-01 1.757567155198557600e+02
1.200000000000000000e+01 1.454943081487248546e-01 1.735191622150922228e+02
1.225000000000000000e+01 1.483643115026086479e-01 1.713184787425852562e+02
1.250000000000000000e+01 1.512246467426146823e-01 1.691554550564098349e+02
1.275000000000000000e+01 1.540751462528348603e-01 1.670305779296768378e+02
1.300000000000000000e+01 1.569156441112886935e-01 1.649441459035048752e+02
1.325000000000000000e+01 1.597459761137441370e-01 1.628963061325511319e+02
1.350000000000000000e+01 1.625659797969721820e-01 1.608870761613831917e+02
1.375000000000000000e+01 1.653754944614773681e-01 1.589163610188889777e+02
1.400000000000000000e+01 1.681743611936706295e-01 1.569839677357533105e+02
1.425000000000000000e+01 1.709624228874920826e-01 1.550896182655766040e+02
1.450000000000000000e+01 1.737395242654787841e-01 1.532329612056593362e+02
1.475000000000000000e+01 1.765055118992573946e-01 1.514135821386173006e+02
1.500000000000000000e+01 1.792602342294754014e-01 1.496310131092016320e+02
1.525000000000000000e+01 1.820035415851782856e-01 1.478847407527480584e+02
1.550000000000000000e+01 1.847352862026003517e-01 1.461742141529566936e+02
1.575000000000000000e+01 1.874553222433568422e-01 1.444988512584192506e+02
1.600000000000000000e+01 1.901635058121089183e-01 1.428580450654343394e+02
1.625000000000000000e+01 1.928596949735987831e-01 1.412511687079156673e+02
1.650000000000000000e+01 1.955437497691278614e-01 1.396775802219242451e+02
1.675000000000000000e+01 1.982155322324431201e-01 1.381366265166237497e+02
1.700000000000000000e+01 2.008749064050318056e-01 1.366276472664228265e+02
1.725000000000000000e+01 2.035217383508300670e-01 1.351499777355659546e+02
1.750000000000000000e+01 2.061558961703477688e-01 1.337029517442686313e+02
1.775000000000000000e+01 2.087776182639047018e-01 1.322856778952781269e+02
1.800000000000000000e+01 2.113860391145596651e-01 1.308979492780633223e+02
1.825000000000000000e+01 2.139814022813712469e-01 1.295388789478873548e+02
1.850000000000000000e+01 2.165635841411583662e-01 1.282078155185388368e+02
1.875000000000000000e+01 2.191324631691345670e-01 1.269041152105141776e+02
1.900000000000000000e+01 2.216879199494998509e-01 1.256271428391986973e+02
1.925000000000000000e+01 2.242298371853925776e-01 1.243762727547961049e+02
1.950000000000000000e+01 2.267580997082918048e-01 1.231508896910041244e+02
1.975000000000000000e+01 2.292725944868088950e-01 1.219503891169016327e+02
2.000000000000000000e+01 2.317732106349084387e-01 1.207741781288527534e+02
2.025000000000000000e+01 2.342598394195239686e-01 1.196216754570763356e+02
2.050000000000000000e+01 2.367323742676125387e-01 1.184923119672853602e+02
2.075000000000000000e+01 2.391907107726010395e-01 1.173855308972507743e+02
2.100000000000000000e+01 2.416347467002748772e-01 1.163007877069858580e+02
2.125000000000000000e+01 2.440643819940769843e-01 1.152375505634403510e+02
2.150000000000000000e+01 2.464795187798397846e-01 1.141952999620573195e+02
2.175000000000000000e+01 2.488800613699421738e-01 1.131735290564789693e+02
2.200000000000000000e+01 2.512659162669034774e-01 1.121717432397593086e+02
2.225000000000000000e+01 2.536369921663886862e-01 1.111894602948030411e+02
2.250000000000000000e+01 2.559931999597045982e-01 1.102262101988968652e+02
2.275000000000000000e+01 2.583344527356714049e-01 1.092815349178929409e+02
2.300000000000000000e+01 2.606606657820021433e-01 1.083549882350842068e+02
2.325000000000000000e+01 2.629717565860889561e-01 1.074461355543947008e+02
2.350000000000000000e+01 2.652676448352720984e-01 1.065545538356354456e+02
2.375000000000000000e+01 2.675482524165567200e-01 1.056798310380596462e+02
2.400000000000000000e+01 2.698135034157903012e-01 1.048215662996989579e+02
2.425000000000000000e+01 2.720633241163251115e-01 1.039793694128839405e+02
2.450000000000000000e+01 2.742976429971368812e-01 1.031528606557462098e+02
2.475000000000000000e+01 2.765163907304390434e-01 1.023416705652225858e+02
2.500000000000000000e+01 2.787195001787748372e-01 1.015454397091632188e+02
2.525000000000000000e+01 2.809069063915962672e-01 1.007638183579893791e+02
2.550000000000000000e+01 2.830785466013519547e-01 9.999646640886294335e+01
2.575000000000000000e+01 2.852343602190665073e-01 9.924305287547487353e+01
2.600000000000000000e+01 2.873742888294355535e-01 9.850325592957240417e+01
2.625000000000000000e+01 2.894982761854307252e-01 9.777676234739715255e+01
2.650000000000000000e+01 2.916062682024271879e-01 9.706326766244032456e+01
2.675000000000000000e+01 2.936982129518738716e-01 9.636247551168050052e+01
2.700000000000000000e+01 2.957740606544584927e-01 9.567409773264222395e+01
2.725000000000000000e+01 2.978337636728629056e-01 9.499785387934869618e+01
2.750000000000000000e+01 2.998772765040383925e-01 9.433347122795889561e+01
2.775000000000000000e+01 3.019045557710276495e-01 9.368068444465387756e+01
2.800000000000000000e+01 3.039155602143772672e-01 9.303923533665965806e+01
2.825000000000000000e+01 3.059102506830973511e-01 9.240887268233706209e+01
2.850000000000000000e+01 3.078885901252002566e-01 9.178935214271896825e+01
2.875000000000000000e+01 3.098505435778312056e-01 9.118043577604066741e+01
2.900000000000000000e+01 3.117960781569853457e-01 9.058189218931140374e+01
2.925000000000000000e+01 3.137251630468187447e-01 8.999349608640746112e+01
2.950000000000000000e+01 3.156377694885733054e-01 8.941502815661807801e+01
2.975000000000000000e+01 3.175338707691100493e-01 8.884627506387622020e+01
3.000000000000000000e+01 3.194134422090659231e-01 8.828702898978571056e+01
