0.000000000000000000e+00 0.000000000000000000e+00 2.604014581183112682e+02
2.500000000000000000e-01 3.110722903801059393e-03 2.603566516090673986e+02
5.000000000000000000e-01 6.221233216383346629e-03 2.602110018065105805e+02
7.500000000000000000e-01 9.331318763542140876e-03 2.599644097721516118e+02
1.000000000000000000e+00 1.244076744939989418e-02 2.596167295228592593e+02
1.250000000000000000e+00 1.554936729519476070e-02 2.591677817790421159e+02
1.500000000000000000e+00 1.865722311538604156e-02 2.586173119438309413e+02
1.750000000000000000e+00 2.176354238215443340e-02 2.579652377608911138e+02
2.000000000000000000e+00 2.486837778216452466e-02 2.572113747104251615e+02
2.250000000000000000e+00 2.797189666270928632e-02 2.563555452460300330e+02
2.500000000000000000e+00 3.107317257827311649e-02 2.553979927191089416e+02
2.750000000000000000e+00 3.417233194842669852e-02 2.543388348026606707e+02
3.000000000000000000e+00 3.726916465658389882e-02 2.531784797376937490e+02
3.250000000000000000e+00 4.036389500671191954e-02 2.519174015963463944e+02
3.500000000000000000e+00 4.345547807842102539e-02 2.505568973173357108e+02
3.750000000000000000e+00 4.654410661318755110e-02 2.490981104041901233e+02
4.000000000000000000e+00 4.962957241530496777e-02 2.475427288734584863e+02
4.250000000000000000e+00 5.271211697653457179e-02 2.458926163420252067e+02
4.500000000000000000e+00 5.579066002409004132e-02 2.441508093281335903e+02
4.750000000000000000e+00 5.886541912709731400e-02 2.423201286803187600e+02
5.000000000000000000e+00 6.193618861762986705e-02 2.404041017442094983e+02
5.250000000000000000e+00 6.500320111802808387e-02 2.384064443637116995e+02
5.500000000000000000e+00 6.806539637865018089e-02 2.363321950394127100e+02
5.750000000000000000e+00 7.112298929269243730e-02 2.341859977503213202e+02
6.000000000000000000e+00 7.417577731262241236e-02 2.319731609794902170e+02
6.250000000000000000e+00 7.722355876378636519e-02 2.296993352260938366e+02
6.500000000000000000e+00 8.026613287987316436e-02 2.273704502043121636e+02
6.750000000000000000e+00 8.330373772570781599e-02 2.249922925161199032e+02
7.000000000000000000e+00 8.633531257400733905e-02 2.225718213353003989e+02
7.250000000000000000e+00 8.936108334298682732e-02 2.201150351026774388e+02
7.500000000000000000e+00 9.238085324093157913e-02 2.176282486633687085e+02
7.750000000000000000e+00 9.539442655720131725e-02 2.151176886091195399e+02
8.000000000000000000e+00 9.840160869573455482e-02 2.125894277146301192e+02
8.250000000000000000e+00 1.014022062081389453e-01 2.100493266508661065e+02
8.500000000000000000e+00 1.043960268264164520e-01 2.075029844573999753e+02
8.750000000000000000e+00 1.073833120171103911e-01 2.049553188427641714e+02
9.000000000000000000e+00 1.103630162356040723e-01 2.024120442386713989e+02
9.250000000000000000e+00 1.133353739156259116e-01 1.998774005926893835e+02
9.500000000000000000e+00 1.163001978250354368e-01 1.973556298952429131e+02
9.750000000000000000e+00 1.192573020697657582e-01 1.948506015197316117e+02
1.000000000000000000e+01 1.222065021240485855e-01 1.923658138390312615e+02
1.025000000000000000e+01 1.251476148601838312e-01 1.899044034035682955e+02
1.050000000000000000e+01 1.280804585778624327e-01 1.874691621937547552e+02
1.075000000000000000e+01 1.310048530330378824e-01 1.850625723214389211e+02
1.100000000000000000e+01 1.339206194662876104e-01 1.826869229747896100e+02
1.125000000000000000e+01 1.368275806307371334e-01 1.803456255835123443e+02
1.150000000000000000e+01 1.397255608194604148e-01 1.791216343555743435e+02
1.175000000000000000e+01 1.426148059664558154e-01 1.789603274621172204e+02
1.200000000000000000e+01 1.454943081487248546e-01 1.787979736866902272e+02
1.225000000000000000e+01 1.483643115026086479e-01 1.786330464243375218e+02
1.250000000000000000e+01 1.512246467426146823e-01 1.784654058233424792e+02
1.275000000000000000e+01 1.540751462528348603e-01 1.782950380572929703e+02
1.300000000000000000e+01 1.569156441112886935e-01 1.781219591160186440e+02
1.325000000000000000e+01 1.597459761137441370e-01 1.779461948811849084e+02
1.350000000000000000e+01 1.625659797969721820e-01 1.777677757153947766e+02
1.375000000000000000e+01 1.653754944614773681e-01 1.775867340977050048e+02
1.400000000000000000e+01 1.681743611936706295e-01 1.774031039310470703e+02
1.425000000000000000e+01 1.709624228874920826e-01 1.772169199985914076e+02
1.450000000000000000e+01 1.737395242654787841e-01 1.770282175461190377e+02
1.475000000000000000e+01 1.765055118992573946e-01 1.768370325118509356e+02
1.500000000000000000e+01 1.792602342294754014e-01 1.766434010561891910e+02
1.525000000000000000e+01 1.820035415851782856e-01 1.764473597763876000e+02
1.550000000000000000e+01 1.847352862026003517e-01 1.762489455624817936e+02
1.575000000000000000e+01 1.874553222433568422e-01 1.760481954952792591e+02
1.600000000000000000e+01 1.901635058121089183e-01 1.758451469109477614e+02
1.625000000000000000e+01 1.928596949735987831e-01 1.756398374044302955e+02
1.650000000000000000e+01 1.955437497691278614e-01 1.754323046800269026e+02
1.675000000000000000e+01 1.982155322324431201e-01 1.752225866227272206e+02
1.700000000000000000e+01 2.008749064050318056e-01 1.750107212105737915e+02
1.725000000000000000e+01 2.035217383508300670e-01 1.747967466570956674e+02
1.750000000000000000e+01 2.061558961703477688e-01 1.745807012352014738e+02
1.775000000000000000e+01 2.087776182639047018e-01 1.743625837143802926e+02
1.800000000000000000e+01 2.113860391145596651e-01 1.741425109648495777e+02
1.825000000000000000e+01 2.139814022813712469e-01 1.739204825062347481e+02
1.850000000000000000e+01 2.165635841411583662e-01 1.736965370918044869e+02
1.875000000000000000e+01 2.191324631691345670e-01 1.734707132558761771e+02
1.900000000000000000e+01 2.216879199494998509e-01 1.732430494029350996e+02
1.925000000000000000e+01 2.242298371853925776e-01 1.730135843890184901e+02
1.950000000000000000e+01 2.267580997082918048e-01 1.727823565975478175e+02
1.975000000000000000e+01 2.292725944868088950e-01 1.725494047034670473e+02
2.000000000000000000e+01 2.317732106349084387e-01 1.723147671724958911e+02
2.025000000000000000e+01 2.342598394195239686e-01 1.720784824919488187e+02
2.050000000000000000e+01 2.367323742676125387e-01 1.718405889967129099e+02
2.075000000000000000e+01 2.391907107726010395e-01 1.716011250866238811e+02
2.100000000000000000e+01 2.416347467002748772e-01 1.713601289587940073e+02
2.125000000000000000e+01 2.440643819940769843e-01 1.711176387096243730e+02
2.150000000000000000e+01 2.464795187798397846e-01 1.708736924141823010e+02
2.175000000000000000e+01 2.488800613699421738e-01 1.706283279411336764e+02
2.200000000000000000e+01 2.512659162669034774e-01 1.703815829696876847e+02
2.225000000000000000e+01 2.536369921663886862e-01 1.701334951418069750e+02
2.250000000000000000e+01 2.559931999597045982e-01 1.698841019542574884e+02
2.275000000000000000e+01 2.583344527356714049e-01 1.696334405743485263e+02
2.300000000000000000e+01 2.606606657820021433e-01 1.693815481293228800e+02
2.325000000000000000e+01 2.629717565860889561e-01 1.691284615091701369e+02
2.350000000000000000e+01 2.652676448352720984e-01 1.688742173552331849e+02
2.375000000000000000e+01 2.675482524165567200e-01 1.686188521465692531e+02
2.400000000000000000e+01 2.698135034157903012e-01 1.683624022153484532e+02
2.425000000000000000e+01 2.720633241163251115e-01 1.681049034710499086e+02
2.450000000000000000e+01 2.742976429971368812e-01 1.678463917409304429e+02
2.475000000000000000e+01 2.765163907304390434e-01 1.675869025274655826e+02
2.500000000000000000e+01 2.787195001787748372e-01 1.673264712378674517e+02
2.525000000000000000e+01 2.809069063915962672e-01 1.670651327335454539e+02
2.550000000000000000e+01 2.830785466013519547e-01 1.668029218130145352e+02
2.575000000000000000e+01 2.852343602190665073e-01 1.665398728982372916e+02
2.600000000000000000e+01 2.873742888294355535e-01 1.662760202214719527e+02
2.625000000000000000e+01 2.894982761854307252e-01 1.660113975451672559e+02
2.650000000000000000e+01 2.916062682024271879e-01 1.657460386269989101e+02
2.675000000000000000e+01 2.936982129518738716e-01 1.654799765263709617e+02
2.700000000000000000e+01 2.957740606544584927e-01 1.652132443837189442e+02
2.725000000000000000e+01 2.978337636728629056e-01 1.649458748072025287e+02
2.750000000000000000e+01 2.998772765040383925e-01 1.646779000224198057e+02
2.775000000000000000e+01 3.019045557710276495e-01 1.644093520282677048e+02
2.800000000000000000e+01 3.039155602143772672e-01 1.641402625204541437e+02
2.825000000000000000e+01 3.059102506830973511e-01 1.638706628734047115e+02
2.850000000000000000e+01 3.078885901252002566e-01 1.636005838296204331e+02
2.875000000000000000e+01 3.098505435778312056e-01 1.633300562229241848e+02
2.900000000000000000e+01 3.117960781569853457e-01 1.630591102258427441e+02
2.925000000000000000e+01 3.137251630468187447e-01 1.627877758902479002e+02
2.950000000000000000e+01 3.156377694885733054e-01 1.625160825419793014e+02
2.975000000000000000e+01 3.175338707691100493e-01 1.622440595789665281e+02
3.000000000000000000e+01 3.194134422090659231e-01 1.619717356538190529e+02
