0.000000000000000000e+00 0.000000000000000000e+00 7.133431580629476230e+02
2.500000000000000000e-01 3.110722903801059393e-03 7.117567205112468400e+02
5.000000000000000000e-01 6.221233216383346629e-03 7.072759834591636263e+02
7.500000000000000000e-01 9.331318763542140876e-03 7.002703336215857917e+02
1.000000000000000000e+00 1.244076744939989418e-02 6.912311547816455004e+02
1.250000000000000000e+00 1.554936729519476070e-02 6.806676228982540806e+02
1.500000000000000000e+00 1.865722311538604156e-02 6.690385025187678139e+02
1.750000000000000000e+00 2.176354238215443340e-02 6.567291817877329549e+02
2.000000000000000000e+00 2.486837778216452466e-02 6.440430105282398472e+02
2.250000000000000000e+00 2.797189666270928632e-02 6.312133820089518395e+02
2.500000000000000000e+00 3.107317257827311649e-02 6.184216990009454094e+02
2.750000000000000000e+00 3.417233194842669852e-02 6.058005933556689797e+02
3.000000000000000000e+00 3.726916465658389882e-02 5.934498448980397143e+02
3.250000000000000000e+00 4.036389500671191954e-02 5.814414695335279930e+02
3.500000000000000000e+00 4.345547807842102539e-02 5.698328867485416822e+02
3.750000000000000000e+00 4.654410661318755110e-02 5.586632290517158026e+02
4.000000000000000000e+00 4.962957241530496777e-02 5.479685415783809503e+02
4.250000000000000000e+00 5.271211697653457179e-02 5.378109768769545553e+02
4.500000000000000000e+00 5.579066002409004132e-02 5.287456654818519155e+02
4.750000000000000000e+00 5.886541912709731400e-02 5.258946904126335085e+02
5.000000000000000000e+00 6.193618861762986705e-02 5.254890162783925689e+02
5.250000000000000000e+00 6.500320111802808387e-02 5.252254131072646715e+02
5.500000000000000000e+00 6.806539637865018089e-02 5.249865697177410766e+02
5.750000000000000000e+00 7.112298929269243730e-02 5.247515301847779483e+02
6.000000000000000000e+00 7.417577731262241236e-02 5.245137837257333331e+02
6.250000000000000000e+00 7.722355876378636519e-02 5.242706952262462892e+02
6.500000000000000000e+00 8.026613287987316436e-02 5.240210302913361602e+02
6.750000000000000000e+00 8.330373772570781599e-02 5.237641243207118578e+02
7.000000000000000000e+00 8.633531257400733905e-02 5.234997236443651900e+02
7.250000000000000000e+00 8.936108334298682732e-02 5.232276274996505663e+02
7.500000000000000000e+00 9.238085324093157913e-02 5.229477651520197696e+02
7.750000000000000000e+00 9.539442655720131725e-02 5.226601243986543750e+02
8.000000000000000000e+00 9.840160869573455482e-02 5.223647311644953106e+02
8.250000000000000000e+00 1.014022062081389453e-01 5.220616371613028832e+02
8.500000000000000000e+00 1.043960268264164520e-01 5.217509127110200779e+02
8.750000000000000000e+00 1.073833120171103911e-01 5.214325939407196984e+02
9.000000000000000000e+00 1.103630162356040723e-01 5.211068673607768460e+02
9.250000000000000000e+00 1.133353739156259116e-01 5.207737894170401205e+02
9.500000000000000000e+00 1.163001978250354368e-01 5.204334680873067782e+02
9.750000000000000000e+00 1.192573020697657582e-01 5.200860165461101587e+02
1.000000000000000000e+01 1.222065021240485855e-01 5.197315518330221948e+02
1.025000000000000000e+01 1.251476148601838312e-01 5.193701948406070414e+02
1.050000000000000000e+01 1.280804585778624327e-01 5.190020693352479384e+02
1.075000000000000000e+01 1.310048530330378824e-01 5.186273015226440748e+02
1.100000000000000000e+01 1.339206194662876104e-01 5.182460197412293610e+02
1.125000000000000000e+01 1.368275806307371334e-01 5.178583544999939932e+02
1.150000000000000000e+01 1.397255608194604148e-01 5.174644375640937142e+02
1.175000000000000000e+01 1.426148059664558154e-01 5.170643416249417896e+02
1.200000000000000000e+01 1.454943081487248546e-01 5.166583206056321842e+02
1.225000000000000000e+01 1.483643115026086479e-01 5.162464513622558115e+02
1.250000000000000000e+01 1.512246467426146823e-01 5.158288699218735474e+02
1.275000000000000000e+01 1.540751462528348603e-01 5.154057134178518709e+02
1.300000000000000000e+01 1.569156441112886935e-01 5.149771193566255079e+02
1.325000000000000000e+01 1.597459761137441370e-01 5.145432255574023657e+02
1.350000000000000000e+01 1.625659797969721820e-01 5.141041702332869363e+02
1.375000000000000000e+01 1.653754944614773681e-01 5.136600916446147949e+02
1.400000000000000000e+01 1.681743611936706295e-01 5.132111280809333493e+02
1.425000000000000000e+01 1.709624228874920826e-01 5.127574178105888905e+02
1.450000000000000000e+01 1.737395242654787841e-01 5.122990988123605121e+02
1.475000000000000000e+01 1.765055118992573946e-01 5.118363088254027957e+02
1.500000000000000000e+01 1.792602342294754014e-01 5.113691851377717512e+02
1.525000000000000000e+01 1.820035415851782856e-01 5.108978646772190473e+02
1.550000000000000000e+01 1.847352862026003517e-01 5.104224836088579309e+02
1.575000000000000000e+01 1.874553222433568422e-01 5.099431774657539336e+02
1.600000000000000000e+01 1.901635058121089183e-01 5.094600813272980986e+02
1.625000000000000000e+01 1.928596949735987831e-01 5.089733289685959789e+02
1.650000000000000000e+01 1.955437497691278614e-01 5.084830534711302334e+02
1.675000000000000000e+01 1.982155322324431201e-01 5.079893870690359563e+02
1.700000000000000000e+01 2.008749064050318056e-01 5.074924607222437771e+02
1.725000000000000000e+01 2.035217383508300670e-01 5.069924042836260583e+02
1.750000000000000000e+01 2.061558961703477688e-01 5.064893466404586775e+02
1.775000000000000000e+01 2.087776182639047018e-01 5.059833370595030715e+02
1.800000000000000000e+01 2.113860391145596651e-01 5.054746571445143104e+02
1.825000000000000000e+01 2.139814022813712469e-01 5.049633542922873630e+02
1.850000000000000000e+01 2.165635841411583662e-01 5.044495521791034776e+02
1.875000000000000000e+01 2.191324631691345670e-01 5.039333724680153637e+02
1.900000000000000000e+01 2.216879199494998509e-01 5.034149355656896319e+02
1.925000000000000000e+01 2.242298371853925776e-01 5.028943604198532284e+02
1.950000000000000000e+01 2.267580997082918048e-01 5.023717642141565420e+02
1.975000000000000000e+01 2.292725944868088950e-01 5.018472623701840121e+02
2.000000000000000000e+01 2.317732106349084387e-01 5.013209690982141069e+02
2.025000000000000000e+01 2.342598394195239686e-01 5.007929963619199611e+02
2.050000000000000000e+01 2.367323742676125387e-01 5.002634545460505251e+02
2.075000000000000000e+01 2.391907107726010395e-01 4.997324525133005864e+02
2.100000000000000000e+01 2.416347467002748772e-01 4.992000970409440015e+02
2.125000000000000000e+01 2.440643819940769843e-01 4.986664932041011866e+02
2.150000000000000000e+01 2.464795187798397846e-01 4.981317439624822327e+02
2.175000000000000000e+01 2.488800613699421738e-01 4.975959510398191696e+02
2.200000000000000000e+01 2.512659162669034774e-01 4.970592137265789461e+02
2.225000000000000000e+01 2.536369921663886862e-01 4.965216294807325426e+02
2.250000000000000000e+01 2.559931999597045982e-01 4.959832941482130764e+02
2.275000000000000000e+01 2.583344527356714049e-01 4.954443014488393260e+02
2.300000000000000000e+01 2.606606657820021433e-01 4.949047430435114165e+02
2.325000000000000000e+01 2.629717565860889561e-01 4.943647089555027492e+02
2.350000000000000000e+01 2.652676448352720984e-01 4.938242871262000904e+02
2.375000000000000000e+01 2.675482524165567200e-01 4.932835637331249927e+02
2.400000000000000000e+01 2.698135034157903012e-01 4.927426225327579914e+02
2.425000000000000000e+01 2.720633241163251115e-01 4.922015460125042523e+02
2.450000000000000000e+01 2.742976429971368812e-01 4.916604141188593076e+02
2.475000000000000000e+01 2.765163907304390434e-01 4.911193053465321441e+02
2.500000000000000000e+01 2.787195001787748372e-01 4.905782960951727887e+02
2.525000000000000000e+01 2.809069063915962672e-01 4.900374606174116821e+02
2.550000000000000000e+01 2.830785466013519547e-01 4.894968717555302646e+02
2.575000000000000000e+01 2.852343602190665073e-01 4.889566000159264831e+02
2.600000000000000000e+01 2.873742888294355535e-01 4.884167142483752286e+02
2.625000000000000000e+01 2.894982761854307252e-01 4.878772813254158791e+02
2.650000000000000000e+01 2.916062682024271879e-01 4.873383664888808084e+02
2.675000000000000000e+01 2.936982129518738716e-01 4.868000327697805574e+02
2.700000000000000000e+01 2.957740606544584927e-01 4.862623417812325783e+02
2.725000000000000000e+01 2.978337636728629056e-01 4.857253529706175641e+02
2.750000000000000000e+01 2.998772765040383925e-01 4.851891243866484729e+02
2.775000000000000000e+01 3.019045557710276495e-01 4.846537117836570587e+02
2.800000000000000000e+01 3.039155602143772672e-01 4.841191699249282578e+02
2.825000000000000000e+01 3.059102506830973511e-01 4.835855510508768589e+02
2.850000000000000000e+01 3.078885901252002566e-01 4.830529063610463822e+02
2.875000000000000000e+01 3.098505435778312056e-01 4.825212847796873916e+02
2.900000000000000000e+01 3.117960781569853457e-01 4.819907340972264365e+02
2.925000000000000000e+01 3.137251630468187447e-01 4.814613002012662264e+02
2.950000000000000000e+01 3.156377694885733054e-01 4.809330273597662426e+02
2.975000000000000000e+01 3.175338707691100493e-01 4.804059584173814983e+02
3.000000000000000000e+01 3.194134422090659231e-01 4.798801345132578717e+02
