0.000000000000000000e+00 0.000000000000000000e+00 5.272561137270561176e+02
2.500000000000000000e-01 3.110722903801059393e-03 5.272512305121987310e+02
5.000000000000000000e-01 6.221233216383346629e-03 5.272360227069584653e+02
7.500000000000000000e-01 9.331318763542140876e-03 5.272105024195066107e+02
1.000000000000000000e+00 1.244076744939989418e-02 5.271746739326517854e+02
1.250000000000000000e+00 1.554936729519476070e-02 5.271285315287523190e+02
1.500000000000000000e+00 1.865722311538604156e-02 5.270720504507015676e+02
1.750000000000000000e+00 2.176354238215443340e-02 5.270052040164671325e+02
2.000000000000000000e+00 2.486837778216452466e-02 5.269279234705992394e+02
2.250000000000000000e+00 2.797189666270928632e-02 5.268400897555123947e+02
2.500000000000000000e+00 3.107317257827311649e-02 5.267415446451408343e+02
2.750000000000000000e+00 3.417233194842669852e-02 5.266319799687794330e+02
3.000000000000000000e+00 3.726916465658389882e-02 5.265108766245389234e+02
3.250000000000000000e+00 4.036389500671191954e-02 5.263772637298142172e+02
3.500000000000000000e+00 4.345547807842102539e-02 5.262292821227297281e+02
3.750000000000000000e+00 4.654410661318755110e-02 5.260626257883681092e+02
4.000000000000000000e+00 4.962957241530496777e-02 5.258653386549473225e+02
4.250000000000000000e+00 5.271211697653457179e-02 5.255882035836727937e+02
4.500000000000000000e+00 5.579066002409004132e-02 5.246858721398323269e+02
4.750000000000000000e+00 5.886541912709731400e-02 5.180355909798302037e+02
5.000000000000000000e+00 6.193618861762986705e-02 5.094024283351945428e+02
5.250000000000000000e+00 6.500320111802808387e-02 5.010806791471322867e+02
5.500000000000000000e+00 6.806539637865018089e-02 4.931793471975935859e+02
5.750000000000000000e+00 7.112298929269243730e-02 4.857051522616862940e+02
6.000000000000000000e+00 7.417577731262241236e-02 4.786497887270483602e+02
6.250000000000000000e+00 7.722355876378636519e-02 4.719997407764543595e+02
6.500000000000000000e+00 8.026613287987316436e-02 4.657391363764498351e+02
6.750000000000000000e+00 8.330373772570781599e-02 4.598500375716550934e+02
7.000000000000000000e+00 8.633531257400733905e-02 4.543163453814118498e+02
7.250000000000000000e+00 8.936108334298682732e-02 4.491191543145710057e+02
7.500000000000000000e+00 9.238085324093157913e-02 4.442403873375383228e+02
7.750000000000000000e+00 9.539442655720131725e-02 4.396621529554836911e+02
8.000000000000000000e+00 9.840160869573455482e-02 4.353669059144611992e+02
8.250000000000000000e+00 1.014022062081389453e-01 4.313375736279124908e+02
8.500000000000000000e+00 1.043960268264164520e-01 4.275576548383324393e+02
8.750000000000000000e+00 1.073833120171103911e-01 4.240107997139391500e+02
9.000000000000000000e+00 1.103630162356040723e-01 4.206828618042806625e+02
9.250000000000000000e+00 1.133353739156259116e-01 4.175589063952892843e+02
9.500000000000000000e+00 1.163001978250354368e-01 4.146252699153598655e+02
9.750000000000000000e+00 1.192573020697657582e-01 4.118690525748094728e+02
1.000000000000000000e+01 1.222065021240485855e-01 4.092781146020886354e+02
1.025000000000000000e+01 1.251476148601838312e-01 4.068410638534281247e+02
1.050000000000000000e+01 1.280804585778624327e-01 4.045472362288063550e+02
1.075000000000000000e+01 1.310048530330378824e-01 4.023866704965595318e+02
1.100000000000000000e+01 1.339206194662876104e-01 4.003500792159910020e+02
1.125000000000000000e+01 1.368275806307371334e-01 3.984288168053071217e+02
1.150000000000000000e+01 1.397255608194604148e-01 3.966148458247947701e+02
1.175000000000000000e+01 1.426148059664558154e-01 3.949004707325544814e+02
1.200000000000000000e+01 1.454943081487248546e-01 3.932792401804545648e+02
1.225000000000000000e+01 1.483643115026086479e-01 3.917444908656635789e+02
1.250000000000000000e+01 1.512246467426146823e-01 3.902902728695459018e+02
1.275000000000000000e+01 1.540751462528348603e-01 3.889110746717120151e+02
1.300000000000000000e+01 1.569156441112886935e-01 3.876017920057693686e+02
1.325000000000000000e+01 1.597459761137441370e-01 3.863576983677230601e+02
1.350000000000000000e+01 1.625659797969721820e-01 3.851744170634594866e+02
1.375000000000000000e+01 1.653754944614773681e-01 3.840478949726018527e+02
1.400000000000000000e+01 1.681743611936706295e-01 3.829743779525707623e+02
1.425000000000000000e+01 1.709624228874920826e-01 3.819503878987197822e+02
1.450000000000000000e+01 1.737395242654787841e-01 3.809727014376707643e+02
1.475000000000000000e+01 1.765055118992573946e-01 3.800383301412123842e+02
1.500000000000000000e+01 1.792602342294754014e-01 3.791445021969026357e+02
1.525000000000000000e+01 1.820035415851782856e-01 3.782886454799547664e+02
1.550000000000000000e+01 1.847352862026003517e-01 3.774683719975472513e+02
1.575000000000000000e+01 1.874553222433568422e-01 3.766814634331078651e+02
1.600000000000000000e+01 1.901635058121089183e-01 3.759258579761165606e+02
1.625000000000000000e+01 1.928596949735987831e-01 3.751996380994851279e+02
1.650000000000000000e+01 1.955437497691278614e-01 3.745010193945180959e+02
1.675000000000000000e+01 1.982155322324431201e-01 3.738283402367111989e+02
1.700000000000000000e+01 2.008749064050318056e-01 3.731800524291485317e+02
1.725000000000000000e+01 2.035217383508300670e-01 3.725547124267471872e+02
1.750000000000000000e+01 2.061558961703477688e-01 3.719509734217747337e+02
1.775000000000000000e+01 2.087776182639047018e-01 3.713675250678406314e+02
1.800000000000000000e+01 2.113860391145596651e-01 3.708033019710681515e+02
1.825000000000000000e+01 2.139814022813712469e-01 3.702571495196135061e+02
1.850000000000000000e+01 2.165635841411583662e-01 3.697280403995658276e+02
1.875000000000000000e+01 2.191324631691345670e-01 3.692150129272544632e+02
1.900000000000000000e+01 2.216879199494998509e-01 3.687171662733234712e+02
1.925000000000000000e+01 2.242298371853925776e-01 3.682336560336192406e+02
1.950000000000000000e+01 2.267580997082918048e-01 3.677636901949462072e+02
1.975000000000000000e+01 2.292725944868088950e-01 3.673065253866800504e+02
2.000000000000000000e+01 2.317732106349084387e-01 3.668614634553121050e+02
2.025000000000000000e+01 2.342598394195239686e-01 3.664278482828802339e+02
2.050000000000000000e+01 2.367323742676125387e-01 3.660050628814790912e+02
2.075000000000000000e+01 2.391907107726010395e-01 3.655925266959337705e+02
2.100000000000000000e+01 2.416347467002748772e-01 3.651896930872372877e+02
2.125000000000000000e+01 2.440643819940769843e-01 3.647960470919226736e+02
2.150000000000000000e+01 2.464795187798397846e-01 3.644111032425669805e+02
2.175000000000000000e+01 2.488800613699421738e-01 3.640344036535647660e+02
2.200000000000000000e+01 2.512659162669034774e-01 3.636655161650662649e+02
2.225000000000000000e+01 2.536369921663886862e-01 3.633040326949473524e+02
2.250000000000000000e+01 2.559931999597045982e-01 3.629495676558956347e+02
2.275000000000000000e+01 2.583344527356714049e-01 3.626017565513357681e+02
2.300000000000000000e+01 2.606606657820021433e-01 3.622602545856888128e+02
2.325000000000000000e+01 2.629717565860889561e-01 3.619247354548804196e+02
2.350000000000000000e+01 2.652676448352720984e-01 3.615948901997065263e+02
2.375000000000000000e+01 2.675482524165567200e-01 3.612704261104510124e+02
2.400000000000000000e+01 2.698135034157903012e-01 3.609510657602568244e+02
2.425000000000000000e+01 2.720633241163251115e-01 3.606365460542214691e+02
2.450000000000000000e+01 2.742976429971368812e-01 3.603266173686810134e+02
2.475000000000000000e+01 2.765163907304390434e-01 3.600210427645059212e+02
2.500000000000000000e+01 2.787195001787748372e-01 3.597195972318041868e+02
2.525000000000000000e+01 2.809069063915962672e-01 3.594220669846388319e+02
2.550000000000000000e+01 2.830785466013519547e-01 3.591282488267709709e+02
2.575000000000000000e+01 2.852343602190665073e-01 3.588379495207244645e+02
2.600000000000000000e+01 2.873742888294355535e-01 3.585509852490617959e+02
2.625000000000000000e+01 2.894982761854307252e-01 3.582671810524753369e+02
2.650000000000000000e+01 2.916062682024271879e-01 3.579863703676387559e+02
2.675000000000000000e+01 2.936982129518738716e-01 3.577083945287822644e+02
2.700000000000000000e+01 2.957740606544584927e-01 3.574331023696352645e+02
2.725000000000000000e+01 2.978337636728629056e-01 3.571603497701478318e+02
2.750000000000000000e+01 2.998772765040383925e-01 3.568899993289386998e+02
2.775000000000000000e+01 3.019045557710276495e-01 3.566219199731635285e+02
2.800000000000000000e+01 3.039155602143772672e-01 3.563559866227404882e+02
2.825000000000000000e+01 3.059102506830973511e-01 3.560920798809956409e+02
2.850000000000000000e+01 3.078885901252002566e-01 3.558300857598640050e+02
2.875000000000000000e+01 3.098505435778312056e-01 3.555698953548146619e+02
2.900000000000000000e+01 3.117960781569853457e-01 3.553114046378315152e+02
2.925000000000000000e+01 3.137251630468187447e-01 3.550545141766086203e+02
2.950000000000000000e+01 3.156377694885733054e-01 3.547991289071094343e+02
2.975000000000000000e+01 3.175338707691100493e-01 3.545451579337765793e+02
3.000000000000000000e+01 3.194134422090659231e-01 3.542925143110389286e+02
