0.000000000000000000e+00 0.000000000000000000e+00 2.680324251002518281e+02
1.716750000000000220e+00 1.902147397604864176e-02 2.661501345363213318e+02
3.433500000000000441e+00 3.800332558533851823e-02 2.604457442505171230e+02
5.150250000000000661e+00 5.690608442089639674e-02 2.509808763921526804e+02
6.867000000000000881e+00 7.569058347827543887e-02 2.382141873218278931e+02
8.583750000000000213e+00 9.431810835752131583e-02 2.231899526557056390e+02
1.030050000000000132e+01 1.126516999415886899e-01 2.073411638858578385e+02
1.201725000000000065e+01 1.306113339803728624e-01 1.929775547763828740e+02
1.373400000000000176e+01 1.483047124059269084e-01 1.928643751996064282e+02
1.545075000000000109e+01 1.656243549671696236e-01 1.928603773296157442e+02
1.716750000000000043e+01 1.825348766944624168e-01 1.928590143494399172e+02
1.888425000000000153e+01 1.990683420406126614e-01 1.928583381861937767e+02
2.060100000000000264e+01 2.150572574226933265e-01 1.928579445165412665e+02
2.231775000000000020e+01 2.305459701192800470e-01 1.928576911234414695e+02
2.403450000000000131e+01 2.455693742796093981e-01 1.928575171215736361e+02
2.575125000000000242e+01 2.599758216732471761e-01 1.928573943757750726e+02
2.746800000000000352e+01 2.738743206541214281e-01 1.928573042841681797e+02
2.918475000000000108e+01 2.871878851715259917e-01 1.928572376211594985e+02
3.090150000000000219e+01 2.998265675641078043e-01 1.928571886653229797e+02
3.261824999999999619e+01 3.119208550110125211e-01 1.928571518345500238e+02
3.433500000000000085e+01 3.233961080098284313e-01 1.928571248587908826e+02
