0.000000000000000000e+00 0.000000000000000000e+00 2.552811251485588286e+02
1.716750000000000220e+00 2.128587714702587924e-02 2.530544514118228108e+02
3.433500000000000441e+00 4.251645455645166466e-02 2.463026325239861478e+02
5.150250000000000661e+00 6.363669589108296443e-02 2.352181409799071901e+02
6.867000000000000881e+00 8.459209209016520237e-02 2.206454909727949030e+02
8.583750000000000213e+00 1.052488457559127843e-01 2.042094022497539356e+02
1.030050000000000132e+01 1.255624158255897738e-01 1.876359772327732287e+02
1.201725000000000065e+01 1.453973644462772663e-01 1.775124588086164295e+02
1.373400000000000176e+01 1.648417599425534008e-01 1.762182645894028781e+02
1.545075000000000109e+01 1.837775919827752125e-01 1.748372719312916672e+02
1.716750000000000043e+01 2.022257671348339503e-01 1.733458241976095167e+02
1.888425000000000153e+01 2.200020840789277954e-01 1.717583272509922381e+02
2.060100000000000264e+01 2.371417839864090604e-01 1.700854655570072964e+02
2.231775000000000020e+01 2.536771075303819734e-01 1.683378005885837467e+02
2.403450000000000131e+01 2.694376047984622935e-01 1.665335639488328354e+02
2.575125000000000242e+01 2.845398946938237916e-01 1.646796759353212565e+02
2.746800000000000352e+01 2.988228072096842380e-01 1.627940597233175879e+02
2.918475000000000108e+01 3.124081424659314599e-01 1.608816930392454765e+02
3.090150000000000219e+01 3.252198466101526853e-01 1.589557365818017445e+02
3.261824999999999619e+01 3.371770302527549723e-01 1.570296510707538573e+02
3.433500000000000085e+01 3.484168094270669314e-01 1.551044975833089268e+02
