0.000000000000000000e+00 0.000000000000000000e+00 1.821198947920885018e+02
1.716750000000000220e+00 2.128587714702587924e-02 1.816722612036753617e+02
3.433500000000000441e+00 4.251645455645166466e-02 1.813967299938827864e+02
5.150250000000000661e+00 6.363669589108296443e-02 1.809398109180383756e+02
6.867000000000000881e+00 8.459209209016520237e-02 1.803055747324032438e+02
8.583750000000000213e+00 1.052488457559127843e-01 1.794995405569917182e+02
1.030050000000000132e+01 1.255624158255897738e-01 1.785141309737229562e+02
1.201725000000000065e+01 1.453973644462772663e-01 1.720009753965392179e+02
1.373400000000000176e+01 1.648417599425534008e-01 1.580631463474747704e+02
1.545075000000000109e+01 1.837775919827752125e-01 1.457770852389348306e+02
1.716750000000000043e+01 2.022257671348339503e-01 1.350506496392309259e+02
1.888425000000000153e+01 2.200020840789277954e-01 1.257586581213655421e+02
2.060100000000000264e+01 2.371417839864090604e-01 1.176782496424852553e+02
2.231775000000000020e+01 2.536771075303819734e-01 1.106125737069654775e+02
2.403450000000000131e+01 2.694376047984622935e-01 1.044444403179823553e+02
2.575125000000000242e+01 2.845398946938237916e-01 9.900522082955474445e+01
2.746800000000000352e+01 2.988228072096842380e-01 9.421742448068279430e+01
2.918475000000000108e+01 3.124081424659314599e-01 8.995932761985396553e+01
3.090150000000000219e+01 3.252198466101526853e-01 8.616905997512888860e+01
3.261824999999999619e+01 3.371770302527549723e-01 8.279579478479095656e+01
3.433500000000000085e+01 3.484168094270669314e-01 7.976147959042687319e+01
