0.000000000000000000e+00 0.000000000000000000e+00 5.201307922821929424e+02
1.716750000000000220e+00 2.128587714702587924e-02 5.192615150696127557e+02
3.433500000000000441e+00 4.251645455645166466e-02 5.184955559772222387e+02
5.150250000000000661e+00 6.363669589108296443e-02 5.093291952908801932e+02
6.867000000000000881e+00 8.459209209016520237e-02 4.602501283584310272e+02
8.583750000000000213e+00 1.052488457559127843e-01 4.276249547454311255e+02
1.030050000000000132e+01 1.255624158255897738e-01 4.063846251652513502e+02
1.201725000000000065e+01 1.453973644462772663e-01 3.923496238581490161e+02
1.373400000000000176e+01 1.648417599425534008e-01 3.826570705355741211e+02
1.545075000000000109e+01 1.837775919827752125e-01 3.757071508018628947e+02
1.716750000000000043e+01 2.022257671348339503e-01 3.704764355923432504e+02
1.888425000000000153e+01 2.200020840789277954e-01 3.664219389864783807e+02
2.060100000000000264e+01 2.371417839864090604e-01 3.631328891475091041e+02
2.231775000000000020e+01 2.536771075303819734e-01 3.603485081871319267e+02
2.403450000000000131e+01 2.694376047984622935e-01 3.579534262860669287e+02
2.575125000000000242e+01 2.845398946938237916e-01 3.557976006775837732e+02
2.746800000000000352e+01 2.988228072096842380e-01 3.538450699628961047e+02
2.918475000000000108e+01 3.124081424659314599e-01 3.520056506167577481e+02
3.090150000000000219e+01 3.252198466101526853e-01 3.502581740314195713e+02
3.261824999999999619e+01 3.371770302527549723e-01 3.485930742917688008e+02
3.433500000000000085e+01 3.484168094270669314e-01 3.469537060763045133e+02
