0.000000000000000000e+00 0.000000000000000000e+00 2.769267211008511964e+01
1.716750000000000220e+00 2.128587714702587924e-02 2.762895269786170971e+01
3.433500000000000441e+00 4.251645455645166466e-02 2.763522648376628865e+01
5.150250000000000661e+00 6.363669589108296443e-02 2.764564281359720610e+01
6.867000000000000881e+00 8.459209209016520237e-02 2.766020015855977476e+01
8.583750000000000213e+00 1.052488457559127843e-01 2.767886449276249650e+01
1.030050000000000132e+01 1.255624158255897738e-01 2.770161666406890788e+01
1.201725000000000065e+01 1.453973644462772663e-01 2.772838550619727727e+01
1.373400000000000176e+01 1.648417599425534008e-01 2.775921378506302162e+01
1.545075000000000109e+01 1.837775919827752125e-01 2.779403418068401166e+01
1.716750000000000043e+01 2.022257671348339503e-01 2.783286711059898622e+01
1.888425000000000153e+01 2.200020840789277954e-01 2.787555499530568781e+01
2.060100000000000264e+01 2.371417839864090604e-01 2.792210876623183324e+01
2.231775000000000020e+01 2.536771075303819734e-01 2.797256104627794926e+01
2.403450000000000131e+01 2.694376047984622935e-01 2.802669523600894763e+01
2.575125000000000242e+01 2.845398946938237916e-01 2.808463942340733155e+01
2.746800000000000352e+01 2.988228072096842380e-01 2.814613148998707359e+01
2.918475000000000108e+01 3.124081424659314599e-01 2.821132949355596153e+01
3.090150000000000219e+01 3.252198466101526853e-01 2.828007326035494984e+01
3.261824999999999619e+01 3.371770302527549723e-01 2.835212954152121512e+01
3.433500000000000085e+01 3.484168094270669314e-01 2.842773177231444848e+01
