5.787129121030745038e-05 7.132125999999999522e+02
2.315585318556522736e-04 7.132028000000000247e+02
5.212818216458189402e-04 7.131671000000000049e+02
9.274067934629685915e-04 7.130759000000000469e+02
1.450444606685509941e-03 7.128882999999999583e+02
2.091050044977461973e-03 7.125512999999999693e+02
2.850024991378182285e-03 7.120005999999999631e+02
3.728309447262971414e-03 7.111616999999999962e+02
4.726987293921899175e-03 7.099510000000000218e+02
5.847281291601505275e-03 7.082785999999999831e+02
7.090547080286207365e-03 7.060513999999999442e+02
8.465675914178689976e-03 7.031603000000000065e+02
9.963104685783498102e-03 6.995415000000000418e+02
1.158866498104092757e-02 6.951115999999999531e+02
1.334484037817008743e-02 6.898084000000000060e+02
1.523379392153060251e-02 6.835901999999999816e+02
1.725778746616404846e-02 6.764361000000000104e+02
1.941918168345035597e-02 6.683479999999999563e+02
2.172042600763857828e-02 6.593491999999999962e+02
2.416410844566897406e-02 6.494827999999999975e+02
2.675285591595555693e-02 6.388102999999999838e+02
2.948938402352021051e-02 6.274080000000000155e+02
3.237645718605803441e-02 6.153654999999999973e+02
3.541687878877902707e-02 6.027835000000000036e+02
3.861343084970015466e-02 5.897734000000000378e+02
4.207514508164962586e-02 5.760424000000000433e+02
4.561110650100033692e-02 5.625258000000000038e+02
4.931397708866935153e-02 5.491180000000000518e+02
5.318612603978506437e-02 5.367190000000000509e+02
5.723025946549432919e-02 5.297069000000000187e+02
6.144866608617736981e-02 5.279950000000000045e+02
6.584341280984629119e-02 5.272595999999999776e+02
7.041626743335205330e-02 5.267155000000000200e+02
7.520969896584382697e-02 5.262105000000000246e+02
8.014843641744465175e-02 5.257060000000000173e+02
8.526836924070288481e-02 5.251776999999999589e+02
9.056928115777673760e-02 5.246141999999999825e+02
9.605021894206844379e-02 5.240081999999999880e+02
1.017098675905664801e-01 5.233541999999999916e+02
1.075451596952494010e-01 5.226476000000000113e+02
1.135529297887592215e-01 5.218846999999999525e+02
1.197289708965412897e-01 5.210620000000000118e+02
1.260679820339969948e-01 5.201767999999999574e+02
1.325636682094387120e-01 5.192265999999999622e+02
1.392094301168199377e-01 5.182091000000000349e+02
1.459956058877495133e-01 5.171227999999999838e+02
1.529134116648915576e-01 5.159664999999999964e+02
1.599525794089289854e-01 5.147395000000000209e+02
1.671017491012295464e-01 5.134415000000000191e+02
1.743487669921651162e-01 5.120729000000000042e+02
1.816809850696111117e-01 5.106344000000000278e+02
1.890847626129744941e-01 5.091274999999999977e+02
1.965461635294827314e-01 5.075541999999999803e+02
2.040510554507187213e-01 5.059168000000000234e+02
2.115848106999001499e-01 5.042182000000000244e+02
2.191344723835826069e-01 5.024612999999999943e+02
2.266827756542118266e-01 5.006506999999999721e+02
2.342169688710292186e-01 4.987900000000000205e+02
2.417233280792516759e-01 4.968833999999999946e+02
2.491886281186910801e-01 4.949354999999999905e+02
