5.787129121030745038e-05 2.791819999999999879e+01
2.315585318556522736e-04 2.791831000000000174e+01
5.212818216458189402e-04 2.791850000000000165e+01
9.274067934629685915e-04 2.791876999999999853e+01
1.450444606685509941e-03 2.791911999999999949e+01
2.091050044977461973e-03 2.791953000000000173e+01
2.850024991378182285e-03 2.792003000000000057e+01
3.728309447262971414e-03 2.792059000000000069e+01
4.726987293921899175e-03 2.792122000000000170e+01
5.847281291601505275e-03 2.792192999999999969e+01
7.090547080286207365e-03 2.792268999999999934e+01
8.465675914178689976e-03 2.792352999999999952e+01
9.963104685783498102e-03 2.792442000000000135e+01
1.158866498104092757e-02 2.792536000000000129e+01
1.334484037817008743e-02 2.792635999999999896e+01
1.523379392153060251e-02 2.792740999999999829e+01
1.725778746616404846e-02 2.792849000000000004e+01
1.941918168345035597e-02 2.792961999999999989e+01
2.172042600763857828e-02 2.793077999999999861e+01
2.416410844566897406e-02 2.793196000000000012e+01
2.675285591595555693e-02 2.793315000000000126e+01
2.948938402352021051e-02 2.793434999999999846e+01
3.237645718605803441e-02 2.793553999999999959e+01
3.541687878877902707e-02 2.793673000000000073e+01
3.861343084970015466e-02 2.793789999999999907e+01
4.207514508164962586e-02 2.793913999999999831e+01
4.561110650100033692e-02 2.794022999999999968e+01
4.931397708866935153e-02 2.794125999999999976e+01
5.318612603978506437e-02 2.794219999999999970e+01
5.723025946549432919e-02 2.794304999999999950e+01
6.144866608617736981e-02 2.794377000000000066e+01
6.584341280984629119e-02 2.794435999999999964e+01
7.041626743335205330e-02 2.794478000000000151e+01
7.520969896584382697e-02 2.794503999999999877e+01
8.014843641744465175e-02 2.794504999999999839e+01
8.526836924070288481e-02 2.794481999999999999e+01
9.056928115777673760e-02 2.794429999999999836e+01
9.605021894206844379e-02 2.794347000000000136e+01
1.017098675905664801e-01 2.794228999999999985e+01
1.075451596952494010e-01 2.794072999999999851e+01
1.135529297887592215e-01 2.793873999999999924e+01
1.197289708965412897e-01 2.793627000000000038e+01
1.260679820339969948e-01 2.793329999999999913e+01
1.325636682094387120e-01 2.792976000000000170e+01
1.392094301168199377e-01 2.792561999999999856e+01
1.459956058877495133e-01 2.792082999999999871e+01
1.529134116648915576e-01 2.791534000000000049e+01
1.599525794089289854e-01 2.790910999999999831e+01
1.671017491012295464e-01 2.790209000000000117e+01
1.743487669921651162e-01 2.789422000000000068e+01
1.816809850696111117e-01 2.788545999999999836e+01
1.890847626129744941e-01 2.787576999999999927e+01
1.965461635294827314e-01 2.786511000000000138e+01
2.040510554507187213e-01 2.785342999999999947e+01
2.115848106999001499e-01 2.784068999999999861e+01
2.191344723835826069e-01 2.782685999999999993e+01
2.266827756542118266e-01 2.781191000000000102e+01
2.342169688710292186e-01 2.779579999999999984e+01
2.417233280792516759e-01 2.777851000000000070e+01
2.491886281186910801e-01 2.776001000000000118e+01
