5.787129121030745038e-05 1.847762999999999920e+02
2.315585318556522736e-04 1.847763999999999953e+02
5.212818216458189402e-04 1.847764999999999986e+02
9.274067934629685915e-04 1.847767000000000053e+02
1.450444606685509941e-03 1.847768000000000086e+02
2.091050044977461973e-03 1.847769000000000119e+02
2.850024991378182285e-03 1.847768000000000086e+02
3.728309447262971414e-03 1.847766000000000020e+02
4.726987293921899175e-03 1.847761999999999887e+02
5.847281291601505275e-03 1.847753999999999905e+02
7.090547080286207365e-03 1.847741000000000042e+02
8.465675914178689976e-03 1.847723000000000013e+02
9.963104685783498102e-03 1.847699000000000069e+02
1.158866498104092757e-02 1.847666000000000111e+02
1.334484037817008743e-02 1.847624000000000137e+02
1.523379392153060251e-02 1.847570000000000050e+02
1.725778746616404846e-02 1.847503000000000100e+02
1.941918168345035597e-02 1.847420999999999935e+02
2.172042600763857828e-02 1.847321000000000026e+02
2.416410844566897406e-02 1.847201000000000022e+02
2.675285591595555693e-02 1.847059000000000140e+02
2.948938402352021051e-02 1.846890999999999963e+02
3.237645718605803441e-02 1.846693999999999960e+02
3.541687878877902707e-02 1.846465000000000032e+02
3.861343084970015466e-02 1.846200000000000045e+02
4.207514508164962586e-02 1.845885000000000105e+02
4.561110650100033692e-02 1.845533000000000072e+02
4.931397708866935153e-02 1.845131000000000085e+02
5.318612603978506437e-02 1.844672999999999945e+02
5.723025946549432919e-02 1.844154000000000053e+02
6.144866608617736981e-02 1.843568999999999960e+02
6.584341280984629119e-02 1.842908999999999935e+02
7.041626743335205330e-02 1.842168000000000063e+02
7.520969896584382697e-02 1.841330000000000098e+02
8.014843641744465175e-02 1.840399999999999920e+02
8.526836924070288481e-02 1.839360000000000070e+02
9.056928115777673760e-02 1.838197999999999865e+02
9.605021894206844379e-02 1.836902000000000044e+02
1.017098675905664801e-01 1.835451999999999941e+02
1.075451596952494010e-01 1.833824999999999932e+02
1.135529297887592215e-01 1.831988000000000056e+02
1.197289708965412897e-01 1.829887999999999977e+02
1.260679820339969948e-01 1.827433000000000050e+02
1.325636682094387120e-01 1.824433999999999969e+02
1.392094301168199377e-01 1.820439000000000078e+02
1.459956058877495133e-01 1.814060000000000059e+02
1.529134116648915576e-01 1.800149000000000115e+02
1.599525794089289854e-01 1.768772999999999911e+02
1.671017491012295464e-01 1.724944999999999879e+02
1.743487669921651162e-01 1.677972000000000037e+02
1.816809850696111117e-01 1.630866000000000042e+02
1.890847626129744941e-01 1.584593999999999880e+02
1.965461635294827314e-01 1.539578999999999951e+02
2.040510554507187213e-01 1.496039000000000101e+02
2.115848106999001499e-01 1.454102000000000032e+02
2.191344723835826069e-01 1.413824999999999932e+02
2.266827756542118266e-01 1.375255999999999972e+02
2.342169688710292186e-01 1.338388999999999953e+02
2.417233280792516759e-01 1.303206000000000131e+02
2.491886281186910801e-01 1.269672999999999945e+02
