5.787129121030745038e-05 2.615237999999999943e+02
2.315585318556522736e-04 2.615239000000000260e+02
5.212818216458189402e-04 2.615235000000000127e+02
9.274067934629685915e-04 2.615219000000000165e+02
1.450444606685509941e-03 2.615183000000000106e+02
2.091050044977461973e-03 2.615111999999999739e+02
2.850024991378182285e-03 2.614993000000000052e+02
3.728309447262971414e-03 2.614805000000000064e+02
4.726987293921899175e-03 2.614526000000000181e+02
5.847281291601505275e-03 2.614132000000000176e+02
7.090547080286207365e-03 2.613593000000000188e+02
8.465675914178689976e-03 2.612871999999999844e+02
9.963104685783498102e-03 2.611936999999999784e+02
1.158866498104092757e-02 2.610745999999999754e+02
1.334484037817008743e-02 2.609252000000000180e+02
1.523379392153060251e-02 2.607402000000000157e+02
1.725778746616404846e-02 2.605140999999999849e+02
1.941918168345035597e-02 2.602402999999999906e+02
2.172042600763857828e-02 2.599119999999999777e+02
2.416410844566897406e-02 2.595212999999999965e+02
2.675285591595555693e-02 2.590597999999999956e+02
2.948938402352021051e-02 2.585178000000000225e+02
3.237645718605803441e-02 2.578851999999999975e+02
3.541687878877902707e-02 2.571503000000000156e+02
3.861343084970015466e-02 2.563007999999999811e+02
4.207514508164962586e-02 2.552897000000000105e+02
4.561110650100033692e-02 2.541590999999999951e+02
4.931397708866935153e-02 2.528669999999999902e+02
5.318612603978506437e-02 2.513961999999999932e+02
5.723025946549432919e-02 2.497283999999999935e+02
6.144866608617736981e-02 2.478448999999999955e+02
6.584341280984629119e-02 2.457271000000000072e+02
7.041626743335205330e-02 2.433568999999999960e+02
7.520969896584382697e-02 2.406940999999999917e+02
8.014843641744465175e-02 2.377684999999999889e+02
8.526836924070288481e-02 2.345516000000000076e+02
9.056928115777673760e-02 2.310401999999999987e+02
9.605021894206844379e-02 2.272384999999999877e+02
1.017098675905664801e-01 2.231579999999999870e+02
1.075451596952494010e-01 2.188201999999999998e+02
1.135529297887592215e-01 2.142544000000000040e+02
1.197289708965412897e-01 2.094988999999999919e+02
1.260679820339969948e-01 2.046013000000000090e+02
1.325636682094387120e-01 1.996220999999999890e+02
1.392094301168199377e-01 1.946487999999999943e+02
1.459956058877495133e-01 1.898631000000000029e+02
1.529134116648915576e-01 1.858192999999999984e+02
1.599525794089289854e-01 1.835465000000000089e+02
1.671017491012295464e-01 1.825750999999999920e+02
1.743487669921651162e-01 1.820013999999999896e+02
1.816809850696111117e-01 1.815464000000000055e+02
1.890847626129744941e-01 1.811306999999999903e+02
1.965461635294827314e-01 1.807258999999999958e+02
2.040510554507187213e-01 1.803192999999999984e+02
2.115848106999001499e-01 1.799047999999999945e+02
2.191344723835826069e-01 1.794790000000000134e+02
2.266827756542118266e-01 1.790403000000000020e+02
2.342169688710292186e-01 1.785876000000000090e+02
2.417233280792516759e-01 1.781204999999999927e+02
2.491886281186910801e-01 1.776390000000000100e+02
