5.787129121030745038e-05 5.289615000000000009e+02
2.315585318556522736e-04 5.289610000000000127e+02
5.212818216458189402e-04 5.289601999999999862e+02
9.274067934629685915e-04 5.289588999999999714e+02
1.450444606685509941e-03 5.289569000000000187e+02
2.091050044977461973e-03 5.289539999999999509e+02
2.850024991378182285e-03 5.289498999999999569e+02
3.728309447262971414e-03 5.289442999999999984e+02
4.726987293921899175e-03 5.289366999999999734e+02
5.847281291601505275e-03 5.289266999999999825e+02
7.090547080286207365e-03 5.289138000000000375e+02
8.465675914178689976e-03 5.288971999999999980e+02
9.963104685783498102e-03 5.288763999999999896e+02
1.158866498104092757e-02 5.288505000000000109e+02
1.334484037817008743e-02 5.288187000000000353e+02
1.523379392153060251e-02 5.287798000000000229e+02
1.725778746616404846e-02 5.287327999999999975e+02
1.941918168345035597e-02 5.286761999999999944e+02
2.172042600763857828e-02 5.286086000000000240e+02
2.416410844566897406e-02 5.285279000000000451e+02
2.675285591595555693e-02 5.284320000000000164e+02
2.948938402352021051e-02 5.283176999999999452e+02
3.237645718605803441e-02 5.281811999999999898e+02
3.541687878877902707e-02 5.280163999999999760e+02
3.861343084970015466e-02 5.278134999999999764e+02
4.207514508164962586e-02 5.275447000000000344e+02
4.561110650100033692e-02 5.271779000000000224e+02
4.931397708866935153e-02 5.265593000000000075e+02
5.318612603978506437e-02 5.249003000000000156e+02
5.723025946549432919e-02 5.179301000000000386e+02
6.144866608617736981e-02 5.058394000000000119e+02
6.584341280984629119e-02 4.930500999999999863e+02
7.041626743335205330e-02 4.804383000000000266e+02
7.520969896584382697e-02 4.681324999999999932e+02
8.014843641744465175e-02 4.564490999999999872e+02
8.526836924070288481e-02 4.453734000000000037e+02
9.056928115777673760e-02 4.349617000000000075e+02
9.605021894206844379e-02 4.252540999999999940e+02
1.017098675905664801e-01 4.162721000000000231e+02
1.075451596952494010e-01 4.080226999999999862e+02
1.135529297887592215e-01 4.004959000000000060e+02
1.197289708965412897e-01 3.936693999999999960e+02
1.260679820339969948e-01 3.875099000000000160e+02
1.325636682094387120e-01 3.819757999999999925e+02
1.392094301168199377e-01 3.770196000000000254e+02
1.459956058877495133e-01 3.725926000000000045e+02
1.529134116648915576e-01 3.686438999999999737e+02
1.599525794089289854e-01 3.651243999999999801e+02
1.671017491012295464e-01 3.619866999999999848e+02
1.743487669921651162e-01 3.591859000000000037e+02
1.816809850696111117e-01 3.566840000000000259e+02
1.890847626129744941e-01 3.544452999999999747e+02
1.965461635294827314e-01 3.524377999999999815e+02
2.040510554507187213e-01 3.506331000000000131e+02
2.115848106999001499e-01 3.490063000000000102e+02
2.191344723835826069e-01 3.475350000000000250e+02
2.266827756542118266e-01 3.462006000000000085e+02
2.342169688710292186e-01 3.449859999999999900e+02
2.417233280792516759e-01 3.438765000000000214e+02
2.491886281186910801e-01 3.428593000000000188e+02
