0.000000000000000000e+00 -1.761009166913345483e-02 6.746958198772533706e+02
2.500000000000000139e-02 -2.065098046698175469e-02 6.025945003769652430e+02
5.000000000000000278e-02 -2.368821747045280271e-02 5.479378546530479070e+02
7.500000000000001110e-02 -2.672151896197198090e-02 5.070154204165579017e+02
1.000000000000000056e-01 -2.974978862172403954e-02 4.953639470890284997e+02
1.250000000000000000e-01 -3.277272263773794297e-02 4.922131921758004864e+02
1.500000000000000222e-01 -3.579006550766408723e-02 4.899764553643599925e+02
1.750000000000000167e-01 -3.880070697045769762e-02 4.882011258794456694e+02
2.000000000000000111e-01 -4.180438327141060978e-02 4.867187505472477937e+02
2.250000000000000056e-01 -4.480085013010158546e-02 4.854351409151308872e+02
2.500000000000000000e-01 -4.778903497920593268e-02 4.842903016662881441e+02
2.750000000000000222e-01 -5.076869519033900408e-02 4.832433299645152260e+02
3.000000000000000444e-01 -5.373932920524717577e-02 4.822651791161180768e+02
3.250000000000000111e-01 -5.670044527106739979e-02 4.813345783962128053e+02
3.500000000000000333e-01 -5.965184002939005747e-02 4.804355630855673667e+02
3.750000000000000000e-01 -6.259249452533109659e-02 4.795560583327944073e+02
4.000000000000000222e-01 -6.552221812611311313e-02 4.786866853595016096e+02
4.250000000000000444e-01 -6.844056236747550481e-02 4.778201910971006328e+02
4.500000000000000111e-01 -7.134709048986377644e-02 4.769509408770210825e+02
4.750000000000000333e-01 -7.424137773254588235e-02 4.760745758958096303e+02
5.000000000000000000e-01 -7.712301159876391865e-02 4.751877628258421282e+02
5.250000000000000222e-01 -7.999184638021965277e-02 4.742879618571126343e+02
5.500000000000000444e-01 -8.284698855577464494e-02 4.733734631260077208e+02
5.750000000000000666e-01 -8.568831511136885959e-02 4.724430101841739997e+02
6.000000000000000888e-01 -8.851546469651977445e-02 4.714958849577770366e+02
6.250000000000000000e-01 -9.132808912306293603e-02 4.705317919894099532e+02
6.500000000000000222e-01 -9.412585346078258808e-02 4.695507980579214973e+02
6.750000000000000444e-01 -9.690843610634349015e-02 4.685532798315746845e+02
7.000000000000000666e-01 -9.967552882640537404e-02 4.675398784386659372e+02
7.250000000000000888e-01 -1.024268367754871678e-01 4.665114603326624092e+02
7.500000000000000000e-01 -1.051620784895920674e-01 4.654690800161194488e+02
7.750000000000000222e-01 -1.078809858563561375e-01 4.644139483706359783e+02
8.000000000000000444e-01 -1.105833040627375030e-01 4.633474025639455931e+02
8.250000000000000666e-01 -1.132687915212014784e-01 4.622708780249289475e+02
8.500000000000000888e-01 -1.159372197754512668e-01 4.611858844809405014e+02
8.750000000000000000e-01 -1.185883733866792550e-01 4.600939824312924884e+02
9.000000000000000222e-01 -1.212220498015118414e-01 4.589967610357013541e+02
9.250000000000000444e-01 -1.238380592026851329e-01 4.578958211379065801e+02
9.500000000000000666e-01 -1.264362243435373512e-01 4.567927564040555808e+02
9.750000000000000888e-01 -1.290163803674188592e-01 4.556891376840703742e+02
1.000000000000000000e+00 -1.315783746131890253e-01 4.545865015447899395e+02
1.025000000000000133e+00 -1.341220664077932834e-01 4.534863362789787971e+02
1.050000000000000044e+00 -1.366473268470770330e-01 4.523900735081918469e+02
1.074999999999999956e+00 -1.391540385658565360e-01 4.512990778750904610e+02
1.100000000000000089e+00 -1.416420954983513003e-01 4.502146426641321000e+02
1.125000000000000000e+00 -1.441114026299133155e-01 4.491379817531148433e+02
1.150000000000000133e+00 -1.465618757411470130e-01 4.480702288568935501e+02
1.175000000000000044e+00 -1.489934411453058549e-01 4.470124313663516205e+02
1.200000000000000178e+00 -1.514060354199712466e-01 4.459655519447049414e+02
1.225000000000000089e+00 -1.537996051338564318e-01 4.449304657866263142e+02
1.250000000000000000e+00 -1.561741065696424235e-01 4.439079615940583494e+02
1.275000000000000133e+00 -1.585295054436400009e-01 4.428987437899989459e+02
1.300000000000000044e+00 -1.608657766231084418e-01 4.419034345390936096e+02
1.325000000000000178e+00 -1.631829038419538025e-01 4.409225744240575864e+02
1.350000000000000089e+00 -1.654808794155369356e-01 4.399566270491613977e+02
1.375000000000000000e+00 -1.677597039552414238e-01 4.390059827115856024e+02
1.400000000000000133e+00 -1.700193860834524895e-01 4.380709616165497664e+02
1.425000000000000044e+00 -1.722599421495506766e-01 4.371518166470301026e+02
1.450000000000000178e+00 -1.744813959474207365e-01 4.362487400673449542e+02
1.475000000000000089e+00 -1.766837784350834828e-01 4.353618657888497410e+02
1.500000000000000000e+00 -1.788671274568159608e-01 4.344912738660726745e+02
1.525000000000000133e+00 -1.810314874682929509e-01 4.336369954916181086e+02
1.550000000000000044e+00 -1.831769092651043540e-01 4.327990157936601463e+02
1.575000000000000178e+00 -1.853033387963896050e-01 4.319773439575985208e+02
1.600000000000000089e+00 -1.874110645056126512e-01 4.311717573691923349e+02
1.625000000000000000e+00 -1.895000396405025211e-01 4.303821948401764530e+02
1.650000000000000133e+00 -1.915703377201163904e-01 4.296084980968288392e+02
1.675000000000000044e+00 -1.936220373090715707e-01 4.288504847835163218e+02
1.700000000000000178e+00 -1.956552217729287946e-01 4.281079476803720922e+02
1.725000000000000089e+00 -1.976699790388549427e-01 4.273806594791348061e+02
1.750000000000000000e+00 -1.996664013617053812e-01 4.266683739095570900e+02
1.775000000000000133e+00 -2.016445850957312991e-01 4.259708317662281161e+02
1.800000000000000044e+00 -2.036046304719464073e-01 4.252877587922090470e+02
1.825000000000000178e+00 -2.055466413812673532e-01 4.246188726031610372e+02
1.850000000000000089e+00 -2.074707251635116712e-01 4.239638804960801508e+02
1.875000000000000000e+00 -2.093769924022570450e-01 4.233224835361596092e+02
1.900000000000000133e+00 -2.112655567256465361e-01 4.226943788370358561e+02
1.925000000000000044e+00 -2.131365346130951743e-01 4.220792585458557937e+02
1.950000000000000178e+00 -2.149900452079411273e-01 4.214768143133585454e+02
1.975000000000000089e+00 -2.168262101359826333e-01 4.208867360734187741e+02
2.000000000000000000e+00 -2.186451533299244299e-01 4.203087143519473443e+02
2.024999999999999911e+00 -2.204470008596169650e-01 4.197424406514342081e+02
2.050000000000000266e+00 -2.222318807681133435e-01 4.191876090887219561e+02
2.075000000000000178e+00 -2.239999229134208014e-01 4.186439165358266337e+02
2.100000000000000089e+00 -2.257512588159085454e-01 4.181110637646567625e+02
2.125000000000000000e+00 -2.274860215112767259e-01 4.175887545606232152e+02
2.149999999999999911e+00 -2.292043454089942589e-01 4.170766986069151585e+02
2.175000000000000266e+00 -2.309063661561401304e-01 4.165746100867640962e+02
2.200000000000000178e+00 -2.325921565124261514e-01 4.160822888080427902e+02
2.225000000000000089e+00 -2.342619837576074560e-01 4.155992998386393538e+02
2.250000000000000000e+00 -2.359159208436439059e-01 4.151254543777863546e+02
2.274999999999999911e+00 -2.375541071145474137e-01 4.146604899460523370e+02
2.300000000000000266e+00 -2.391766825481310144e-01 4.142041505928146989e+02
2.325000000000000178e+00 -2.407837876498986895e-01 4.137561856597588985e+02
2.350000000000000089e+00 -2.423755633515575214e-01 4.133163519414165989e+02
2.375000000000000000e+00 -2.439521509139919719e-01 4.128844118211021055e+02
2.400000000000000355e+00 -2.455136918346379482e-01 4.124601353609349417e+02
2.425000000000000266e+00 -2.470603277590887603e-01 4.120432972360268309e+02
2.450000000000000178e+00 -2.485922003968072946e-01 4.116336805755556725e+02
2.475000000000000089e+00 -2.501094514408915281e-01 4.112310732296370475e+02
2.500000000000000000e+00 -2.516122224916564343e-01 4.108352700301180107e+02
2.525000000000000355e+00 -2.531006549840350006e-01 4.104460716916876208e+02
2.550000000000000266e+00 -2.545748901185804769e-01 4.100632854514428232e+02
2.575000000000000178e+00 -2.560350687960101235e-01 4.096867240562268080e+02
2.600000000000000089e+00 -2.574813315551507942e-01 4.093162063086692797e+02
2.625000000000000000e+00 -2.589138185141663384e-01 4.089515559434278771e+02
2.650000000000000355e+00 -2.603326693149798365e-01 4.085926037726400182e+02
2.675000000000000266e+00 -2.617380230707292421e-01 4.082391850437791732e+02
2.700000000000000178e+00 -2.631300183162209594e-01 4.078911409110838235e+02
2.725000000000000089e+00 -2.645087929611847910e-01 4.075483164805675642e+02
2.750000000000000000e+00 -2.658744842463064417e-01 4.072105635025398556e+02
2.775000000000000355e+00 -2.672272287018766512e-01 4.068777373596716416e+02
2.800000000000000266e+00 -2.685671621089898431e-01 4.065496986587521064e+02
2.825000000000000178e+00 -2.698944194631789917e-01 4.062263127818268345e+02
2.850000000000000089e+00 -2.712091349403976670e-01 4.059074496490000570e+02
2.875000000000000000e+00 -2.725114418652436199e-01 4.055929833820674730e+02
2.900000000000000355e+00 -2.738014726813524091e-01 4.052827915744982192e+02
2.925000000000000266e+00 -2.750793589238597625e-01 4.049767570755711859e+02
2.950000000000000178e+00 -2.763452311938454642e-01 4.046747660196765537e+02
2.975000000000000089e+00 -2.775991639274659750e-01 4.043768030832160321e+02
3.000000000000000000e+00 -2.788413964116542854e-01 4.040825722378621094e+02
3.025000000000000355e+00 -2.800720008763499247e-01 4.037920653233701955e+02
3.050000000000000266e+00 -2.812911039691261550e-01 4.035051838172655607e+02
3.075000000000000178e+00 -2.824988313026040032e-01 4.032218311854664421e+02
3.100000000000000089e+00 -2.836953074391597163e-01 4.029419148295457376e+02
3.125000000000000000e+00 -2.848806558770757835e-01 4.026653451146907514e+02
3.150000000000000355e+00 -2.860549990380867325e-01 4.023920349738182267e+02
3.175000000000000266e+00 -2.872184582562425370e-01 4.021219012791356704e+02
3.200000000000000178e+00 -2.883711537680334058e-01 4.018548625810701651e+02
3.225000000000000089e+00 -2.895132047037276557e-01 4.015908404441286166e+02
3.250000000000000000e+00 -2.906447290798304106e-01 4.013297589846104074e+02
3.275000000000000355e+00 -2.917658437926551329e-01 4.010715452066789339e+02
3.300000000000000266e+00 -2.928766646129147833e-01 4.008161278532294318e+02
3.325000000000000178e+00 -2.939773061813049648e-01 4.005634384656352154e+02
3.350000000000000089e+00 -2.950678820050091078e-01 4.003134109747346656e+02
3.375000000000000000e+00 -2.961485044551087631e-01 4.000659809031563441e+02
3.400000000000000355e+00 -2.972192847648181258e-01 3.998210859258873029e+02
3.425000000000000266e+00 -2.982803330285191956e-01 3.995786666687205297e+02
3.450000000000000178e+00 -2.993317582015544986e-01 3.993386643366948192e+02
3.475000000000000089e+00 -3.003736681007347920e-01 3.991010225936200300e+02
3.500000000000000000e+00 -3.014061694055115148e-01 3.988656869957554818e+02
