0.000000000000000000e+00 -1.761009166913345483e-02 2.774184212754162004e+01
2.500000000000000139e-02 -2.065098046698175469e-02 2.494624356159713940e+01
5.000000000000000278e-02 -2.368821747045280271e-02 2.284822968037390112e+01
7.500000000000001110e-02 -2.672151896197198090e-02 2.120074793471372843e+01
1.000000000000000056e-01 -2.974978862172403954e-02 1.986346535763650678e+01
1.250000000000000000e-01 -3.277272263773794297e-02 1.875024681800716309e+01
1.500000000000000222e-01 -3.579006550766408723e-02 1.780500057804250247e+01
1.750000000000000167e-01 -3.880070697045769762e-02 1.698945918177913583e+01
2.000000000000000111e-01 -4.180438327141060978e-02 1.627651855665740754e+01
2.250000000000000056e-01 -4.480085013010158546e-02 1.564637985200885417e+01
2.500000000000000000e-01 -4.778903497920593268e-02 1.508420274602250188e+01
2.750000000000000222e-01 -5.076869519033900408e-02 1.457861710935354083e+01
3.000000000000000444e-01 -5.373932920524717577e-02 1.412074662561169092e+01
3.250000000000000111e-01 -5.670044527106739979e-02 1.370354701925335128e+01
3.500000000000000333e-01 -5.965184002939005747e-02 1.332134830168894446e+01
3.750000000000000000e-01 -6.259249452533109659e-02 1.296952729214609334e+01
4.000000000000000222e-01 -6.552221812611311313e-02 1.264427279558943162e+01
4.250000000000000444e-01 -6.844056236747550481e-02 1.234241041602115452e+01
4.500000000000000111e-01 -7.134709048986377644e-02 1.206127272573965747e+01
4.750000000000000333e-01 -7.424137773254588235e-02 1.179859870458815863e+01
5.000000000000000000e-01 -7.712301159876391865e-02 1.155245880165647776e+01
5.250000000000000222e-01 -7.999184638021965277e-02 1.132119389575431079e+01
5.500000000000000444e-01 -8.284698855577464494e-02 1.110336886988959826e+01
5.750000000000000666e-01 -8.568831511136885959e-02 1.089773535426826179e+01
6.000000000000000888e-01 -8.851546469651977445e-02 1.070320130444057760e+01
6.250000000000000000e-01 -9.132808912306293603e-02 1.051880672769261338e+01
6.500000000000000222e-01 -9.412585346078258808e-02 1.034370424640735564e+01
6.750000000000000444e-01 -9.690843610634349015e-02 1.017714217090209772e+01
7.000000000000000666e-01 -9.967552882640537404e-02 1.001845097101960214e+01
7.250000000000000888e-01 -1.024268367754871678e-01 9.867032645532836099e+00
7.500000000000000000e-01 -1.051620784895920674e-01 9.722351082427694635e+00
7.750000000000000222e-01 -1.078809858563561375e-01 9.583923107936625385e+00
8.000000000000000444e-01 -1.105833040627375030e-01 9.451313596546002671e+00
8.250000000000000666e-01 -1.132687915212014784e-01 9.324127794870420871e+00
8.500000000000000888e-01 -1.159372197754512668e-01 9.202007822322386232e+00
8.750000000000000000e-01 -1.185883733866792550e-01 9.084628227080571605e+00
9.000000000000000222e-01 -1.212220498015118414e-01 8.971691490156235460e+00
9.250000000000000444e-01 -1.238380592026851329e-01 8.862925830621215084e+00
9.500000000000000666e-01 -1.264362243435373512e-01 8.758082270343624742e+00
9.750000000000000888e-01 -1.290163803674188592e-01 8.656931807938290646e+00
1.000000000000000000e+00 -1.315783746131890253e-01 8.559263927465098121e+00
1.025000000000000133e+00 -1.341220664077932834e-01 8.464884491029168956e+00
1.050000000000000044e+00 -1.366473268470770330e-01 8.373614053810289448e+00
1.074999999999999956e+00 -1.391540385658565360e-01 8.285286791120782368e+00
1.100000000000000089e+00 -1.416420954983513003e-01 8.199748488566065419e+00
1.125000000000000000e+00 -1.441114026299133155e-01 8.116856322114012201e+00
1.150000000000000133e+00 -1.465618757411470130e-01 8.036477874998935178e+00
1.175000000000000044e+00 -1.489934411453058549e-01 7.958488787875892534e+00
1.200000000000000178e+00 -1.514060354199712466e-01 7.882773917186868040e+00
1.225000000000000089e+00 -1.537996051338564318e-01 7.809225456124328169e+00
1.250000000000000000e+00 -1.561741065696424235e-01 7.737742956365565306e+00
1.275000000000000133e+00 -1.585295054436400009e-01 7.668231459933826599e+00
1.300000000000000044e+00 -1.608657766231084418e-01 7.600602762470072271e+00
1.325000000000000178e+00 -1.631829038419538025e-01 7.534773836395568303e+00
1.350000000000000089e+00 -1.654808794155369356e-01 7.470666835650155768e+00
1.375000000000000000e+00 -1.677597039552414238e-01 7.408208038267809492e+00
1.400000000000000133e+00 -1.700193860834524895e-01 7.347328795382184197e+00
1.425000000000000044e+00 -1.722599421495506766e-01 7.287963616876382389e+00
1.450000000000000178e+00 -1.744813959474207365e-01 7.230051211847104753e+00
1.475000000000000089e+00 -1.766837784350834828e-01 7.173533572740660169e+00
1.500000000000000000e+00 -1.788671274568159608e-01 7.118355597457728834e+00
1.525000000000000133e+00 -1.810314874682929509e-01 7.064465978943839097e+00
1.550000000000000044e+00 -1.831769092651043540e-01 7.011814970581138340e+00
1.575000000000000178e+00 -1.853033387963896050e-01 6.960355979523437320e+00
1.600000000000000089e+00 -1.874110645056126512e-01 6.910045471786879112e+00
1.625000000000000000e+00 -1.895000396405025211e-01 6.860841002518209386e+00
1.650000000000000133e+00 -1.915703377201163904e-01 6.812703172026577825e+00
1.675000000000000044e+00 -1.936220373090715707e-01 6.765593641095271948e+00
1.700000000000000178e+00 -1.956552217729287946e-01 6.719476331820884774e+00
1.725000000000000089e+00 -1.976699790388549427e-01 6.674317851194691009e+00
1.750000000000000000e+00 -1.996664013617053812e-01 6.630084552113146401e+00
1.775000000000000133e+00 -2.016445850957312991e-01 6.586745771760759816e+00
1.800000000000000044e+00 -2.036046304719464073e-01 6.544271708521687714e+00
1.825000000000000178e+00 -2.055466413812673532e-01 6.502634109233142112e+00
1.850000000000000089e+00 -2.074707251635116712e-01 6.461805753201919522e+00
1.875000000000000000e+00 -2.093769924022570450e-01 6.421760641002467906e+00
1.900000000000000133e+00 -2.112655567256465361e-01 6.382474661568193319e+00
1.925000000000000044e+00 -2.131365346130951743e-01 6.343923462271877867e+00
1.950000000000000178e+00 -2.149900452079411273e-01 6.306084886007388590e+00
1.975000000000000089e+00 -2.168262101359826333e-01 6.268936810192657028e+00
2.000000000000000000e+00 -2.186451533299244299e-01 6.232459021559341394e+00
2.024999999999999911e+00 -2.204470008596169650e-01 6.196631098634723500e+00
2.050000000000000266e+00 -2.222318807681133435e-01 6.161434321250389701e+00
2.075000000000000178e+00 -2.239999229134208014e-01 6.126849606899796186e+00
2.100000000000000089e+00 -2.257512588159085454e-01 6.092860853709370694e+00
2.125000000000000000e+00 -2.274860215112767259e-01 6.059449272179095125e+00
2.149999999999999911e+00 -2.292043454089942589e-01 6.026599826530546267e+00
2.175000000000000266e+00 -2.309063661561401304e-01 5.994296371460132278e+00
2.200000000000000178e+00 -2.325921565124261514e-01 5.962524473539435377e+00
2.225000000000000089e+00 -2.342619837576074560e-01 5.931269365644783242e+00
2.250000000000000000e+00 -2.359159208436439059e-01 5.900517041802491036e+00
2.274999999999999911e+00 -2.375541071145474137e-01 5.870253828687806319e+00
2.300000000000000266e+00 -2.391766825481310144e-01 5.840467315277554583e+00
2.325000000000000178e+00 -2.407837876498986895e-01 5.811145157755452040e+00
2.350000000000000089e+00 -2.423755633515575214e-01 5.782274944415060070e+00
2.375000000000000000e+00 -2.439521509139919719e-01 5.753844786263780264e+00
2.400000000000000355e+00 -2.455136918346379482e-01 5.725844505196105771e+00
2.425000000000000266e+00 -2.470603277590887603e-01 5.698262792227342999e+00
2.450000000000000178e+00 -2.485922003968072946e-01 5.671089075715887162e+00
2.475000000000000089e+00 -2.501094514408915281e-01 5.644313850351976747e+00
2.500000000000000000e+00 -2.516122224916564343e-01 5.617926725397830445e+00
2.525000000000000355e+00 -2.531006549840350006e-01 5.591918575035504269e+00
2.550000000000000266e+00 -2.545748901185804769e-01 5.566281152994675629e+00
2.575000000000000178e+00 -2.560350687960101235e-01 5.541004620447554707e+00
2.600000000000000089e+00 -2.574813315551507942e-01 5.516080429777170835e+00
2.625000000000000000e+00 -2.589138185141663384e-01 5.491501289714852518e+00
2.650000000000000355e+00 -2.603326693149798365e-01 5.467258542192435122e+00
2.675000000000000266e+00 -2.617380230707292421e-01 5.443345018468758845e+00
2.700000000000000178e+00 -2.631300183162209594e-01 5.419752933372670611e+00
2.725000000000000089e+00 -2.645087929611847910e-01 5.396474965138537527e+00
2.750000000000000000e+00 -2.658744842463064417e-01 5.373504253283094556e+00
2.775000000000000355e+00 -2.672272287018766512e-01 5.350834276324698102e+00
2.800000000000000266e+00 -2.685671621089898431e-01 5.328458300934313385e+00
2.825000000000000178e+00 -2.698944194631789917e-01 5.306369951869922552e+00
2.850000000000000089e+00 -2.712091349403976670e-01 5.284562265564576755e+00
2.875000000000000000e+00 -2.725114418652436199e-01 5.263031017039682347e+00
2.900000000000000355e+00 -2.738014726813524091e-01 5.241768907285866419e+00
2.925000000000000266e+00 -2.750793589238597625e-01 5.220770883175895882e+00
2.950000000000000178e+00 -2.763452311938454642e-01 5.200031159197790132e+00
2.975000000000000089e+00 -2.775991639274659750e-01 5.179544521326644002e+00
3.000000000000000000e+00 -2.788413964116542854e-01 5.159305977553843015e+00
3.025000000000000355e+00 -2.800720008763499247e-01 5.139310207878654779e+00
3.050000000000000266e+00 -2.812911039691261550e-01 5.119552666118778461e+00
3.075000000000000178e+00 -2.824988313026040032e-01 5.100028719421243473e+00
3.100000000000000089e+00 -2.836953074391597163e-01 5.080732366971655978e+00
3.125000000000000000e+00 -2.848806558770757835e-01 5.061660842478850064e+00
3.150000000000000355e+00 -2.860549990380867325e-01 5.042809029875765958e+00
3.175000000000000266e+00 -2.872184582562425370e-01 5.024172682300136472e+00
3.200000000000000178e+00 -2.883711537680334058e-01 5.005747957427723271e+00
3.225000000000000089e+00 -2.895132047037276557e-01 4.987531083943846255e+00
3.250000000000000000e+00 -2.906447290798304106e-01 4.969516425913989899e+00
3.275000000000000355e+00 -2.917658437926551329e-01 4.951701942462561234e+00
3.300000000000000266e+00 -2.928766646129147833e-01 4.934083802388994577e+00
3.325000000000000178e+00 -2.939773061813049648e-01 4.916657566754224717e+00
3.350000000000000089e+00 -2.950678820050091078e-01 4.899419761336901935e+00
3.375000000000000000e+00 -2.961485044551087631e-01 4.882367886204888485e+00
3.400000000000000355e+00 -2.972192847648181258e-01 4.865497950590942366e+00
3.425000000000000266e+00 -2.982803330285191956e-01 4.848806345398096518e+00
3.450000000000000178e+00 -2.993317582015544986e-01 4.832290360795509443e+00
3.475000000000000089e+00 -3.003736681007347920e-01 4.815946707478087951e+00
3.500000000000000000e+00 -3.014061694055115148e-01 4.799772420125988148e+00
