0.000000000000000000e+00 -1.761009166913345483e-02 1.828414176459774296e+02
2.500000000000000139e-02 -2.065098046698175469e-02 1.737517107989897625e+02
5.000000000000000278e-02 -2.368821747045280271e-02 1.682461381013879986e+02
7.500000000000001110e-02 -2.672151896197198090e-02 1.645481796672858081e+02
1.000000000000000056e-01 -2.974978862172403954e-02 1.618816277289830907e+02
1.250000000000000000e-01 -3.277272263773794297e-02 1.598546819417083213e+02
1.500000000000000222e-01 -3.579006550766408723e-02 1.582482299452197481e+02
1.750000000000000167e-01 -3.880070697045769762e-02 1.569299563958910539e+02
2.000000000000000111e-01 -4.180438327141060978e-02 1.558149495719575839e+02
2.250000000000000056e-01 -4.480085013010158546e-02 1.548459044771409765e+02
2.500000000000000000e-01 -4.778903497920593268e-02 1.539823837895370673e+02
2.750000000000000222e-01 -5.076869519033900408e-02 1.531944579278452068e+02
3.000000000000000444e-01 -5.373932920524717577e-02 1.524586303100457769e+02
3.250000000000000111e-01 -5.670044527106739979e-02 1.517545295806119157e+02
3.500000000000000333e-01 -5.965184002939005747e-02 1.510607818194593506e+02
3.750000000000000000e-01 -6.259249452533109659e-02 1.503458535440431660e+02
4.000000000000000222e-01 -6.552221812611311313e-02 1.495330258425709076e+02
4.250000000000000444e-01 -6.844056236747550481e-02 1.482831345583712448e+02
4.500000000000000111e-01 -7.134709048986377644e-02 1.449305419135627062e+02
4.750000000000000333e-01 -7.424137773254588235e-02 1.393410210280499086e+02
5.000000000000000000e-01 -7.712301159876391865e-02 1.335358665915726135e+02
5.250000000000000222e-01 -7.999184638021965277e-02 1.279573694073607157e+02
5.500000000000000444e-01 -8.284698855577464494e-02 1.226739288167706263e+02
5.750000000000000666e-01 -8.568831511136885959e-02 1.176911609213726706e+02
6.000000000000000888e-01 -8.851546469651977445e-02 1.129991942043680950e+02
6.250000000000000000e-01 -9.132808912306293603e-02 1.085831608981326895e+02
6.500000000000000222e-01 -9.412585346078258808e-02 1.044266701671922561e+02
6.750000000000000444e-01 -9.690843610634349015e-02 1.005131835087345280e+02
7.000000000000000666e-01 -9.967552882640537404e-02 9.682662797549845379e+01
7.250000000000000888e-01 -1.024268367754871678e-01 9.335168294221411145e+01
7.500000000000000000e-01 -1.051620784895920674e-01 9.007390852372731160e+01
7.750000000000000222e-01 -1.078809858563561375e-01 8.697978977802503664e+01
8.000000000000000444e-01 -1.105833040627375030e-01 8.405673546703840771e+01
8.250000000000000666e-01 -1.132687915212014784e-01 8.129305126082037702e+01
8.500000000000000888e-01 -1.159372197754512668e-01 7.867789700624476268e+01
8.750000000000000000e-01 -1.185883733866792550e-01 7.620123864409930547e+01
9.000000000000000222e-01 -1.212220498015118414e-01 7.385379562528720498e+01
9.250000000000000444e-01 -1.238380592026851329e-01 7.162698827979187399e+01
9.500000000000000666e-01 -1.264362243435373512e-01 6.951288587923775708e+01
9.750000000000000888e-01 -1.290163803674188592e-01 6.750415711834278909e+01
1.000000000000000000e+00 -1.315783746131890253e-01 6.559402437024688481e+01
1.025000000000000133e+00 -1.341220664077932834e-01 6.377621799878406961e+01
1.050000000000000044e+00 -1.366473268470770330e-01 6.204493688517973737e+01
1.074999999999999956e+00 -1.391540385658565360e-01 6.039480994539317749e+01
1.100000000000000089e+00 -1.416420954983513003e-01 5.882086124123513571e+01
1.125000000000000000e+00 -1.441114026299133155e-01 5.731847800254620040e+01
1.150000000000000133e+00 -1.465618757411470130e-01 5.588338144842567345e+01
1.175000000000000044e+00 -1.489934411453058549e-01 5.451159907390799475e+01
1.200000000000000178e+00 -1.514060354199712466e-01 5.319944029020430776e+01
1.225000000000000089e+00 -1.537996051338564318e-01 5.194347392438254474e+01
1.250000000000000000e+00 -1.561741065696424235e-01 5.074050761941573739e+01
1.275000000000000133e+00 -1.585295054436400009e-01 4.958756813833040411e+01
1.300000000000000044e+00 -1.608657766231084418e-01 4.848188523260297700e+01
1.325000000000000178e+00 -1.631829038419538025e-01 4.742087458781634268e+01
1.350000000000000089e+00 -1.654808794155369356e-01 4.640212461066808913e+01
1.375000000000000000e+00 -1.677597039552414238e-01 4.542338236836885557e+01
1.400000000000000133e+00 -1.700193860834524895e-01 4.448254143292459162e+01
1.425000000000000044e+00 -1.722599421495506766e-01 4.357763146627154072e+01
1.450000000000000178e+00 -1.744813959474207365e-01 4.270680737571476726e+01
1.475000000000000089e+00 -1.766837784350834828e-01 4.186834057569811307e+01
1.500000000000000000e+00 -1.788671274568159608e-01 4.106061044849292330e+01
1.525000000000000133e+00 -1.810314874682929509e-01 4.028209503561320304e+01
1.550000000000000044e+00 -1.831769092651043540e-01 3.953136658462306485e+01
1.575000000000000178e+00 -1.853033387963896050e-01 3.880709307351374804e+01
1.600000000000000089e+00 -1.874110645056126512e-01 3.810799002793384460e+01
1.625000000000000000e+00 -1.895000396405025211e-01 3.743288140503270256e+01
1.650000000000000133e+00 -1.915703377201163904e-01 3.678064840765125609e+01
1.675000000000000044e+00 -1.936220373090715707e-01 3.615023682423469609e+01
1.700000000000000178e+00 -1.956552217729287946e-01 3.554065333235278956e+01
1.725000000000000089e+00 -1.976699790388549427e-01 3.495095928390455242e+01
1.750000000000000000e+00 -1.996664013617053812e-01 3.438026917773731128e+01
1.775000000000000133e+00 -2.016445850957312991e-01 3.382774689727840212e+01
1.800000000000000044e+00 -2.036046304719464073e-01 3.329260144300275925e+01
1.825000000000000178e+00 -2.055466413812673532e-01 3.277408449313394101e+01
1.850000000000000089e+00 -2.074707251635116712e-01 3.227148828693360372e+01
1.875000000000000000e+00 -2.093769924022570450e-01 3.178414211633972641e+01
1.900000000000000133e+00 -2.112655567256465361e-01 3.131141056135124501e+01
1.925000000000000044e+00 -2.131365346130951743e-01 3.085269173505524520e+01
1.950000000000000178e+00 -2.149900452079411273e-01 3.040741370988867587e+01
1.975000000000000089e+00 -2.168262101359826333e-01 2.997503407615529980e+01
2.000000000000000000e+00 -2.186451533299244299e-01 2.955503779041225698e+01
2.024999999999999911e+00 -2.204470008596169650e-01 2.914693578928630657e+01
2.050000000000000266e+00 -2.222318807681133435e-01 2.875026282641524844e+01
2.075000000000000178e+00 -2.239999229134208014e-01 2.836457599905059368e+01
2.100000000000000089e+00 -2.257512588159085454e-01 2.798945459326353102e+01
2.125000000000000000e+00 -2.274860215112767259e-01 2.762449765946856317e+01
2.149999999999999911e+00 -2.292043454089942589e-01 2.726932358270097012e+01
2.175000000000000266e+00 -2.309063661561401304e-01 2.692356797045664152e+01
2.200000000000000178e+00 -2.325921565124261514e-01 2.658688007478847837e+01
2.225000000000000089e+00 -2.342619837576074560e-01 2.625893718486240402e+01
2.250000000000000000e+00 -2.359159208436439059e-01 2.593941958294958994e+01
2.274999999999999911e+00 -2.375541071145474137e-01 2.562802569778030559e+01
2.300000000000000266e+00 -2.391766825481310144e-01 2.532446777126806836e+01
2.325000000000000178e+00 -2.407837876498986895e-01 2.502847062132970635e+01
2.350000000000000089e+00 -2.423755633515575214e-01 2.473977131997175505e+01
2.375000000000000000e+00 -2.439521509139919719e-01 2.445811827401585248e+01
2.400000000000000355e+00 -2.455136918346379482e-01 2.418327107880948645e+01
2.425000000000000266e+00 -2.470603277590887603e-01 2.391499945838492280e+01
2.450000000000000178e+00 -2.485922003968072946e-01 2.365308283859830141e+01
2.475000000000000089e+00 -2.501094514408915281e-01 2.339731048404914659e+01
2.500000000000000000e+00 -2.516122224916564343e-01 2.314747955539834123e+01
2.525000000000000355e+00 -2.531006549840350006e-01 2.290339662569844137e+01
2.550000000000000266e+00 -2.545748901185804769e-01 2.266487564767147944e+01
2.575000000000000178e+00 -2.560350687960101235e-01 2.243173808924144552e+01
2.600000000000000089e+00 -2.574813315551507942e-01 2.220381295061566718e+01
2.625000000000000000e+00 -2.589138185141663384e-01 2.198093588660824338e+01
2.650000000000000355e+00 -2.603326693149798365e-01 2.176294951183360027e+01
2.675000000000000266e+00 -2.617380230707292421e-01 2.154970195340882455e+01
2.700000000000000178e+00 -2.631300183162209594e-01 2.134104786352856564e+01
2.725000000000000089e+00 -2.645087929611847910e-01 2.113684743874237526e+01
2.750000000000000000e+00 -2.658744842463064417e-01 2.093696578581163337e+01
2.775000000000000355e+00 -2.672272287018766512e-01 2.074127374361039955e+01
2.800000000000000266e+00 -2.685671621089898431e-01 2.054964682632618533e+01
2.825000000000000178e+00 -2.698944194631789917e-01 2.036196508493132384e+01
2.850000000000000089e+00 -2.712091349403976670e-01 2.017811348769368607e+01
2.875000000000000000e+00 -2.725114418652436199e-01 1.999798093929070575e+01
2.900000000000000355e+00 -2.738014726813524091e-01 1.982146031682816201e+01
2.925000000000000266e+00 -2.750793589238597625e-01 1.964844835829353542e+01
2.950000000000000178e+00 -2.763452311938454642e-01 1.947884634406280568e+01
2.975000000000000089e+00 -2.775991639274659750e-01 1.931255196879329716e+01
3.000000000000000000e+00 -2.788413964116542854e-01 1.914948498710710822e+01
3.025000000000000355e+00 -2.800720008763499247e-01 1.898955063705563262e+01
3.050000000000000266e+00 -2.812911039691261550e-01 1.883266271085436472e+01
3.075000000000000178e+00 -2.824988313026040032e-01 1.867873837404778925e+01
3.100000000000000089e+00 -2.836953074391597163e-01 1.852769734272800406e+01
3.125000000000000000e+00 -2.848806558770757835e-01 1.837946268739246136e+01
3.150000000000000355e+00 -2.860549990380867325e-01 1.823395896763606316e+01
3.175000000000000266e+00 -2.872184582562425370e-01 1.809111490382349530e+01
3.200000000000000178e+00 -2.883711537680334058e-01 1.795086011376360702e+01
3.225000000000000089e+00 -2.895132047037276557e-01 1.781312765300000933e+01
3.250000000000000000e+00 -2.906447290798304106e-01 1.767785207566937089e+01
3.275000000000000355e+00 -2.917658437926551329e-01 1.754497020457134937e+01
3.300000000000000266e+00 -2.928766646129147833e-01 1.741442171724870391e+01
3.325000000000000178e+00 -2.939773061813049648e-01 1.728614700105398327e+01
3.350000000000000089e+00 -2.950678820050091078e-01 1.716008936270136331e+01
3.375000000000000000e+00 -2.961485044551087631e-01 1.703619314559951192e+01
3.400000000000000355e+00 -2.972192847648181258e-01 1.691440532744967484e+01
3.425000000000000266e+00 -2.982803330285191956e-01 1.679467372110197587e+01
3.450000000000000178e+00 -2.993317582015544986e-01 1.667694877213292770e+01
3.475000000000000089e+00 -3.003736681007347920e-01 1.656118106151688352e+01
3.500000000000000000e+00 -3.014061694055115148e-01 1.644732404414183691e+01
