0.000000000000000000e+00 -1.761009166913345483e-02 2.591337448605875693e+02
2.500000000000000139e-02 -2.065098046698175469e-02 2.578390240468725665e+02
5.000000000000000278e-02 -2.368821747045280271e-02 2.560613490771913234e+02
7.500000000000001110e-02 -2.672151896197198090e-02 2.536009704949590002e+02
1.000000000000000056e-01 -2.974978862172403954e-02 2.502931168317028607e+02
1.250000000000000000e-01 -3.277272263773794297e-02 2.460060535702441769e+02
1.500000000000000222e-01 -3.579006550766408723e-02 2.406668031132603573e+02
1.750000000000000167e-01 -3.880070697045769762e-02 2.342917584189994500e+02
2.000000000000000111e-01 -4.180438327141060978e-02 2.269985702852394525e+02
2.250000000000000056e-01 -4.480085013010158546e-02 2.189903551835593305e+02
2.500000000000000000e-01 -4.778903497920593268e-02 2.105158094532016548e+02
2.750000000000000222e-01 -5.076869519033900408e-02 2.018208733607555700e+02
3.000000000000000444e-01 -5.373932920524717577e-02 1.931179852979530551e+02
3.250000000000000111e-01 -5.670044527106739979e-02 1.845729668915970478e+02
3.500000000000000333e-01 -5.965184002939005747e-02 1.763077252955349650e+02
3.750000000000000000e-01 -6.259249452533109659e-02 1.684177537089643124e+02
4.000000000000000222e-01 -6.552221812611311313e-02 1.610133263877206105e+02
4.250000000000000444e-01 -6.844056236747550481e-02 1.544466664087377126e+02
4.500000000000000111e-01 -7.134709048986377644e-02 1.503821487039488431e+02
4.750000000000000333e-01 -7.424137773254588235e-02 1.489433681184218869e+02
5.000000000000000000e-01 -7.712301159876391865e-02 1.480925837017920514e+02
5.250000000000000222e-01 -7.999184638021965277e-02 1.473674298823171682e+02
5.500000000000000444e-01 -8.284698855577464494e-02 1.466787012982185843e+02
5.750000000000000666e-01 -8.568831511136885959e-02 1.459985657767699649e+02
6.000000000000000888e-01 -8.851546469651977445e-02 1.453152375494144053e+02
6.250000000000000000e-01 -9.132808912306293603e-02 1.446226538527116077e+02
6.500000000000000222e-01 -9.412585346078258808e-02 1.439172913345563245e+02
6.750000000000000444e-01 -9.690843610634349015e-02 1.431969523096565808e+02
7.000000000000000666e-01 -9.967552882640537404e-02 1.424602273506869494e+02
7.250000000000000888e-01 -1.024268367754871678e-01 1.417062259334041698e+02
7.500000000000000000e-01 -1.051620784895920674e-01 1.409344280589746745e+02
7.750000000000000222e-01 -1.078809858563561375e-01 1.401445955471701836e+02
8.000000000000000444e-01 -1.105833040627375030e-01 1.393367146933676111e+02
8.250000000000000666e-01 -1.132687915212014784e-01 1.385109544379766646e+02
8.500000000000000888e-01 -1.159372197754512668e-01 1.376676372368572743e+02
8.750000000000000000e-01 -1.185883733866792550e-01 1.368072165641222284e+02
9.000000000000000222e-01 -1.212220498015118414e-01 1.359302572482527296e+02
9.250000000000000444e-01 -1.238380592026851329e-01 1.350374184324314228e+02
9.500000000000000666e-01 -1.264362243435373512e-01 1.341294403793557990e+02
9.750000000000000888e-01 -1.290163803674188592e-01 1.332071318068339281e+02
1.000000000000000000e+00 -1.315783746131890253e-01 1.322713584234482482e+02
1.025000000000000133e+00 -1.341220664077932834e-01 1.313230311186965196e+02
1.050000000000000044e+00 -1.366473268470770330e-01 1.303630990391244495e+02
1.074999999999999956e+00 -1.391540385658565360e-01 1.293925379682177379e+02
1.100000000000000089e+00 -1.416420954983513003e-01 1.284123430543162385e+02
1.125000000000000000e+00 -1.441114026299133155e-01 1.274235220595234921e+02
1.150000000000000133e+00 -1.465618757411470130e-01 1.264270881966333064e+02
1.175000000000000044e+00 -1.489934411453058549e-01 1.254240514517081237e+02
1.200000000000000178e+00 -1.514060354199712466e-01 1.244154163666195814e+02
1.225000000000000089e+00 -1.537996051338564318e-01 1.234021753580700818e+02
1.250000000000000000e+00 -1.561741065696424235e-01 1.223853019242740601e+02
1.275000000000000133e+00 -1.585295054436400009e-01 1.213657501452296827e+02
1.300000000000000044e+00 -1.608657766231084418e-01 1.203444495278577477e+02
1.325000000000000178e+00 -1.631829038419538025e-01 1.193222999918987597e+02
1.350000000000000089e+00 -1.654808794155369356e-01 1.183001711999930876e+02
1.375000000000000000e+00 -1.677597039552414238e-01 1.172789026275835624e+02
1.400000000000000133e+00 -1.700193860834524895e-01 1.162592954879978748e+02
1.425000000000000044e+00 -1.722599421495506766e-01 1.152421182412461320e+02
1.450000000000000178e+00 -1.744813959474207365e-01 1.142280988233670200e+02
1.475000000000000089e+00 -1.766837784350834828e-01 1.132179309206981088e+02
1.500000000000000000e+00 -1.788671274568159608e-01 1.122122671576869664e+02
1.525000000000000133e+00 -1.810314874682929509e-01 1.112117240419664057e+02
1.550000000000000044e+00 -1.831769092651043540e-01 1.102168791461576234e+02
1.575000000000000178e+00 -1.853033387963896050e-01 1.092282676389638425e+02
1.600000000000000089e+00 -1.874110645056126512e-01 1.082463972967405397e+02
1.625000000000000000e+00 -1.895000396405025211e-01 1.072717329296222033e+02
1.650000000000000133e+00 -1.915703377201163904e-01 1.063047034951004406e+02
1.675000000000000044e+00 -1.936220373090715707e-01 1.053457053019035499e+02
1.700000000000000178e+00 -1.956552217729287946e-01 1.043950981715946114e+02
1.725000000000000089e+00 -1.976699790388549427e-01 1.034532111706826072e+02
1.750000000000000000e+00 -1.996664013617053812e-01 1.025203430588072280e+02
1.775000000000000133e+00 -2.016445850957312991e-01 1.015967585320672981e+02
1.800000000000000044e+00 -2.036046304719464073e-01 1.006826996371724334e+02
1.825000000000000178e+00 -2.055466413812673532e-01 9.977837431397264822e+01
1.850000000000000089e+00 -2.074707251635116712e-01 9.888396971910788125e+01
1.875000000000000000e+00 -2.093769924022570450e-01 9.799964523139313144e+01
1.900000000000000133e+00 -2.112655567256465361e-01 9.712553703976180941e+01
1.925000000000000044e+00 -2.131365346130951743e-01 9.626176062094273789e+01
1.950000000000000178e+00 -2.149900452079411273e-01 9.540840973338858078e+01
1.975000000000000089e+00 -2.168262101359826333e-01 9.456555944904158650e+01
2.000000000000000000e+00 -2.186451533299244299e-01 9.373326354008145245e+01
2.024999999999999911e+00 -2.204470008596169650e-01 9.291156430587052739e+01
2.050000000000000266e+00 -2.222318807681133435e-01 9.210048068410279143e+01
2.075000000000000178e+00 -2.239999229134208014e-01 9.130002389449643374e+01
2.100000000000000089e+00 -2.257512588159085454e-01 9.051018508494762216e+01
2.125000000000000000e+00 -2.274860215112767259e-01 8.973094867495868243e+01
2.149999999999999911e+00 -2.292043454089942589e-01 8.896228239219666989e+01
2.175000000000000266e+00 -2.309063661561401304e-01 8.820414599543686052e+01
2.200000000000000178e+00 -2.325921565124261514e-01 8.745644921908505864e+01
2.225000000000000089e+00 -2.342619837576074560e-01 8.671920572187387677e+01
2.250000000000000000e+00 -2.359159208436439059e-01 8.599231180801906760e+01
2.274999999999999911e+00 -2.375541071145474137e-01 8.527569117779211183e+01
2.300000000000000266e+00 -2.391766825481310144e-01 8.456925726414176836e+01
2.325000000000000178e+00 -2.407837876498986895e-01 8.387292328039410449e+01
2.350000000000000089e+00 -2.423755633515575214e-01 8.318659198843249669e+01
2.375000000000000000e+00 -2.439521509139919719e-01 8.251016412091885854e+01
2.400000000000000355e+00 -2.455136918346379482e-01 8.184353637774896129e+01
2.425000000000000266e+00 -2.470603277590887603e-01 8.118659748038086832e+01
2.450000000000000178e+00 -2.485922003968072946e-01 8.053923738782816599e+01
2.475000000000000089e+00 -2.501094514408915281e-01 7.990133922993409499e+01
2.500000000000000000e+00 -2.516122224916564343e-01 7.927278575791049775e+01
2.525000000000000355e+00 -2.531006549840350006e-01 7.865345833442277979e+01
2.550000000000000266e+00 -2.545748901185804769e-01 7.804323177792974775e+01
2.575000000000000178e+00 -2.560350687960101235e-01 7.744198630638567238e+01
2.600000000000000089e+00 -2.574813315551507942e-01 7.684959547178445405e+01
2.625000000000000000e+00 -2.589138185141663384e-01 7.626593381737288269e+01
2.650000000000000355e+00 -2.603326693149798365e-01 7.569087527872781607e+01
2.675000000000000266e+00 -2.617380230707292421e-01 7.512429349147292612e+01
2.700000000000000178e+00 -2.631300183162209594e-01 7.456606029172274930e+01
2.725000000000000089e+00 -2.645087929611847910e-01 7.401604953058546243e+01
2.750000000000000000e+00 -2.658744842463064417e-01 7.347413507421315160e+01
2.775000000000000355e+00 -2.672272287018766512e-01 7.294019036014479695e+01
2.800000000000000266e+00 -2.685671621089898431e-01 7.241408852813550823e+01
2.825000000000000178e+00 -2.698944194631789917e-01 7.189570765722535839e+01
2.850000000000000089e+00 -2.712091349403976670e-01 7.138492037523600686e+01
2.875000000000000000e+00 -2.725114418652436199e-01 7.088160080316917799e+01
2.900000000000000355e+00 -2.738014726813524091e-01 7.038563133323179954e+01
2.925000000000000266e+00 -2.750793589238597625e-01 6.989688926491672305e+01
2.950000000000000178e+00 -2.763452311938454642e-01 6.941525218668257935e+01
2.975000000000000089e+00 -2.775991639274659750e-01 6.894055540857017661e+01
3.000000000000000000e+00 -2.788413964116542854e-01 6.847277815149315927e+01
3.025000000000000355e+00 -2.800720008763499247e-01 6.801175370220545346e+01
3.050000000000000266e+00 -2.812911039691261550e-01 6.755736870641862879e+01
3.075000000000000178e+00 -2.824988313026040032e-01 6.710950935315042898e+01
3.100000000000000089e+00 -2.836953074391597163e-01 6.666806248515577238e+01
3.125000000000000000e+00 -2.848806558770757835e-01 6.623291917600727174e+01
3.150000000000000355e+00 -2.860549990380867325e-01 6.580397075774760651e+01
3.175000000000000266e+00 -2.872184582562425370e-01 6.538111050821814274e+01
3.200000000000000178e+00 -2.883711537680334058e-01 6.496423064308559958e+01
3.225000000000000089e+00 -2.895132047037276557e-01 6.455322917408378203e+01
3.250000000000000000e+00 -2.906447290798304106e-01 6.414800417021800172e+01
3.275000000000000355e+00 -2.917658437926551329e-01 6.374845407366481709e+01
3.300000000000000266e+00 -2.928766646129147833e-01 6.335447896982518046e+01
3.325000000000000178e+00 -2.939773061813049648e-01 6.296598273149511016e+01
3.350000000000000089e+00 -2.950678820050091078e-01 6.258286978797065103e+01
3.375000000000000000e+00 -2.961485044551087631e-01 6.220504469902616762e+01
3.400000000000000355e+00 -2.972192847648181258e-01 6.183241593685772131e+01
3.425000000000000266e+00 -2.982803330285191956e-01 6.146489200469779490e+01
3.450000000000000178e+00 -2.993317582015544986e-01 6.110238474896534910e+01
3.475000000000000089e+00 -3.003736681007347920e-01 6.074480616582642512e+01
3.500000000000000000e+00 -3.014061694055115148e-01 6.039207060722469578e+01
