0.000000000000000000e+00 -1.761009166913345483e-02 5.270871691578281570e+02
2.500000000000000139e-02 -2.065098046698175469e-02 5.114281510866962890e+02
5.000000000000000278e-02 -2.368821747045280271e-02 5.027780960602322011e+02
7.500000000000001110e-02 -2.672151896197198090e-02 4.954025703631857596e+02
1.000000000000000056e-01 -2.974978862172403954e-02 4.691516863180844439e+02
1.250000000000000000e-01 -3.277272263773794297e-02 4.421964702700032035e+02
1.500000000000000222e-01 -3.579006550766408723e-02 4.204891478887682865e+02
1.750000000000000167e-01 -3.880070697045769762e-02 4.033292976090047546e+02
2.000000000000000111e-01 -4.180438327141060978e-02 3.899694362606969094e+02
2.250000000000000056e-01 -4.480085013010158546e-02 3.797184702567006411e+02
2.500000000000000000e-01 -4.778903497920593268e-02 3.719508497163501488e+02
2.750000000000000222e-01 -5.076869519033900408e-02 3.661222242063568615e+02
3.000000000000000444e-01 -5.373932920524717577e-02 3.617819189153792081e+02
3.250000000000000111e-01 -5.670044527106739979e-02 3.585718349129626290e+02
3.500000000000000333e-01 -5.965184002939005747e-02 3.562156735719867697e+02
3.750000000000000000e-01 -6.259249452533109659e-02 3.545039049754119560e+02
4.000000000000000222e-01 -6.552221812611311313e-02 3.532789980251417319e+02
4.250000000000000444e-01 -6.844056236747550481e-02 3.524227226882514969e+02
4.500000000000000111e-01 -7.134709048986377644e-02 3.518461542418801287e+02
4.750000000000000333e-01 -7.424137773254588235e-02 3.514821093323981813e+02
5.000000000000000000e-01 -7.712301159876391865e-02 3.512795452206964910e+02
5.250000000000000222e-01 -7.999184638021965277e-02 3.511994883349273096e+02
5.500000000000000444e-01 -8.284698855577464494e-02 3.512118748692978443e+02
5.750000000000000666e-01 -8.568831511136885959e-02 3.512935692270056620e+02
6.000000000000000888e-01 -8.851546469651977445e-02 3.514265802271578991e+02
6.250000000000000000e-01 -9.132808912306293603e-02 3.515968869185369385e+02
6.500000000000000222e-01 -9.412585346078258808e-02 3.517935305760161100e+02
6.750000000000000444e-01 -9.690843610634349015e-02 3.520079295130435071e+02
7.000000000000000666e-01 -9.967552882640537404e-02 3.522333577969343423e+02
7.250000000000000888e-01 -1.024268367754871678e-01 3.524645460382757278e+02
7.500000000000000000e-01 -1.051620784895920674e-01 3.526973732952434943e+02
7.750000000000000222e-01 -1.078809858563561375e-01 3.529286278791200289e+02
8.000000000000000444e-01 -1.105833040627375030e-01 3.531558203837102496e+02
8.250000000000000666e-01 -1.132687915212014784e-01 3.533770370332596258e+02
8.500000000000000888e-01 -1.159372197754512668e-01 3.535908235084363582e+02
8.750000000000000000e-01 -1.185883733866792550e-01 3.537960931953982708e+02
9.000000000000000222e-01 -1.212220498015118414e-01 3.539920537563221501e+02
9.250000000000000444e-01 -1.238380592026851329e-01 3.541781486276587998e+02
9.500000000000000666e-01 -1.264362243435373512e-01 3.543540100005163822e+02
9.750000000000000888e-01 -1.290163803674188592e-01 3.545194208678576047e+02
1.000000000000000000e+00 -1.315783746131890253e-01 3.546742847394567661e+02
1.025000000000000133e+00 -1.341220664077932834e-01 3.548186006734200078e+02
1.050000000000000044e+00 -1.366473268470770330e-01 3.549524434492229261e+02
1.074999999999999956e+00 -1.391540385658565360e-01 3.550759472855116314e+02
1.100000000000000089e+00 -1.416420954983513003e-01 3.551892926441180975e+02
1.125000000000000000e+00 -1.441114026299133155e-01 3.552926954950068534e+02
1.150000000000000133e+00 -1.465618757411470130e-01 3.553863986093925291e+02
1.175000000000000044e+00 -1.489934411453058549e-01 3.554706645046762787e+02
1.200000000000000178e+00 -1.514060354199712466e-01 3.555457695765519475e+02
1.225000000000000089e+00 -1.537996051338564318e-01 3.556119995068766571e+02
1.250000000000000000e+00 -1.561741065696424235e-01 3.556696455109427575e+02
1.275000000000000133e+00 -1.585295054436400009e-01 3.557190010973803282e+02
1.300000000000000044e+00 -1.608657766231084418e-01 3.557603598846009731e+02
1.325000000000000178e+00 -1.631829038419538025e-01 3.557940133897991473e+02
1.350000000000000089e+00 -1.654808794155369356e-01 3.558202495789625459e+02
1.375000000000000000e+00 -1.677597039552414238e-01 3.558393516029875627e+02
1.400000000000000133e+00 -1.700193860834524895e-01 3.558515968700253893e+02
1.425000000000000044e+00 -1.722599421495506766e-01 3.558572563175915775e+02
1.450000000000000178e+00 -1.744813959474207365e-01 3.558565937815972688e+02
1.475000000000000089e+00 -1.766837784350834828e-01 3.558498657306541304e+02
1.500000000000000000e+00 -1.788671274568159608e-01 3.558373208821492995e+02
1.525000000000000133e+00 -1.810314874682929509e-01 3.558192001060756411e+02
1.550000000000000044e+00 -1.831769092651043540e-01 3.557957363446683985e+02
1.575000000000000178e+00 -1.853033387963896050e-01 3.557672075198667017e+02
1.600000000000000089e+00 -1.874110645056126512e-01 3.557337252167752695e+02
1.625000000000000000e+00 -1.895000396405025211e-01 3.556955510651217764e+02
1.650000000000000133e+00 -1.915703377201163904e-01 3.556528865433777469e+02
1.675000000000000044e+00 -1.936220373090715707e-01 3.556059256377671431e+02
1.700000000000000178e+00 -1.956552217729287946e-01 3.555548548422490853e+02
1.725000000000000089e+00 -1.976699790388549427e-01 3.554998534909056502e+02
1.750000000000000000e+00 -1.996664013617053812e-01 3.554410938993207765e+02
1.775000000000000133e+00 -2.016445850957312991e-01 3.553787414955556869e+02
1.800000000000000044e+00 -2.036046304719464073e-01 3.553129552757425245e+02
1.825000000000000178e+00 -2.055466413812673532e-01 3.552438878055818350e+02
1.850000000000000089e+00 -2.074707251635116712e-01 3.551716854465071833e+02
1.875000000000000000e+00 -2.093769924022570450e-01 3.550964886393715005e+02
1.900000000000000133e+00 -2.112655567256465361e-01 3.550184322035744344e+02
1.925000000000000044e+00 -2.131365346130951743e-01 3.549376453919423966e+02
1.950000000000000178e+00 -2.149900452079411273e-01 3.548542520637635675e+02
1.975000000000000089e+00 -2.168262101359826333e-01 3.547683712405317351e+02
2.000000000000000000e+00 -2.186451533299244299e-01 3.546801168419173109e+02
2.024999999999999911e+00 -2.204470008596169650e-01 3.545895982597180591e+02
2.050000000000000266e+00 -2.222318807681133435e-01 3.544969202419802059e+02
2.075000000000000178e+00 -2.239999229134208014e-01 3.544021832741824483e+02
2.100000000000000089e+00 -2.257512588159085454e-01 3.543054839131593781e+02
2.125000000000000000e+00 -2.274860215112767259e-01 3.542069144458095593e+02
2.149999999999999911e+00 -2.292043454089942589e-01 3.541065635420760032e+02
2.175000000000000266e+00 -2.309063661561401304e-01 3.540045162254161824e+02
2.200000000000000178e+00 -2.325921565124261514e-01 3.539009216307794645e+02
2.225000000000000089e+00 -2.342619837576074560e-01 3.537957224937251226e+02
2.250000000000000000e+00 -2.359159208436439059e-01 3.536890618121440184e+02
2.274999999999999911e+00 -2.375541071145474137e-01 3.535810114132924014e+02
2.300000000000000266e+00 -2.391766825481310144e-01 3.534716403697888722e+02
2.325000000000000178e+00 -2.407837876498986895e-01 3.533610151155719450e+02
2.350000000000000089e+00 -2.423755633515575214e-01 3.532491990393888273e+02
2.375000000000000000e+00 -2.439521509139919719e-01 3.531362533418322869e+02
2.400000000000000355e+00 -2.455136918346379482e-01 3.530222367027689643e+02
2.425000000000000266e+00 -2.470603277590887603e-01 3.529072051481106769e+02
2.450000000000000178e+00 -2.485922003968072946e-01 3.527912128264686089e+02
2.475000000000000089e+00 -2.501094514408915281e-01 3.526743117463005319e+02
2.500000000000000000e+00 -2.516122224916564343e-01 3.525565516286411594e+02
2.525000000000000355e+00 -2.531006549840350006e-01 3.524379803998305078e+02
2.550000000000000266e+00 -2.545748901185804769e-01 3.523186439794238822e+02
2.575000000000000178e+00 -2.560350687960101235e-01 3.521985866721241791e+02
2.600000000000000089e+00 -2.574813315551507942e-01 3.520778508766277923e+02
2.625000000000000000e+00 -2.589138185141663384e-01 3.519564774827265978e+02
2.650000000000000355e+00 -2.603326693149798365e-01 3.518345056666344135e+02
2.675000000000000266e+00 -2.617380230707292421e-01 3.517119731663114521e+02
2.700000000000000178e+00 -2.631300183162209594e-01 3.515889163081827178e+02
2.725000000000000089e+00 -2.645087929611847910e-01 3.514653700531384857e+02
2.750000000000000000e+00 -2.658744842463064417e-01 3.513413678615009417e+02
2.775000000000000355e+00 -2.672272287018766512e-01 3.512169420238767543e+02
2.800000000000000266e+00 -2.685671621089898431e-01 3.510921236352887718e+02
2.825000000000000178e+00 -2.698944194631789917e-01 3.509669424570541310e+02
2.850000000000000089e+00 -2.712091349403976670e-01 3.508414274058171145e+02
2.875000000000000000e+00 -2.725114418652436199e-01 3.507156060839885185e+02
2.900000000000000355e+00 -2.738014726813524091e-01 3.505895051857029898e+02
2.925000000000000266e+00 -2.750793589238597625e-01 3.504631502528604869e+02
2.950000000000000178e+00 -2.763452311938454642e-01 3.503365659738602176e+02
2.975000000000000089e+00 -2.775991639274659750e-01 3.502098483563659101e+02
3.000000000000000000e+00 -2.788413964116542854e-01 3.500828754636045801e+02
3.025000000000000355e+00 -2.800720008763499247e-01 3.499557418887920903e+02
3.050000000000000266e+00 -2.812911039691261550e-01 3.498284688852694444e+02
3.075000000000000178e+00 -2.824988313026040032e-01 3.497010768369343623e+02
3.100000000000000089e+00 -2.836953074391597163e-01 3.495735855078089003e+02
3.125000000000000000e+00 -2.848806558770757835e-01 3.494460137611363848e+02
3.150000000000000355e+00 -2.860549990380867325e-01 3.493183798753938731e+02
3.175000000000000266e+00 -2.872184582562425370e-01 3.491907014971567946e+02
3.200000000000000178e+00 -2.883711537680334058e-01 3.490629954937078878e+02
3.225000000000000089e+00 -2.895132047037276557e-01 3.489352782304231937e+02
3.250000000000000000e+00 -2.906447290798304106e-01 3.488075653244337673e+02
3.275000000000000355e+00 -2.917658437926551329e-01 3.486798719729284244e+02
3.300000000000000266e+00 -2.928766646129147833e-01 3.485522127433694664e+02
3.325000000000000178e+00 -2.939773061813049648e-01 3.484246017493827026e+02
3.350000000000000089e+00 -2.950678820050091078e-01 3.482970523948281993e+02
3.375000000000000000e+00 -2.961485044551087631e-01 3.481695778829684400e+02
3.400000000000000355e+00 -2.972192847648181258e-01 3.480421905849486279e+02
3.425000000000000266e+00 -2.982803330285191956e-01 3.479149027949088122e+02
3.450000000000000178e+00 -2.993317582015544986e-01 3.477877259839714839e+02
3.475000000000000089e+00 -3.003736681007347920e-01 3.476606714496611517e+02
3.500000000000000000e+00 -3.014061694055115148e-01 3.475337499845206253e+02
