0.000000000000000000e+00 6.235891357655128786e+01
3.353440641678686381e-03 6.236027917780032226e+01
1.334940628045539965e-02 6.232115997641935934e+01
3.036063268265209655e-02 6.210524555093703469e+01
5.482227994582127006e-02 6.146483431574421274e+01
8.724953298877734242e-02 6.000885376206688449e+01
1.280708217399731674e-01 5.709199405711026998e+01
1.776258355614953599e-01 5.083190506137083986e+01
2.354567196343116675e-01 4.104227737782339602e+01
3.004685728698665570e-01 8.314869066823676746e+01
3.703323591323345321e-01 7.778617807034626708e+01
4.420371201562266483e-01 7.171555165428330270e+01
5.122041273204798184e-01 6.395007762710513788e+01
6.372830634054936771e-01 5.127681453048946736e+01
7.306372016406439407e-01 4.297001743027114884e+01
7.981113704960223210e-01 3.604464909565820108e+01
