0.000000000000000000e+00 6.235891357655128786e+01
2.408260309460123066e-03 6.236060834492366212e+01
9.547704332022077106e-03 6.234369177565869791e+01
2.170115527198354308e-02 6.223860588337984723e+01
3.920547602470089016e-02 6.191828265244031826e+01
6.251255932373381285e-02 6.118130457871525607e+01
9.212489018892019987e-02 5.972364693256338342e+01
1.287069255098906295e-01 5.702229261791628545e+01
1.726136060598041644e-01 5.156503396339699918e+01
2.241464164410486293e-01 4.338704584179357227e+01
2.827853739726409743e-01 8.430781150940532598e+01
3.474690785432663076e-01 7.951802851178766218e+01
4.160082496637914629e-01 7.380778835663029724e+01
5.534618943738689456e-01 5.923730235480408624e+01
6.733430405806213326e-01 4.772031158983773480e+01
7.631564199059778231e-01 3.909741117265669175e+01
