0.000000000000000000e+00 4.673565324515463359e+00
0.000000000000000000e+00 4.222499119912346544e+01
0.000000000000000000e+00 3.063129046443032877e+01
0.000000000000000000e+00 8.686781185907399561e+01
5.000000000000000000e+00 3.063126963461265007e+01
5.000000000000000000e+00 4.222455662038584734e+01
5.000000000000000000e+00 4.673565057258825206e+00
5.000000000000000000e+00 8.686786781833554016e+01
1.000000000000000000e+01 8.686758960857352463e+01
1.000000000000000000e+01 3.063120230019649171e+01
1.000000000000000000e+01 4.221180656133077491e+01
1.000000000000000000e+01 4.673564178703816907e+00
1.500000000000000000e+01 4.215054187523721652e+01
1.500000000000000000e+01 3.063108560394529434e+01
1.500000000000000000e+01 8.686555142093607174e+01
1.500000000000000000e+01 4.673562482346592439e+00
2.000000000000000000e+01 4.673559579340694548e+00
2.000000000000000000e+01 4.197494877239927291e+01
2.000000000000000000e+01 8.685871465163299376e+01
2.000000000000000000e+01 3.063091017215137413e+01
2.500000000000000000e+01 4.158308556245567189e+01
2.500000000000000000e+01 3.063066401143695927e+01
2.500000000000000000e+01 8.683992197216626607e+01
2.500000000000000000e+01 4.673554865237800726e+00
3.000000000000000000e+01 3.063033184220248017e+01
3.000000000000000000e+01 4.083406279088089974e+01
3.000000000000000000e+01 8.678512264351196848e+01
3.000000000000000000e+01 4.673547464750112290e+00
3.500000000000000000e+01 3.955324516872852314e+01
3.500000000000000000e+01 4.673536116455865752e+00
3.500000000000000000e+01 3.062989264922539689e+01
3.500000000000000000e+01 8.651778465754206593e+01
4.000000000000000000e+01 4.673519233283268903e+00
4.000000000000000000e+01 3.062932271619265023e+01
4.000000000000000000e+01 3.759227554935964122e+01
4.000000000000000000e+01 8.347968169764664026e+01
4.500000000000000000e+01 7.852167907306292705e+01
4.500000000000000000e+01 4.673494799489012586e+00
4.500000000000000000e+01 3.062858352376596116e+01
4.500000000000000000e+01 3.491285249116025113e+01
5.000000000000000000e+01 3.170215842758194214e+01
5.000000000000000000e+01 7.461345632589504362e+01
5.000000000000000000e+01 3.062748191671144227e+01
5.000000000000000000e+01 4.673460820751818900e+00
5.500000000000000000e+01 7.184121392941743522e+01
5.500000000000000000e+01 3.062681931846878669e+01
5.500000000000000000e+01 2.829997847962475532e+01
5.500000000000000000e+01 4.673415567769542811e+00
6.000000000000000000e+01 6.996939428425199026e+01
6.000000000000000000e+01 2.506120167095613382e+01
6.000000000000000000e+01 4.673358639972010842e+00
6.000000000000000000e+01 3.062544374143346815e+01
7.000000000000000000e+01 3.062214209540929488e+01
7.000000000000000000e+01 6.787490889856711362e+01
7.000000000000000000e+01 4.673218039174829919e+00
7.000000000000000000e+01 1.979828345570104275e+01
8.000000000000000000e+01 3.061795315296692266e+01
8.000000000000000000e+01 6.686241790171916932e+01
8.000000000000000000e+01 1.625552514822295791e+01
8.000000000000000000e+01 4.673079307113979119e+00
9.000000000000000000e+01 1.397231175509785572e+01
9.000000000000000000e+01 4.673009632899110422e+00
9.000000000000000000e+01 3.061288303789918075e+01
9.000000000000000000e+01 6.628867922296004167e+01
