0.000000000000000000e+00 4.673565324515463359e+00
0.000000000000000000e+00 4.222499119912346544e+01
0.000000000000000000e+00 3.063129046443032877e+01
0.000000000000000000e+00 8.686781185907399561e+01
5.000000000000000000e+00 3.063126008719758175e+01
5.000000000000000000e+00 4.222385626406259007e+01
5.000000000000000000e+00 4.673564943635510005e+00
5.000000000000000000e+00 8.686786725409265841e+01
1.000000000000000000e+01 8.686717010473158496e+01
1.000000000000000000e+01 3.063116630707940757e+01
1.000000000000000000e+01 4.219801203994857275e+01
1.000000000000000000e+01 4.673563675708595433e+00
1.500000000000000000e+01 4.207667557031531658e+01
1.500000000000000000e+01 3.063100007950344050e+01
1.500000000000000000e+01 8.686280966680884319e+01
1.500000000000000000e+01 4.673561114082616541e+00
2.000000000000000000e+01 4.673556530585410762e+00
2.000000000000000000e+01 4.173293220444844565e+01
2.000000000000000000e+01 8.684774781400452071e+01
2.000000000000000000e+01 3.063074721840467163e+01
2.500000000000000000e+01 4.097906846401243541e+01
2.500000000000000000e+01 3.063038839985042827e+01
2.500000000000000000e+01 8.679857580169723974e+01
2.500000000000000000e+01 4.673548804799635192e+00
3.000000000000000000e+01 3.062989964378649432e+01
3.000000000000000000e+01 3.958741923974524468e+01
3.000000000000000000e+01 8.653258714158677378e+01
3.000000000000000000e+01 4.673536377818885867e+00
3.500000000000000000e+01 3.736511827907036576e+01
3.500000000000000000e+01 4.673517191251358227e+00
3.500000000000000000e+01 3.062924823362085291e+01
3.500000000000000000e+01 8.297459998263062175e+01
4.000000000000000000e+01 4.673489025951838016e+00
4.000000000000000000e+01 3.062838151303894207e+01
4.000000000000000000e+01 3.433220962562632650e+01
4.000000000000000000e+01 7.766674369411767032e+01
4.500000000000000000e+01 7.375101001347010765e+01
4.500000000000000000e+01 4.673449803848948925e+00
4.500000000000000000e+01 3.062489043577735970e+01
4.500000000000000000e+01 3.080131997232636110e+01
5.000000000000000000e+01 3.062639496767015146e+01
5.000000000000000000e+01 7.113876199301950010e+01
5.000000000000000000e+01 2.724030717855781347e+01
5.000000000000000000e+01 4.673398622669821201e+00
5.500000000000000000e+01 6.945083776543478393e+01
5.500000000000000000e+01 3.062487794827039522e+01
5.500000000000000000e+01 2.402140905010275418e+01
5.500000000000000000e+01 4.673336414542781370e+00
6.000000000000000000e+01 6.835505133946821843e+01
6.000000000000000000e+01 2.130715095578363005e+01
6.000000000000000000e+01 4.673266625361191196e+00
6.000000000000000000e+01 3.062318747993133883e+01
7.000000000000000000e+01 3.061920862447795599e+01
7.000000000000000000e+01 6.711248366415671285e+01
7.000000000000000000e+01 4.673127927270745552e+00
7.000000000000000000e+01 1.734381420472410795e+01
8.000000000000000000e+01 3.061470627467985395e+01
8.000000000000000000e+01 6.646976927091638743e+01
8.000000000000000000e+01 1.491243346215754606e+01
8.000000000000000000e+01 4.673039020644127461e+00
9.000000000000000000e+01 1.322947982147033841e+01
9.000000000000000000e+01 4.673055670268880135e+00
9.000000000000000000e+01 3.060903978847838403e+01
9.000000000000000000e+01 6.604642443370079263e+01
