1.000000000000000000e+01 -1.094319074966483437e-05 1.122298834487660315e+02
1.000000000000000000e+01 -3.859703591053311681e-03 4.349457787499866868e+01
1.000000000000000000e+01 -4.411865338816378657e-02 4.710782564441979403e+00
1.000000000000000000e+01 -6.851105919765302678e-03 3.097671397191826159e+01
1.000000000000000000e+01 -3.728654883949339156e-03 8.766671105314901524e+01
1.000000000000000000e+01 -5.583094785823663475e-01 7.662280071670334536e+00
1.000000000000000000e+01 -1.000000000000000000e+00 4.542253339444219051e+00
1.000000000000000000e+01 -8.822468353670317454e-01 6.216297881959190086e+00
1.000000000000000000e+01 -9.999848965363955511e-01 6.638828857411514406e+00
1.000000000000000000e+01 -9.999848965363955511e-01 6.638828857411601447e+00
1.000000000000000000e+01 -8.514053931729446134e-01 8.016280510377724156e+00
1.100000000000000000e+01 -1.005854845387502720e-05 1.125429927727671071e+02
1.100000000000000000e+01 -4.227795816179723103e-03 4.348623137899804902e+01
1.100000000000000000e+01 -4.905134230671195916e-02 4.710637265640871263e+00
1.100000000000000000e+01 -7.516395940381618429e-03 3.098487969789223229e+01
1.100000000000000000e+01 -3.721615978718876509e-03 8.781471709223248467e+01
1.100000000000000000e+01 -5.593889820385794520e-01 8.380400934349941267e+00
1.100000000000000000e+01 -1.000000000000000000e+00 4.989596743476955254e+00
1.100000000000000000e+01 -8.809433549189100709e-01 6.867566084024180562e+00
1.100000000000000000e+01 -9.999810355174929555e-01 7.349291046203225264e+00
1.100000000000000000e+01 -9.999810355174930665e-01 7.349291046203258126e+00
1.100000000000000000e+01 -8.547322326745985244e-01 8.816583384953949221e+00
1.200000000000000000e+01 -9.335436327966080647e-06 1.127828683925631879e+02
1.200000000000000000e+01 -4.605748493978001519e-03 4.347075561097022245e+01
1.200000000000000000e+01 -5.403547242029637515e-02 4.710210579651376683e+00
1.200000000000000000e+01 -8.213316681116191245e-03 3.099115338974570122e+01
1.200000000000000000e+01 -3.748818446511701860e-03 8.792835505138600638e+01
1.200000000000000000e+01 -5.604244031456550035e-01 9.088798841941505557e+00
1.200000000000000000e+01 -1.000000000000000000e+00 5.435713466719904297e+00
1.200000000000000000e+01 -8.798628587263113143e-01 7.520515493802251150e+00
1.300000000000000000e+01 -8.748942908878936024e-06 1.129703610261775708e+02
1.300000000000000000e+01 -4.992902184624522718e-03 4.344940613049378442e+01
1.300000000000000000e+01 -8.939078303818473459e-03 3.099595544471091557e+01
1.300000000000000000e+01 -5.907342924628338626e-02 4.709506835987665063e+00
1.300000000000000000e+01 -3.803034478798646405e-03 8.801752147454615738e+01
1.300000000000000000e+01 -5.615008592977742685e-01 9.789847714502133869e+00
1.300000000000000000e+01 -1.000000000000000000e+00 5.880617448076912446e+00
1.300000000000000000e+01 -8.789860596571497098e-01 8.174290543880015747e+00
1.400000000000000000e+01 -8.282969697369323961e-06 1.131193749573249221e+02
1.400000000000000000e+01 -5.388780790380276985e-03 4.342299184344729213e+01
1.400000000000000000e+01 -9.691687643632002774e-03 3.099955234963408301e+01
1.400000000000000000e+01 -6.416686139404564893e-02 4.708527842345229253e+00
1.400000000000000000e+01 -3.879040908538743202e-03 8.808879479008682267e+01
1.400000000000000000e+01 -5.632494111373557155e-01 1.047806082370288827e+01
1.400000000000000000e+01 -1.000000000000000000e+00 6.324435400090317572e+00
1.400000000000000000e+01 -8.784894314397008186e-01 8.811605939445493973e+00
1.500000000000000000e+01 -7.928117063936892254e-06 1.132394498731430161e+02
1.500000000000000000e+01 -5.792930179814768932e-03 4.339204800319751598e+01
1.500000000000000000e+01 -1.046967224463861944e-02 3.100211664754380081e+01
1.500000000000000000e+01 -6.931721870497062343e-02 4.707276559798229343e+00
1.500000000000000000e+01 -3.972788565433714274e-03 8.814665866537878003e+01
1.500000000000000000e+01 -5.645437576915897093e-01 1.117379049493766274e+01
1.500000000000000000e+01 -1.000000000000000000e+00 6.766916616713575472e+00
1.600000000000000000e+01 -7.680344627568355898e-06 1.133372914289882232e+02
1.600000000000000000e+01 -6.204932903527011698e-03 4.335693372733238959e+01
1.600000000000000000e+01 -1.127193569076704802e-02 3.100375959744336285e+01
1.600000000000000000e+01 -7.452619147333383598e-02 4.705755695109380632e+00
1.600000000000000000e+01 -4.081333239203980764e-03 8.819428405307758112e+01
1.600000000000000000e+01 -5.660104725195080899e-01 1.187416591417694001e+01
1.600000000000000000e+01 -1.000000000000000000e+00 7.208096797634325092e+00
1.700000000000000000e+01 -7.540102203787196499e-06 1.134177113067152334e+02
1.700000000000000000e+01 -6.624337378837353088e-03 4.331789441821064912e+01
1.700000000000000000e+01 -4.202373578483603600e-03 8.823394435818315173e+01
1.700000000000000000e+01 -1.209764820754380583e-02 3.100455355831958215e+01
1.700000000000000000e+01 -7.979587499407110596e-02 4.703968340094847989e+00
1.700000000000000000e+01 -5.676563472337060601e-01 1.258114225937619857e+01
1.700000000000000000e+01 -1.000000000000000000e+00 7.647933246238747707e+00
1.800000000000000000e+01 -7.511811611135511398e-06 1.134842223730810105e+02
1.800000000000000000e+01 -7.050661483987506924e-03 4.327509881328168717e+01
1.800000000000000000e+01 -4.334105780998714040e-03 8.826730729692123134e+01
1.800000000000000000e+01 -8.512883335337793900e-02 4.701918980242110635e+00
1.800000000000000000e+01 -1.294618897136959844e-02 3.100454499799025143e+01
1.800000000000000000e+01 -5.694800654092279091e-01 1.329716802678233911e+01
1.900000000000000000e+01 -7.603588230479142192e-06 1.135394258044297260e+02
1.900000000000000000e+01 -7.483393538796789812e-03 4.322866290777675857e+01
1.900000000000000000e+01 -4.475098654250974847e-03 8.829561794681809772e+01
1.900000000000000000e+01 -9.052813183145635989e-02 4.699611429327111622e+00
1.900000000000000000e+01 -1.381711217097349523e-02 3.100376274267516052e+01
2.000000000000000000e+01 -7.827108880202346021e-06 1.135852693066175192e+02
2.000000000000000000e+01 -7.921993153543993929e-03 4.317866554590145967e+01
2.000000000000000000e+01 -4.624201220643572516e-03 8.831982040756641084e+01
2.000000000000000000e+01 -9.599733867044595026e-02 4.697047765931929852e+00
2.000000000000000000e+01 -1.471012447734936467e-02 3.100222322061306812e+01
2.100000000000000000e+01 -8.197661694137185930e-06 1.136232222995947723e+02
2.100000000000000000e+01 -8.365891319405141524e-03 4.312515916496112567e+01
2.100000000000000000e+01 -4.780476691161921615e-03 8.834064074023295632e+01
2.100000000000000000e+01 -1.015404500303064422e-01 4.694230962576464883e+00
2.100000000000000000e+01 -1.562506952676797484e-02 3.099993437548431530e+01
2.200000000000000000e+01 -8.734252801231367637e-06 1.136543978073257080e+02
2.200000000000000000e+01 -8.814489129531586850e-03 4.306817672706546318e+01
2.200000000000000000e+01 -4.943153689145913555e-03 8.835864419875166220e+01
2.200000000000000000e+01 -1.071618905397114518e-01 4.691162954592033252e+00
2.200000000000000000e+01 -1.656191797764034607e-02 3.099689766991057382e+01
2.300000000000000000e+01 -9.459819018159492703e-06 1.136796381493678894e+02
2.300000000000000000e+01 -9.267154315507624904e-03 4.300773682137570120e+01
2.300000000000000000e+01 -5.111589744807682259e-03 8.837427581807730803e+01
2.300000000000000000e+01 -1.128665005828069640e-01 4.687844238581845069e+00
2.300000000000000000e+01 -1.752076163650291910e-02 3.099310955899629150e+01
2.400000000000000000e+01 -1.040146983423857266e-05 1.136995761596581644e+02
2.400000000000000000e+01 -9.723251658262961963e-03 4.294384595331106169e+01
2.400000000000000000e+01 -5.285252062827643961e-03 8.838788757497343340e+01
2.400000000000000000e+01 -1.186595420520124289e-01 4.684273878715586648e+00
2.400000000000000000e+01 -1.850180403344799801e-02 3.098856143518289841e+01
2.500000000000000000e+01 -1.159101601395144588e-05 1.137146793395705373e+02
2.500000000000000000e+01 -1.018199453275533094e-02 4.287650557216365144e+01
2.500000000000000000e+01 -5.463660667563647114e-03 8.839976733719046820e+01
2.500000000000000000e+01 -1.245465209785797667e-01 4.680453589922442426e+00
2.500000000000000000e+01 -1.950537649214797650e-02 3.098324499165455848e+01
2.600000000000000000e+01 -1.306514786748055626e-05 1.137252825623677523e+02
2.600000000000000000e+01 -1.064265740716873430e-02 4.280570849698676739e+01
2.600000000000000000e+01 -5.646436382075856533e-03 8.841014321900095752e+01
2.600000000000000000e+01 -1.305334393642003654e-01 4.676381225184523593e+00
2.600000000000000000e+01 -2.053194577475710852e-02 3.097714552887267558e+01
2.700000000000000000e+01 -1.486608127330985397e-05 1.137316111392023856e+02
2.700000000000000000e+01 -1.110443223714597041e-02 4.273144393724169987e+01
2.700000000000000000e+01 -5.833237864116176848e-03 8.841920242259783436e+01
2.700000000000000000e+01 -1.366266718019147064e-01 4.672053853850663963e+00
2.700000000000000000e+01 -2.158210560052710100e-02 3.097024648899634158e+01
2.800000000000000000e+01 -1.704194236786052904e-05 1.137337986132747858e+02
2.800000000000000000e+01 -1.156645417876653661e-02 4.265369648353743770e+01
2.800000000000000000e+01 -6.023763167929150307e-03 8.842709726353477606e+01
2.800000000000000000e+01 -1.428331616277195848e-01 4.667463237298217216e+00
2.800000000000000000e+01 -2.265656743736202752e-02 3.096252776599277112e+01
2.900000000000000000e+01 -1.964788371282941525e-05 1.137318994040277289e+02
2.900000000000000000e+01 -1.202779842184181769e-02 4.257245255716770771e+01
2.900000000000000000e+01 -6.217762719389004905e-03 8.843395749192573874e+01
2.900000000000000000e+01 -1.491598430441039014e-01 4.662611932324433717e+00
2.900000000000000000e+01 -2.375628954283970709e-02 3.095396741394705487e+01
3.000000000000000000e+01 -2.274607396362979557e-05 1.137258979763432194e+02
3.000000000000000000e+01 -1.248751110259879206e-02 4.248769313080300236e+01
3.000000000000000000e+01 -6.415001471152322922e-03 8.843988663944044504e+01
3.000000000000000000e+01 -1.556143586033727211e-01 4.657494758051637262e+00
3.000000000000000000e+01 -2.488229072992154817e-02 3.094453770779072599e+01
3.100000000000000000e+01 -2.640663728470845484e-05 1.137157158435213091e+02
3.100000000000000000e+01 -1.294455699334315542e-02 4.239939701773931091e+01
3.100000000000000000e+01 -6.615272762063304987e-03 8.844497057485030211e+01
3.100000000000000000e+01 -1.622057437887969855e-01 4.652081329134500898e+00
3.100000000000000000e+01 -2.603578080441059858e-02 3.093420369440993767e+01
3.200000000000000000e+01 -3.070936821720436074e-05 1.137012155335563790e+02
3.200000000000000000e+01 -1.339791365635762711e-02 4.230754899119131096e+01
3.200000000000000000e+01 -6.818407103228255224e-03 8.844928576890819727e+01
3.200000000000000000e+01 -1.689410607320327717e-01 4.646406318692309689e+00
3.200000000000000000e+01 -2.721811079440257172e-02 3.092293187987769087e+01
3.300000000000000000e+01 -3.574317676898369393e-05 1.136822034680789955e+02
3.300000000000000000e+01 -1.384646244483654989e-02 4.221212545837852304e+01
3.300000000000000000e+01 -7.024235988356770759e-03 8.845289085650856009e+01
3.300000000000000000e+01 -1.758303981978150132e-01 4.640437182815264627e+00
3.300000000000000000e+01 -2.843075765605848973e-02 3.091067449717749938e+01
3.400000000000000000e+01 -4.160802512269301426e-05 1.136584323417790472e+02
3.400000000000000000e+01 -1.428904521294539418e-02 4.211310488493711546e+01
3.400000000000000000e+01 -7.232615290103014058e-03 8.845583719241292897e+01
3.400000000000000000e+01 -1.828836066796804549e-01 4.634164340070381805e+00
3.400000000000000000e+01 -2.967530501343779853e-02 3.089738047308609126e+01
3.500000000000000000e+01 -4.841568895817040399e-05 1.136296003114069606e+02
3.500000000000000000e+01 -1.472444217678284782e-02 4.201046518532966445e+01
3.500000000000000000e+01 -7.443413690544777896e-03 8.845816715438986932e+01
3.500000000000000000e+01 -1.901110184358047184e-01 4.627581084762982577e+00
3.500000000000000000e+01 -3.095343125621838332e-02 3.088299198245654154e+01
3.600000000000000000e+01 -5.629081291756961525e-05 1.135953512725012047e+02
3.600000000000000000e+01 -1.515136207141155184e-02 4.190418301522328193e+01
3.600000000000000000e+01 -7.656511447373859705e-03 8.845991599276621287e+01
3.600000000000000000e+01 -1.975237544579296622e-01 4.620677635437306918e+00
3.600000000000000000e+01 -3.226690325921195701e-02 3.086744355433690856e+01
3.700000000000000000e+01 -6.537208176087816176e-05 1.135552733662284624e+02
3.700000000000000000e+01 -1.556841573697371854e-02 4.179423349105688601e+01
3.700000000000000000e+01 -7.871800017553477746e-03 8.846111266705129594e+01
3.700000000000000000e+01 -2.051337451734328854e-01 4.613442472048840948e+00
3.700000000000000000e+01 -3.361756109189480840e-02 3.085066232856143031e+01
3.800000000000000000e+01 -7.581329684708163852e-05 1.135088970311644658e+02
3.800000000000000000e+01 -1.597409358330529813e-02 4.168059069980282061e+01
3.800000000000000000e+01 -8.089180028712171164e-03 8.846178063491640842e+01
3.800000000000000000e+01 -2.129537809551768912e-01 4.605862920697474827e+00
3.800000000000000000e+01 -3.500732555844718319e-02 3.083256802685226461e+01
3.900000000000000000e+01 -8.778455499980294962e-05 1.134556923937553989e+02
3.900000000000000000e+01 -1.636673752376682084e-02 4.156322815315313335e+01
3.900000000000000000e+01 -8.308560095229901646e-03 8.846193847368671470e+01
3.900000000000000000e+01 -2.209975887332445710e-01 4.597925217975967094e+00
3.900000000000000000e+01 -3.643820139816956322e-02 3.081307275317621830e+01
4.000000000000000000e+01 -1.014732945594720378e-04 1.133950663619273200e+02
4.000000000000000000e+01 -1.674459246892464129e-02 4.144211946601070906e+01
4.000000000000000000e+01 -8.529847180469120674e-03 8.846160394512025960e+01
4.000000000000000000e+01 -2.292729530836137286e-01 4.589737721692198846e+00
4.000000000000000000e+01 -3.791215127027876969e-02 3.079210356688248496e+01
4.100000000000000000e+01 -1.170855969523405268e-04 1.133263584885610271e+02
4.100000000000000000e+01 -1.710547969142796332e-02 4.131723601954267622e+01
4.100000000000000000e+01 -8.752979044849057769e-03 8.846078038890652806e+01
4.100000000000000000e+01 -2.378086165497849125e-01 4.581051223612981005e+00
4.100000000000000000e+01 -3.943166080937121620e-02 3.076951242825029098e+01
4.200000000000000000e+01 -1.348468604766685046e-04 1.132488374372868662e+02
4.200000000000000000e+01 -1.744716975548670293e-02 4.118855687183653203e+01
4.200000000000000000e+01 -8.977875481672187991e-03 8.845947743692390475e+01
4.200000000000000000e+01 -2.466160456631429909e-01 4.571953581915524367e+00
4.200000000000000000e+01 -4.099893562023938093e-02 3.074520530762708503e+01
4.300000000000000000e+01 -1.550025571189046162e-04 1.131616975106257996e+02
4.300000000000000000e+01 -1.776713905059843293e-02 4.105606364291106303e+01
4.300000000000000000e+01 -9.204471295106460629e-03 8.845769798089574465e+01
4.300000000000000000e+01 -2.557136264939266490e-01 4.562428771087187584e+00
4.300000000000000000e+01 -4.261646509737839622e-02 3.071905756821234235e+01
4.400000000000000000e+01 -1.778190523551598527e-04 1.130640523075120711e+02
4.400000000000000000e+01 -1.806258930638443561e-02 4.091974446665694387e+01
4.400000000000000000e+01 -9.432702161490771550e-03 8.845544113902138861e+01
4.400000000000000000e+01 -2.651213933479956708e-01 4.552457296530495690e+00
4.400000000000000000e+01 -4.428689717044841101e-02 3.069093210433829100e+01
4.500000000000000000e+01 -2.035836531793724523e-04 1.129549311023466629e+02
4.500000000000000000e+01 -1.833045146194544131e-02 4.077959482104885325e+01
4.500000000000000000e+01 -9.662509326393576778e-03 8.845270264850483954e+01
4.500000000000000000e+01 -2.748611817675520874e-01 4.542016455747788228e+00
4.500000000000000000e+01 -4.601305235510515235e-02 3.066067790649718461e+01
4.600000000000000000e+01 -2.326044918223432658e-04 1.128332738179934012e+02
4.600000000000000000e+01 -1.856738085892954693e-02 4.063562144999724524e+01
4.600000000000000000e+01 -9.893836515449784888e-03 8.844947448276124646e+01
4.600000000000000000e+01 -2.849567136809725842e-01 4.531082005590088002e+00
4.600000000000000000e+01 -4.779791835122376709e-02 3.062812792563889630e+01
4.700000000000000000e+01 -2.652097737157063867e-04 1.126979260895848398e+02
4.700000000000000000e+01 -1.876977849962876629e-02 4.048784348124542731e+01
4.700000000000000000e+01 -1.012663039405213052e-02 8.844574486156236048e+01
4.700000000000000000e+01 -2.954338694640777363e-01 4.519627384064148323e+00
4.700000000000000000e+01 -4.964466125664399737e-02 3.059309705642074562e+01
4.800000000000000000e+01 -3.017465969702776618e-04 1.125476344959572828e+02
4.800000000000000000e+01 -1.893380747384616411e-02 4.033629508983296574e+01
4.800000000000000000e+01 -1.036084206180483934e-02 8.844149809078051305e+01
4.800000000000000000e+01 -3.063209280981159521e-01 4.507623621615953979e+00
4.800000000000000000e+01 -5.155661057914553286e-02 3.055537949085642779e+01
4.900000000000000000e+01 -3.425786898358900291e-04 1.123810425414379210e+02
4.900000000000000000e+01 -1.905543005787712837e-02 4.018102779474168784e+01
4.900000000000000000e+01 -1.059642262342584511e-02 8.843671378839334807e+01
4.900000000000000000e+01 -3.176488440457606033e-01 4.495039269901592860e+00
4.900000000000000000e+01 -5.353723856749030563e-02 3.051474597795472121e+01
5.000000000000000000e+01 -3.880837431415708541e-04 1.121966857820136170e+02
5.000000000000000000e+01 -1.913045043528427067e-02 4.002211244958822789e+01
5.000000000000000000e+01 -1.083332816143965996e-02 8.843136722858109522e+01
5.000000000000000000e+01 -3.294515710277955978e-01 4.481840508350061647e+00
5.000000000000000000e+01 -5.559013757288974733e-02 3.047094117663775137e+01
5.100000000000000000e+01 -4.386489674459438637e-04 1.119929907784008094e+02
5.100000000000000000e+01 -1.915457122473338686e-02 3.985964118757748054e+01
5.100000000000000000e+01 -1.107151361284360903e-02 8.842542740168907756e+01
5.100000000000000000e+01 -3.417665476629194732e-01 4.467988934486067265e+00
5.100000000000000000e+01 -5.771896716473953748e-02 3.042367889374011014e+01
5.200000000000000000e+01 -4.946665289060881397e-04 1.117682705037424142e+02
5.200000000000000000e+01 -1.912346303686607296e-02 3.969372919282010770e+01
5.200000000000000000e+01 -1.131093815030241069e-02 8.841885790879561569e+01
5.200000000000000000e+01 -3.546350087942327645e-01 4.453443897207573166e+00
5.200000000000000000e+01 -5.992741003059667143e-02 3.037264095996489388e+01
5.300000000000000000e+01 -5.565269876758915978e-04 1.115207243714408349e+02
5.300000000000000000e+01 -1.903284934474090348e-02 3.952451650434345964e+01
5.300000000000000000e+01 -1.155155976496070012e-02 8.841161480741709511e+01
5.300000000000000000e+01 -3.681025509024025144e-01 4.438160562705892431e+00
5.300000000000000000e+01 -6.221906738732704834e-02 3.031747187859719617e+01
5.400000000000000000e+01 -6.246118259369057421e-04 1.112484388792330208e+02
5.400000000000000000e+01 -1.887860439789340247e-02 3.935216899847025473e+01
5.400000000000000000e+01 -1.179333926201930373e-02 8.840364624396703164e+01
5.400000000000000000e+01 -3.822197758874932294e-01 4.422089601612292142e+00
5.400000000000000000e+01 -6.459738874800562136e-02 3.025777568503097825e+01
5.500000000000000000e+01 -6.992845065100740040e-04 1.109493902392005538e+02
5.500000000000000000e+01 -1.865687073481614444e-02 3.917687928983529844e+01
5.500000000000000000e+01 -1.203623599218396970e-02 8.839489040776537365e+01
5.500000000000000000e+01 -3.970429256543667740e-01 4.405176960221767857e+00
5.500000000000000000e+01 -6.706551499997055743e-02 3.019311233762612900e+01
5.600000000000000000e+01 -7.808806745250981753e-04 1.106214480530734647e+02
5.600000000000000000e+01 -1.836419381436653342e-02 3.899886708126422263e+01
5.600000000000000000e+01 -1.228020999514398311e-02 8.838527478593302078e+01
5.600000000000000000e+01 -4.126347083773742597e-01 4.387363734339359667e+00
5.600000000000000000e+01 -6.962614861812913003e-02 3.012299455473625542e+01
5.700000000000000000e+01 -8.696965948762721459e-04 1.102623847455191282e+02
5.700000000000000000e+01 -1.799767816375349300e-02 3.881837815639468658e+01
5.700000000000000000e+01 -1.252521687354143237e-02 8.837471214073930526e+01
5.700000000000000000e+01 -4.290654053734230255e-01 4.368583043236344388e+00
5.700000000000000000e+01 -7.228134585674410306e-02 3.004688278165120963e+01
5.800000000000000000e+01 -1.044979196410010568e-03 1.094571975112797446e+02
5.800000000000000000e+01 -1.749809062446243749e-02 3.862228450080871767e+01
5.800000000000000000e+01 -1.276652027487130449e-02 8.835685089848860230e+01
5.800000000000000000e+01 -4.461751507874058276e-01 4.351147737946296168e+00
5.800000000000000000e+01 -7.504586956357674199e-02 2.996293871521181984e+01
5.900000000000000000e+01 -1.160055444016823640e-03 1.089624575048008523e+02
5.900000000000000000e+01 -1.696528966294407262e-02 3.843527592523703618e+01
5.900000000000000000e+01 -1.301244593774536322e-02 8.834267455817527548e+01
5.900000000000000000e+01 -4.644833519725873883e-01 4.330515022431920436e+00
5.900000000000000000e+01 -7.789579521874483159e-02 2.987260243983510577e+01
6.000000000000000000e+01 -1.283800689122755693e-03 1.084204827083105016e+02
6.000000000000000000e+01 -1.635251652697455871e-02 3.824627778845980686e+01
6.000000000000000000e+01 -1.325901087122154966e-02 8.832685228736843897e+01
6.000000000000000000e+01 -4.838895172388696930e-01 4.308707189723225639e+00
6.000000000000000000e+01 -8.084074183211820142e-02 2.977420364803366226e+01
6.100000000000000000e+01 -1.416184537674754999e-03 1.078279488891450058e+02
6.100000000000000000e+01 -1.566056439323901955e-02 3.805556058163821120e+01
6.100000000000000000e+01 -1.350607132220550850e-02 8.830912143988383889e+01
6.100000000000000000e+01 -5.045056846048235899e-01 4.285628277773256833e+00
6.100000000000000000e+01 -8.387765950555667316e-02 2.966694624191036311e+01
6.200000000000000000e+01 -1.626378548410780918e-03 1.067701718923263030e+02
6.200000000000000000e+01 -1.483280193669459651e-02 3.784882340549249591e+01
6.200000000000000000e+01 -1.374781538467284223e-02 8.828070897618006541e+01
6.200000000000000000e+01 -5.261609349194772411e-01 4.263618995161649217e+00
6.200000000000000000e+01 -8.701948197977346644e-02 2.954782030460895115e+01
6.300000000000000000e+01 -1.784879621906423561e-03 1.059941766621851542e+02
6.300000000000000000e+01 -1.397611441038823857e-02 3.765245899874848590e+01
6.300000000000000000e+01 -1.399332453415396901e-02 8.825572206129110953e+01
6.300000000000000000e+01 -5.495274179727784869e-01 4.238052261126655118e+00
6.300000000000000000e+01 -9.022555918412321352e-02 2.941945287723238422e+01
6.400000000000000000e+01 -1.952081851376250574e-03 1.051476853669122846e+02
6.400000000000000000e+01 -1.304905733890755412e-02 3.745458315438860808e+01
6.400000000000000000e+01 -1.423783643357438844e-02 8.822683193671372237e+01
6.400000000000000000e+01 -5.745271066754465972e-01 4.210909513777924218e+00
6.400000000000000000e+01 -9.350018942734193705e-02 2.927921826486061008e+01
6.500000000000000000e+01 -2.186157609060294157e-03 1.038305314044472993e+02
6.500000000000000000e+01 -1.199864668782244480e-02 3.723972400945230277e+01
6.500000000000000000e+01 -1.447178652354109279e-02 8.818150961201338589e+01
6.500000000000000000e+01 -6.010017704453386456e-01 4.184413455776186730e+00
6.500000000000000000e+01 -9.684716936762595429e-02 2.912277941892012123e+01
6.600000000000000000e+01 -2.385796155889594559e-03 1.027117892138767985e+02
6.600000000000000000e+01 -1.093218439873364957e-02 3.703355250992780157e+01
6.600000000000000000e+01 -1.470543207380099748e-02 8.813586701684116065e+01
6.600000000000000000e+01 -6.297177037052865689e-01 4.154411604635361854e+00
6.600000000000000000e+01 -1.002149970631674436e-01 2.895375258360459725e+01
6.700000000000000000e+01 -2.637714054581642362e-03 1.012110324937399923e+02
6.700000000000000000e+01 -9.773334298468239548e-03 3.681233580994197752e+01
6.700000000000000000e+01 -1.491849791897563622e-02 8.806770583840879851e+01
6.700000000000000000e+01 -6.603745843794706083e-01 4.124283598322278976e+00
6.700000000000000000e+01 -1.036039909681158860e-01 2.876547901404692809e+01
6.800000000000000000e+01 -2.870989774705860666e-03 9.987890891020022366e+01
6.800000000000000000e+01 -8.621207615348548681e-03 3.659902078052077457e+01
6.800000000000000000e+01 -1.511992020838859481e-02 8.799312549168801922e+01
6.800000000000000000e+01 -6.937970330120392104e-01 4.090419386730776097e+00
6.800000000000000000e+01 -1.069593301044770989e-01 2.856197738582000056e+01
6.900000000000000000e+01 -7.398867677326312169e-03 3.636669126868489599e+01
6.900000000000000000e+01 -3.189604285008100851e-03 9.814352762656132256e+01
6.900000000000000000e+01 -1.525741769720154704e-02 8.787416518280461730e+01
6.900000000000000000e+01 -7.296230481394024858e-01 4.056402119648645943e+00
6.900000000000000000e+01 -1.102567824090942977e-01 2.833417092530954307e+01
7.000000000000000000e+01 -6.171308200503754574e-03 3.612616356503069426e+01
7.000000000000000000e+01 -3.614333717307659406e-03 9.630326818763428776e+01
7.000000000000000000e+01 -1.527794886438322772e-02 8.770034406732837340e+01
7.000000000000000000e+01 -7.684587130781725950e-01 4.020340853399223313e+00
7.000000000000000000e+01 -1.134283416980044756e-01 2.808265351273000476e+01
7.100000000000000000e+01 -5.001125066979065018e-03 3.588838937543891205e+01
7.100000000000000000e+01 -4.215403782163756885e-03 9.460305541284847664e+01
7.100000000000000000e+01 -1.509688108641345575e-02 8.745964441520747812e+01
7.100000000000000000e+01 -8.110538912463807204e-01 3.980381794191467648e+00
7.100000000000000000e+01 -1.164122246584095161e-01 2.780932243533252191e+01
7.200000000000000000e+01 -3.840617111543752262e-03 3.562506280287464477e+01
7.200000000000000000e+01 -5.510469760429645078e-03 9.269377298592658576e+01
7.200000000000000000e+01 -1.422138415645551185e-02 8.699773929069360179e+01
7.200000000000000000e+01 -1.190948395917262731e-01 2.750125884157779055e+01
7.200000000000000000e+01 -8.569633251561653564e-01 3.940006420509185592e+00
7.300000000000000000e+01 -2.771941243180676539e-03 3.534494217866252086e+01
7.300000000000000000e+01 -8.137652259440417493e-03 9.102360047932064901e+01
7.300000000000000000e+01 -1.199842549285115578e-02 8.610625885443633365e+01
7.300000000000000000e+01 -1.213470697964877110e-01 2.715810468613230100e+01
7.300000000000000000e+01 -9.068658747638502771e-01 3.897613461784330102e+00
7.400000000000000000e+01 -1.852947326408435841e-03 3.504221294222632110e+01
7.400000000000000000e+01 -8.925461715132417678e-03 8.446305887800872370e+01
7.400000000000000000e+01 -1.160318720544987157e-02 8.989356652002945225e+01
7.400000000000000000e+01 -1.229813350215145651e-01 2.677341162584078305e+01
7.400000000000000000e+01 -9.609453110564394329e-01 3.853631511849927804e+00
7.500000000000000000e+01 -1.182110005908574299e-03 3.470085064180292989e+01
7.500000000000000000e+01 -6.841237120689819262e-03 8.199569137459509705e+01
7.500000000000000000e+01 -1.408082863500353596e-02 8.925012763316121323e+01
7.500000000000000000e+01 -1.000000000000000000e+00 3.182371322773601463e+00
7.500000000000000000e+01 -1.236882793483682769e-01 2.632907393149799447e+01
7.500000000000000000e+01 -1.000000000000000000e+00 4.579654359236369210e+00
7.600000000000000000e+01 -8.807427757204392771e-04 3.433559049058057866e+01
7.600000000000000000e+01 -5.960879141261311333e-03 7.921015377096205157e+01
7.600000000000000000e+01 -1.536716494039374291e-02 8.888634226724562382e+01
7.600000000000000000e+01 -1.000000000000000000e+00 2.533828934153510737e+00
7.600000000000000000e+01 -1.231883617456327323e-01 2.583883195166032110e+01
7.600000000000000000e+01 -1.000000000000000000e+00 5.605038047304595317e+00
7.700000000000000000e+01 -1.208361321657575385e-03 3.391874936791927553e+01
7.700000000000000000e+01 -5.628335900630463372e-03 7.606820932293729243e+01
7.700000000000000000e+01 -1.616019932724721900e-02 8.861124840948554038e+01
7.700000000000000000e+01 -1.000000000000000000e+00 2.210450007800283334e+00
7.700000000000000000e+01 -1.208599353978165453e-01 2.526129497947867364e+01
7.700000000000000000e+01 -1.000000000000000000e+00 6.317955530199330205e+00
7.800000000000000000e+01 -2.438410800138325184e-03 3.345489099204727523e+01
7.800000000000000000e+01 -5.650162379372674140e-03 7.280034953251052343e+01
7.800000000000000000e+01 -1.670039963744930286e-02 8.837041462987673412e+01
7.800000000000000000e+01 -1.000000000000000000e+00 1.974149696111036745e+00
7.800000000000000000e+01 -1.160693338188234502e-01 2.459840810250289778e+01
7.800000000000000000e+01 -1.000000000000000000e+00 6.951945784648343896e+00
7.900000000000000000e+01 -4.992667255488007598e-03 3.294326249018079267e+01
7.900000000000000000e+01 -5.967080270672974959e-03 6.950691548326327052e+01
7.900000000000000000e+01 -1.711198227476084729e-02 8.812421849425211917e+01
7.900000000000000000e+01 -1.000000000000000000e+00 1.804431759462414853e+00
7.900000000000000000e+01 -1.079869422877980795e-01 2.382646223837316768e+01
7.900000000000000000e+01 -1.000000000000000000e+00 7.515381312584531237e+00
8.000000000000000000e+01 -9.353279374963321610e-03 3.238699989525038347e+01
8.000000000000000000e+01 -6.598770424302622013e-03 6.626643505876280926e+01
8.000000000000000000e+01 -1.744687537996249260e-02 8.784186942247619356e+01
8.000000000000000000e+01 -1.000000000000000000e+00 1.691587256695395114e+00
8.000000000000000000e+01 -9.564598290744807940e-02 2.291938859606293732e+01
8.100000000000000000e+01 -7.534428526939965752e-03 6.328853632591220446e+01
8.100000000000000000e+01 -1.560786508966981526e-02 3.182357473061118114e+01
8.100000000000000000e+01 -1.772312425885945453e-02 8.750835220496695399e+01
8.100000000000000000e+01 -1.000000000000000000e+00 1.626904240883484176e+00
8.100000000000000000e+01 -7.891765889024371372e-02 2.188137493630026498e+01
8.200000000000000000e+01 -8.729575412317256561e-03 6.063325224453318896e+01
8.200000000000000000e+01 -2.344387484193639556e-02 3.127320058689840110e+01
8.200000000000000000e+01 -5.834682633427847043e-02 2.074694372861783975e+01
8.200000000000000000e+01 -1.000000000000000000e+00 1.547283120565660308e+00
8.200000000000000000e+01 -1.795082269592598867e-02 8.710040130633409206e+01
8.300000000000000000e+01 -1.005948651922540862e-02 5.836485198907697480e+01
8.300000000000000000e+01 -3.538294903087516041e-02 1.951403466245741214e+01
8.300000000000000000e+01 -3.203352267515392759e-02 3.076138358198567957e+01
8.300000000000000000e+01 -1.813477134425872661e-02 8.660379221170073549e+01
8.300000000000000000e+01 -1.000000000000000000e+00 1.577073684628883754e+00
8.400000000000000000e+01 -1.207616229623606312e-02 1.826785408629564955e+01
8.400000000000000000e+01 -1.137089875701360019e-02 5.650642054908526291e+01
8.400000000000000000e+01 -4.030572775305526351e-02 3.030307323204397463e+01
8.400000000000000000e+01 -1.827919958269612344e-02 8.601803683918578258e+01
8.400000000000000000e+01 -1.000000000000000000e+00 1.658243557801174273e+00
8.500000000000000000e+01 9.679015122820697203e-03 1.708785229044056564e+01
8.500000000000000000e+01 -1.255630123135148025e-02 5.501201011894229254e+01
8.500000000000000000e+01 -4.758410224604872618e-02 2.988103236831789999e+01
8.500000000000000000e+01 -1.839033405353848738e-02 8.534976777346821564e+01
8.500000000000000000e+01 -1.000000000000000000e+00 1.796260144150316984e+00
8.600000000000000000e+01 2.902661708269925825e-02 1.601288579938513479e+01
8.600000000000000000e+01 -1.356853304508203774e-02 5.381433535210892671e+01
8.600000000000000000e+01 -1.847683725853865866e-02 8.461475388455539814e+01
8.600000000000000000e+01 -5.366098851321519231e-02 2.948664958726735463e+01
8.600000000000000000e+01 -1.000000000000000000e+00 1.989730935412253210e+00
8.700000000000000000e+01 4.575400380757055352e-02 1.505763747731923274e+01
8.700000000000000000e+01 -1.441127164817616879e-02 5.284127343216426453e+01
8.700000000000000000e+01 -1.854748500765614899e-02 8.383025360611799215e+01
8.700000000000000000e+01 -5.860883038877972434e-02 2.910932203065033619e+01
8.700000000000000000e+01 -1.000000000000000000e+00 2.240400370790899043e+00
8.800000000000000000e+01 6.002180937154381196e-02 1.422154472507783218e+01
8.800000000000000000e+01 -1.510802155794791456e-02 5.203463024522692848e+01
8.800000000000000000e+01 -1.861086927625402523e-02 8.301613650819163581e+01
8.800000000000000000e+01 -6.258460018238042044e-02 2.874306105658275001e+01
8.800000000000000000e+01 -1.000000000000000000e+00 2.551621147154438329e+00
8.900000000000000000e+01 7.219280179064041514e-02 1.349489363508523709e+01
8.900000000000000000e+01 -1.568732007356768779e-02 5.134955651904639495e+01
8.900000000000000000e+01 -1.867406732842108799e-02 8.219134931987112225e+01
8.900000000000000000e+01 -6.575775226340295487e-02 2.838468664751238890e+01
8.900000000000000000e+01 -1.000000000000000000e+00 2.932098948423820239e+00
8.900000000000000000e+01 -1.000000000000000000e+00 7.687457733342448307e+00
9.000000000000000000e+01 8.268415080670969697e-02 1.286087557018147010e+01
9.000000000000000000e+01 -1.617985299545620856e-02 5.074943621589729048e+01
9.000000000000000000e+01 -1.874214552695388156e-02 8.136458625705017766e+01
9.000000000000000000e+01 -6.830273897195326960e-02 2.803022138398910457e+01
9.000000000000000000e+01 -1.000000000000000000e+00 3.412467698381005832e+00
9.000000000000000000e+01 -1.000000000000000000e+00 7.210618740414779460e+00
