1.000000000000000000e+01 1.831217006671515609e-05 5.402801000000000409e-01 1.043742375584528386e-03
1.100000000000000000e+01 2.222430391905720384e-05 5.402795000000000236e-01 1.265568884686277045e-03
1.200000000000000000e+01 2.653590569198945636e-05 5.402787999999999480e-01 1.509581801208829824e-03
1.300000000000000000e+01 3.125457200261775936e-05 5.402778999999999776e-01 1.776078037794170299e-03
1.400000000000000000e+01 3.638862016995300761e-05 5.402767000000000541e-01 2.065380498464913350e-03
1.500000000000000000e+01 4.194720974678794144e-05 5.402751999999999555e-01 2.377844077416926220e-03
1.600000000000000000e+01 4.794021719826775180e-05 5.402734000000000147e-01 2.713847659988196607e-03
1.700000000000000000e+01 5.437848517976208917e-05 5.402711999999999515e-01 3.073807120287938045e-03
1.800000000000000000e+01 6.127364895759186876e-05 5.402685999999999877e-01 3.458164322550816468e-03
1.900000000000000000e+01 6.863835378163151552e-05 5.402654000000000067e-01 3.867398119018307118e-03
2.000000000000000000e+01 7.648615151560062941e-05 5.402616999999999559e-01 4.302017350676723764e-03
2.100000000000000000e+01 8.483162609327801306e-05 5.402573000000000514e-01 4.762565845829009985e-03
2.200000000000000000e+01 9.369044852025338720e-05 5.402521000000000129e-01 5.249624419439341376e-03
2.300000000000000000e+01 1.030793795633876445e-04 5.402460999999999514e-01 5.763808872781516802e-03
2.400000000000000000e+01 1.130163910076668947e-04 5.402392000000000305e-01 6.305774992084060837e-03
2.500000000000000000e+01 1.235206911972467193e-04 5.402312999999999699e-01 6.876217547932069081e-03
2.600000000000000000e+01 1.346128143870363686e-04 5.402221999999999857e-01 7.475873294164558230e-03
2.700000000000000000e+01 1.463146163781686747e-04 5.402118000000000198e-01 8.105517967493661158e-03
2.800000000000000000e+01 1.586494835817382299e-04 5.402000999999999609e-01 8.765975285226362129e-03
2.900000000000000000e+01 1.716423571050025316e-04 5.401867000000000196e-01 9.458114944539412067e-03
3.000000000000000000e+01 1.853198515535447251e-04 5.401717000000000324e-01 1.018285662101494488e-02
3.100000000000000000e+01 1.997101749478881775e-04 5.401548000000000460e-01 1.094116096866737907e-02
3.200000000000000000e+01 2.148436743821955568e-04 5.401358000000000548e-01 1.173405761468410309e-02
3.300000000000000000e+01 2.307522533654915941e-04 5.401145000000000529e-01 1.256260616365502056e-02
3.400000000000000000e+01 2.474704899552359022e-04 5.400907999999999820e-01 1.342795618719514437e-02
3.500000000000000000e+01 2.650346656013614455e-04 5.400643000000000526e-01 1.433128723175650099e-02
3.600000000000000000e+01 2.834837577483199922e-04 5.400348000000000370e-01 1.527385880891860351e-02
3.700000000000000000e+01 3.028592207671534681e-04 5.400019999999999820e-01 1.625699039616573111e-02
3.800000000000000000e+01 3.232048714222914812e-04 5.399656000000000455e-01 1.728205143736283658e-02
3.900000000000000000e+01 3.445680959915688180e-04 5.399253999999999998e-01 1.835052133082486561e-02
4.000000000000000000e+01 3.669988185688368440e-04 5.398808999999999969e-01 1.946391943666214708e-02
4.100000000000000000e+01 3.905503936812392799e-04 5.398317000000000254e-01 2.062385506881610209e-02
4.200000000000000000e+01 4.152797317194561913e-04 5.397773999999999628e-01 2.183201749134655242e-02
4.300000000000000000e+01 4.464276740429531801e-04 5.397051999999999961e-01 2.334150378687160562e-02
4.400000000000000000e+01 4.744460333817481076e-04 5.396368999999999749e-01 2.468532947023726123e-02
4.500000000000000000e+01 5.039325499773260634e-04 5.395615999999999746e-01 2.608686832072065059e-02
4.600000000000000000e+01 5.349717022183854073e-04 5.394786000000000303e-01 2.754853923237987959e-02
4.700000000000000000e+01 5.676546402877120749e-04 5.393871000000000082e-01 2.907292100718894198e-02
4.800000000000000000e+01 6.021774826329946229e-04 5.392862000000000489e-01 3.066728132931247769e-02
4.900000000000000000e+01 6.384713652039353910e-04 5.391753999999999714e-01 3.232638060257801010e-02
5.000000000000000000e+01 6.767284213202082437e-04 5.390536000000000216e-01 3.405694649845369959e-02
5.100000000000000000e+01 7.211559832910310799e-04 5.389057000000000430e-01 3.604535397467486385e-02
5.200000000000000000e+01 7.643840531994429031e-04 5.387556999999999485e-01 3.795632059030085159e-02
5.300000000000000000e+01 8.100672734047431080e-04 5.385906000000000304e-01 3.995250733708475416e-02
5.400000000000000000e+01 8.583696537911310364e-04 5.384088999999999681e-01 4.203803197981491324e-02
5.500000000000000000e+01 9.094684950857687957e-04 5.382092000000000542e-01 4.421728209241575225e-02
5.600000000000000000e+01 9.635560340575211958e-04 5.379895000000000094e-01 4.649490502770738110e-02
5.700000000000000000e+01 1.020896354250437881e-03 5.377477000000000507e-01 4.887815728199600140e-02
5.800000000000000000e+01 1.085661301639171024e-03 5.374636999999999887e-01 5.153431152296755746e-02
5.900000000000000000e+01 1.150755730916670988e-03 5.371673999999999616e-01 5.416470609036422301e-02
6.000000000000000000e+01 1.219887278385450987e-03 5.368412999999999657e-01 5.691837897621838949e-02
6.100000000000000000e+01 1.293351489586632395e-03 5.364820999999999618e-01 5.980165598599996440e-02
6.200000000000000000e+01 1.371469713606055050e-03 5.360865999999999687e-01 6.282125253418424649e-02
6.300000000000000000e+01 1.458209475999396824e-03 5.356313999999999798e-01 6.612222147015424378e-02
6.400000000000000000e+01 1.547394255760762942e-03 5.351468999999999809e-01 6.945954327140482776e-02
6.500000000000000000e+01 1.642496225928014595e-03 5.346125999999999934e-01 7.295942656234576107e-02
6.600000000000000000e+01 1.743925743883077001e-03 5.340234999999999843e-01 7.662865521446969586e-02
6.700000000000000000e+01 1.852183170902936635e-03 5.333736999999999506e-01 8.047640189230950702e-02
6.800000000000000000e+01 1.971521720604227281e-03 5.326330000000000231e-01 8.464200358875140218e-02
6.900000000000000000e+01 2.095753136262134934e-03 5.318367000000000511e-01 8.889574331675709207e-02
7.000000000000000000e+01 2.228593579649535469e-03 5.309576999999999769e-01 9.335768450660289486e-02
7.100000000000000000e+01 2.370703304435366286e-03 5.299873000000000500e-01 9.803773714461234967e-02
7.200000000000000000e+01 2.526243950897256833e-03 5.288910000000000000e-01 1.030577071517796428e-01
7.300000000000000000e+01 2.689563354450918986e-03 5.277039000000000035e-01 1.082179427640476421e-01
7.400000000000000000e+01 2.864342467328832072e-03 5.263942000000000343e-01 1.136238157885785111e-01
7.500000000000000000e+01 3.054233800838752032e-03 5.249270999999999798e-01 1.193705769874128381e-01
7.600000000000000000e+01 3.254754011842710300e-03 5.233309000000000433e-01 1.253030809762837317e-01
7.700000000000000000e+01 3.469082984629931476e-03 5.215735999999999706e-01 1.315009843906496112e-01
7.800000000000000000e+01 3.697974897045229036e-03 5.196412999999999727e-01 1.379677745994353222e-01
7.900000000000000000e+01 3.944882008718612020e-03 5.174948999999999799e-01 1.447805030877170884e-01
8.000000000000000000e+01 4.205377482605873393e-03 5.151645999999999725e-01 1.517948251300534346e-01
8.100000000000000000e+01 4.482394795440225628e-03 5.126150000000000428e-01 1.590735991038514097e-01
8.200000000000000000e+01 4.776374748542853467e-03 5.098321000000000103e-01 1.666086160658054316e-01
8.300000000000000000e+01 5.089886901458505128e-03 5.067797000000000551e-01 1.744454381102455709e-01
8.400000000000000000e+01 5.418806472430048177e-03 5.034878999999999882e-01 1.824597182858966049e-01
8.500000000000000000e+01 5.765159861506961858e-03 4.999256000000000255e-01 1.906857264466659541e-01
8.600000000000000000e+01 6.128735344005941527e-03 4.960837000000000163e-01 1.991013629217719683e-01
8.700000000000000000e+01 6.509146329724775637e-03 4.919549999999999756e-01 2.076821307271346229e-01
8.800000000000000000e+01 6.905787169102885377e-03 4.875345999999999846e-01 2.164000361692211272e-01
8.900000000000000000e+01 7.317886309747462063e-03 4.828201999999999772e-01 2.252254882066184738e-01
9.000000000000000000e+01 7.744496788894718667e-03 4.778120000000000145e-01 2.341274986464538244e-01
