1.000000000000000000e+01 -4.985625619252585095e-05 1.114759451623236259e+02
1.000000000000000000e+01 -3.686818675247606220e-03 4.331301399535382757e+01
1.000000000000000000e+01 -4.386341882181331309e-02 4.727016369281350272e+00
1.000000000000000000e+01 -7.163680357596349628e-03 3.108833328777853211e+01
1.000000000000000000e+01 -3.943146726743888830e-03 8.813738349051170928e+01
1.000000000000000000e+01 -5.660979428964595384e-01 7.364697069069841007e+00
1.000000000000000000e+01 -1.000000000000000000e+00 4.555009787116001796e+00
1.000000000000000000e+01 -8.777181816963396388e-01 6.406979276090370767e+00
1.000000000000000000e+01 -9.913688139210262706e-01 6.846580722046727630e+00
1.000000000000000000e+01 -1.000000000000000000e+00 6.924216497330827558e+00
1.000000000000000000e+01 -8.875284938486628361e-01 8.005580801932731916e+00
1.100000000000000000e+01 -6.767071097641864257e-05 1.114393304635960931e+02
1.100000000000000000e+01 -4.041326956099268800e-03 4.329281987993338987e+01
1.100000000000000000e+01 -4.870529455755719106e-02 4.730240558708877607e+00
1.100000000000000000e+01 -7.844372512906840761e-03 3.110000548105186624e+01
1.100000000000000000e+01 -3.949672218020806695e-03 8.828738818318311132e+01
1.100000000000000000e+01 -5.667094528746573490e-01 8.067064941283557999e+00
1.100000000000000000e+01 -1.000000000000000000e+00 5.003628118468872010e+00
1.100000000000000000e+01 -8.796639204835252634e-01 7.088848351609305709e+00
1.100000000000000000e+01 -9.894946819965944051e-01 7.602321873934623220e+00
1.100000000000000000e+01 -1.000000000000000000e+00 7.609818803029515522e+00
1.100000000000000000e+01 -8.908713033224355815e-01 8.812638407086764047e+00
1.200000000000000000e+01 -9.159455747026057761e-05 1.112253508259748997e+02
1.200000000000000000e+01 -4.405805041544636272e-03 4.326196976613320544e+01
1.200000000000000000e+01 -5.358048082877868434e-02 4.733575418207164986e+00
1.200000000000000000e+01 -8.553444077600566922e-03 3.111005164027743675e+01
1.200000000000000000e+01 -3.990983817119716538e-03 8.840202851000768192e+01
1.200000000000000000e+01 -5.676748397041111449e-01 8.766873022704510632e+00
1.200000000000000000e+01 -1.000000000000000000e+00 5.451071531606254794e+00
1.200000000000000000e+01 -8.830456959464288991e-01 7.797407492049821975e+00
1.300000000000000000e+01 -1.223316705342434099e-04 1.108405174345567730e+02
1.300000000000000000e+01 -4.779359940200312955e-03 4.322098486001029727e+01
1.300000000000000000e+01 -5.848895032821262163e-02 4.737070655162625599e+00
1.300000000000000000e+01 -9.287996764238096170e-03 3.111890009412170954e+01
1.300000000000000000e+01 -4.059910308671491920e-03 8.849124541884377493e+01
1.300000000000000000e+01 -5.684710837698030428e-01 9.474011289668389679e+00
1.300000000000000000e+01 -1.000000000000000000e+00 5.897149984568963887e+00
1.300000000000000000e+01 -8.874545021919867382e-01 8.541082936897952393e+00
1.400000000000000000e+01 -1.603185543279639618e-04 1.102860736021549286e+02
1.400000000000000000e+01 -5.161240313199260896e-03 4.316986486504060139e+01
1.400000000000000000e+01 -6.342978237084281878e-02 4.740767624147469661e+00
1.400000000000000000e+01 -1.004597953546214166e-02 3.112682554835034665e+01
1.400000000000000000e+01 -4.151129549829519517e-03 8.856157948348757714e+01
1.400000000000000000e+01 -5.680630090442378988e-01 1.020456516145201675e+01
1.400000000000000000e+01 -1.000000000000000000e+00 6.341428926957050294e+00
1.500000000000000000e+01 -2.055400296706714515e-04 1.095613544354904292e+02
1.500000000000000000e+01 -5.550948876270147582e-03 4.310825849925502951e+01
1.500000000000000000e+01 -6.840167472830095685e-02 4.744702336058238323e+00
1.500000000000000000e+01 -1.082588185587926924e-02 3.113400353460860259e+01
1.500000000000000000e+01 -4.260503299334350395e-03 8.861742942895185138e+01
1.500000000000000000e+01 -5.685498967988809049e-01 1.091715483508009221e+01
1.500000000000000000e+01 -1.000000000000000000e+00 6.784408085747346107e+00
1.600000000000000000e+01 -2.574346257789289082e-04 1.086659858549249833e+02
1.600000000000000000e+01 -5.947600341145529296e-03 4.303553651572035221e+01
1.600000000000000000e+01 -7.340322216509855002e-02 4.748910452015225658e+00
1.600000000000000000e+01 -1.162663000687007807e-02 3.114054505532115513e+01
1.600000000000000000e+01 -4.385296367820623251e-03 8.866183690849852894e+01
1.600000000000000000e+01 -5.731821797940516161e-01 1.162814468092085463e+01
1.600000000000000000e+01 -1.000000000000000000e+00 7.226879266099810017e+00
1.700000000000000000e+01 -3.149918813226736743e-04 1.076012880600944328e+02
1.700000000000000000e+01 -6.350341808690105998e-03 4.295085835667018159e+01
1.700000000000000000e+01 -7.843312876508140574e-02 4.753429349637024792e+00
1.700000000000000000e+01 -1.244752192548198230e-02 3.114651186967643071e+01
1.700000000000000000e+01 -4.523320998493693054e-03 8.869692828744605606e+01
1.700000000000000000e+01 -5.714703436326626917e-01 1.242320652077621546e+01
1.700000000000000000e+01 -1.000000000000000000e+00 7.666371908890154074e+00
1.800000000000000000e+01 -3.769771337116428517e-04 1.063710460044006538e+02
1.800000000000000000e+01 -6.758129606681149634e-03 4.285319743079101329e+01
1.800000000000000000e+01 -8.349001069283845666e-02 4.758302273876404698e+00
1.800000000000000000e+01 -1.328770227586195500e-02 3.115193480602550125e+01
1.800000000000000000e+01 -4.673276196606166756e-03 8.872420293886752063e+01
1.800000000000000000e+01 -5.821123430376781149e-01 1.312523834971884185e+01
1.900000000000000000e+01 -4.413977568979803295e-04 1.049819307524901433e+02
1.900000000000000000e+01 -7.170088472195577586e-03 4.274136313945928833e+01
1.900000000000000000e+01 -8.857263145797317216e-02 4.763573466997994110e+00
1.900000000000000000e+01 -4.833757978180674639e-03 8.874466002761234051e+01
1.900000000000000000e+01 -1.414706532016458441e-02 3.115681804812038891e+01
2.000000000000000000e+01 -5.061653430897043683e-04 1.034434707544202041e+02
2.000000000000000000e+01 -7.584885469340264114e-03 4.261399337230888307e+01
2.000000000000000000e+01 -5.004414177184916476e-03 8.875898335318767352e+01
2.000000000000000000e+01 -9.367977058660985346e-02 4.769290002612359913e+00
2.000000000000000000e+01 -1.502535846849477504e-02 3.116116645157463694e+01
2.100000000000000000e+01 -5.687398007741682922e-04 1.017678648115533093e+02
2.100000000000000000e+01 -8.001052666680715658e-03 4.246956485031294193e+01
2.100000000000000000e+01 -5.185363979009912326e-03 8.876756895815961457e+01
2.100000000000000000e+01 -9.881001210976764204e-02 4.775503465568963435e+00
2.100000000000000000e+01 -1.592259673886095572e-02 3.116496865205765587e+01
2.200000000000000000e+01 -6.259631550627595045e-04 9.996965575135499193e+01
2.200000000000000000e+01 -8.416815816025199903e-03 4.230638635999372354e+01
2.200000000000000000e+01 -5.377681700595279314e-03 8.877055637229503304e+01
2.200000000000000000e+01 -1.039619655816796800e-01 4.782264613469141779e+00
2.200000000000000000e+01 -1.683909192799594792e-02 3.116821193943090051e+01
2.300000000000000000e+01 -6.733355286203417849e-04 9.806546501745418709e+01
2.300000000000000000e+01 -8.829987202619167183e-03 4.212260383897891103e+01
2.300000000000000000e+01 -5.584149112063648349e-03 8.876777029539674402e+01
2.300000000000000000e+01 -1.091339271685621143e-01 4.789628585441977116e+00
2.300000000000000000e+01 -1.777530386061680623e-02 3.117087983867441636e+01
2.400000000000000000e+01 -7.030254966153506478e-04 9.607372642376510896e+01
2.400000000000000000e+01 -9.237864824937120495e-03 4.191619477922411363e+01
2.400000000000000000e+01 -5.811388583091109047e-03 8.875849748841220332e+01
2.400000000000000000e+01 -1.143241877779834631e-01 4.797646558155701513e+00
2.400000000000000000e+01 -1.873207398422551892e-02 3.117296975607091625e+01
2.500000000000000000e+01 -6.976469582800377952e-04 9.401520506264158428e+01
2.500000000000000000e+01 -9.637084647161748424e-03 4.168497770784785672e+01
2.500000000000000000e+01 -6.076117139989871060e-03 8.874056766307887756e+01
2.500000000000000000e+01 -1.195302513052874799e-01 4.806380766214001454e+00
2.500000000000000000e+01 -1.971039205489872811e-02 3.117444904865688926e+01
2.600000000000000000e+01 -6.028180141222864302e-04 9.186432250350729589e+01
2.600000000000000000e+01 -1.002873984569179790e-02 4.142239362868594554e+01
2.600000000000000000e+01 -6.436573511580092645e-03 8.870388914545522141e+01
2.600000000000000000e+01 -1.246984363969717569e-01 4.819386694054403009e+00
2.600000000000000000e+01 -2.072000343541577014e-02 3.117522695117578735e+01
2.700000000000000000e+01 -3.700217934184068212e-04 8.981266047461490132e+01
2.700000000000000000e+01 -1.039751024259899341e-02 4.113324074158887100e+01
2.700000000000000000e+01 -6.934694834205084278e-03 8.857883284774349875e+01
2.700000000000000000e+01 -1.299099153511671101e-01 4.830546469455977210e+00
2.700000000000000000e+01 -2.174816390675683025e-02 3.117548010992785734e+01
2.800000000000000000e+01 -2.755226219093677171e-03 8.742133894332452826e+01
2.800000000000000000e+01 -4.819440162674218202e-03 8.877433277102294085e+01
2.800000000000000000e+01 -1.074183971163309576e-02 4.081163932762412827e+01
2.800000000000000000e+01 -1.351236997832067632e-01 4.842750839935880514e+00
2.800000000000000000e+01 -2.280452897833960824e-02 3.117514491927452625e+01
2.900000000000000000e+01 -1.854326402294396037e-03 8.529352709630859408e+01
2.900000000000000000e+01 -1.105354491785103498e-02 4.045494206788335134e+01
2.900000000000000000e+01 -5.996185723178585822e-03 8.870827504341546899e+01
2.900000000000000000e+01 -1.403352213613512367e-01 4.856071090931793677e+00
2.900000000000000000e+01 -2.389362838247954812e-02 3.117427527718406566e+01
3.000000000000000000e+01 -1.717775090928660812e-03 8.316589093427079149e+01
3.000000000000000000e+01 -1.132266032245378765e-02 4.006047502405243677e+01
3.000000000000000000e+01 -6.417808939074133232e-03 8.866036514486761178e+01
3.000000000000000000e+01 -1.455391172072505179e-01 4.870597487081830934e+00
3.000000000000000000e+01 -2.502001162107315990e-02 3.117290673724766847e+01
3.100000000000000000e+01 -1.717696065226192829e-03 8.107396981802062896e+01
3.100000000000000000e+01 -1.153654717162527592e-02 3.962568722931962384e+01
3.100000000000000000e+01 -6.715502547763395336e-03 8.861195376546372415e+01
3.100000000000000000e+01 -1.507297518911377976e-01 4.886415419123949277e+00
3.100000000000000000e+01 -2.619136223101744057e-02 3.117117139625545263e+01
3.200000000000000000e+01 -1.774802671725139074e-03 7.903685033965396656e+01
3.200000000000000000e+01 -1.167911084879734093e-02 3.914824485108171359e+01
3.200000000000000000e+01 -6.972140362245552933e-03 8.855917387876611713e+01
3.200000000000000000e+01 -1.558998922209040294e-01 4.903626140116138288e+00
3.200000000000000000e+01 -2.741771447126798225e-02 3.116924444898811686e+01
3.300000000000000000e+01 -1.870625112311776958e-03 7.706961274813068030e+01
3.300000000000000000e+01 -1.172994955625169047e-02 3.862610042165425028e+01
3.300000000000000000e+01 -7.211299042795015803e-03 8.850061626664677306e+01
3.300000000000000000e+01 -1.610440668334481851e-01 4.922305307271025221e+00
3.300000000000000000e+01 -2.871520332292639213e-02 3.116739124674543504e+01
3.400000000000000000e+01 -2.000941017996789827e-03 7.518476378859300269e+01
3.400000000000000000e+01 -1.166133331263567371e-02 3.805769557574940620e+01
3.400000000000000000e+01 -7.441419547642268671e-03 8.843535517758438402e+01
3.400000000000000000e+01 -1.661537689367697801e-01 4.942563009840662325e+00
3.400000000000000000e+01 -3.010617955730370693e-02 3.116596871892354415e+01
3.500000000000000000e+01 -2.167671484757450681e-03 7.338259214003927866e+01
3.500000000000000000e+01 -1.143497275477049248e-02 3.743966955686254039e+01
3.500000000000000000e+01 -7.668006668096505850e-03 8.836216251763592311e+01
3.500000000000000000e+01 -1.711510329693686494e-01 4.967438716044158653e+00
3.500000000000000000e+01 -3.163091498062461926e-02 3.116551063989966863e+01
3.600000000000000000e+01 -2.370176334222038380e-03 7.169046350703969495e+01
3.600000000000000000e+01 -1.098516815568949256e-02 3.677599001305311077e+01
3.600000000000000000e+01 -7.890125453926347468e-03 8.828160547605936870e+01
3.600000000000000000e+01 -1.761551152001083476e-01 4.991565281511821439e+00
3.600000000000000000e+01 -3.333577623398759765e-02 3.116688485887539883e+01
3.700000000000000000e+01 -2.611256906202475640e-03 7.010400215314143679e+01
3.700000000000000000e+01 -1.021117120028995628e-02 3.606518333755156647e+01
3.700000000000000000e+01 -8.109808017901242588e-03 8.819258188157733969e+01
3.700000000000000000e+01 -1.810971930922629092e-01 5.017608199529169255e+00
3.700000000000000000e+01 -3.532236320307372002e-02 3.117111667689038512e+01
3.800000000000000000e+01 -2.891937319067179168e-03 6.862601694251526396e+01
3.800000000000000000e+01 -8.924699417949827004e-03 3.530873055781376735e+01
3.800000000000000000e+01 -8.328416036917123816e-03 8.809483072965949191e+01
3.800000000000000000e+01 -1.859716975531929550e-01 5.045632317924391153e+00
3.800000000000000000e+01 -3.777813021748244182e-02 3.117951231427813497e+01
3.900000000000000000e+01 -3.211715186685823020e-03 6.725699802734604305e+01
3.900000000000000000e+01 -6.752293120896759974e-03 3.451125993749035814e+01
3.900000000000000000e+01 -8.545437463469758577e-03 8.798772117902960588e+01
3.900000000000000000e+01 -1.907654800572165521e-01 5.075771226347087328e+00
3.900000000000000000e+01 -4.107084894212494758e-02 3.119157758976452754e+01
4.000000000000000000e+01 -2.965258313470272005e-03 3.368946778811884712e+01
4.000000000000000000e+01 -3.568759286166139737e-03 6.599528740493397549e+01
4.000000000000000000e+01 -8.761736062918511550e-03 8.787105322742554847e+01
4.000000000000000000e+01 -1.954743757634293255e-01 5.108073402323693557e+00
4.000000000000000000e+01 -4.593012395814247140e-02 3.119661852987525208e+01
4.100000000000000000e+01 3.093180277187513021e-03 3.290098719714059428e+01
4.100000000000000000e+01 -3.959704768055278754e-03 6.483739166138516907e+01
4.100000000000000000e+01 -8.976694898530470854e-03 8.774430354988825798e+01
4.100000000000000000e+01 -2.000842677007530490e-01 5.142671113966605034e+00
4.100000000000000000e+01 -5.300623084477269070e-02 3.114470122453876755e+01
4.200000000000000000e+01 9.721598335683050499e-03 3.221947443831859204e+01
4.200000000000000000e+01 -4.380111879781854907e-03 6.377832700917851838e+01
4.200000000000000000e+01 -9.190636316374015818e-03 8.760723252004751771e+01
4.200000000000000000e+01 -2.045891577218570123e-01 5.179625905697093913e+00
4.200000000000000000e+01 -6.060057518959954814e-02 3.096687303931844326e+01
4.300000000000000000e+01 1.409051159730184688e-02 3.162703678112357153e+01
4.300000000000000000e+01 -4.824787881480164554e-03 6.281200619114657258e+01
4.300000000000000000e+01 -9.403697676827490678e-03 8.745961475965545162e+01
4.300000000000000000e+01 -2.089839227680613531e-01 5.218990087115140675e+00
4.300000000000000000e+01 -6.589214552794718516e-02 3.068053242575770057e+01
4.400000000000000000e+01 1.510385435879170457e-02 3.107535164941391059e+01
4.400000000000000000e+01 -5.288174796612110998e-03 6.193161682555454206e+01
4.400000000000000000e+01 -9.615435783547260362e-03 8.730114070837137774e+01
4.400000000000000000e+01 -2.132548040755714858e-01 5.260880004657998654e+00
4.400000000000000000e+01 -6.778759439908289830e-02 3.033550094915054629e+01
4.500000000000000000e+01 1.216960373328049815e-02 3.053882892504363511e+01
4.500000000000000000e+01 -5.764758229185373839e-03 6.112996598647052338e+01
4.500000000000000000e+01 -9.826119706403693699e-03 8.713171048595394552e+01
4.500000000000000000e+01 -2.174024723099943768e-01 5.305302294639901994e+00
4.500000000000000000e+01 -6.570536727171849556e-02 2.996155038930572445e+01
4.600000000000000000e+01 3.712055367109604997e-03 3.000589095850188315e+01
4.600000000000000000e+01 -6.249596562107175533e-03 6.039978878963405151e+01
4.600000000000000000e+01 -1.003533369482004396e-02 8.695119146706990421e+01
4.600000000000000000e+01 -2.214113839671204564e-01 5.352369633142463279e+00
4.600000000000000000e+01 -5.807000212069819700e-02 2.957501669216351203e+01
4.700000000000000000e+01 -6.738325035706645844e-03 5.973398029608828352e+01
4.700000000000000000e+01 -2.067596662321717974e-02 2.956072515104590792e+01
4.700000000000000000e+01 -1.024318315015041760e-02 8.675953613325472702e+01
4.700000000000000000e+01 -3.448269615925081411e-02 2.909768805803473768e+01
4.700000000000000000e+01 -2.252838584898115004e-01 5.402110146475607166e+00
4.800000000000000000e+01 -7.227128463438972292e-03 5.912574903704395268e+01
4.800000000000000000e+01 -2.426879202478834235e-02 2.782704570637125130e+01
4.800000000000000000e+01 -1.044955409585269709e-02 8.655681212188051177e+01
4.800000000000000000e+01 -3.164090934459874022e-02 2.994595749986093125e+01
4.800000000000000000e+01 -2.290148481068478570e-01 5.454538910538538232e+00
4.900000000000000000e+01 -7.713091528333345000e-03 5.856873111662823561e+01
4.900000000000000000e+01 -2.210461762870008853e-02 2.687175622720792489e+01
4.900000000000000000e+01 -1.065444057823351949e-02 8.634314531096839573e+01
4.900000000000000000e+01 -3.453521796398936750e-02 3.003221153969965584e+01
4.900000000000000000e+01 -2.326053359771411422e-01 5.509660232858948348e+00
5.000000000000000000e+01 -8.193807786326726822e-03 5.805707342868377197e+01
5.000000000000000000e+01 -2.071223437669263145e-02 2.600264403337101982e+01
5.000000000000000000e+01 -1.085775450097613282e-02 8.611865550672644076e+01
5.000000000000000000e+01 -3.663744754299592954e-02 3.004973624955878719e+01
5.000000000000000000e+01 -2.360442675488242936e-01 5.567558825834928449e+00
5.100000000000000000e+01 -1.964689695932174754e-02 2.518507220898197474e+01
5.100000000000000000e+01 -8.667486733357512158e-03 5.758545222560768195e+01
5.100000000000000000e+01 -1.105949989643882289e-02 8.588363661209236000e+01
5.100000000000000000e+01 -3.839829820312417458e-02 3.003553958589683148e+01
5.100000000000000000e+01 -2.393373489842255675e-01 5.628205705816676563e+00
5.200000000000000000e+01 -1.876329757077444330e-02 2.440787536303659522e+01
5.200000000000000000e+01 -9.132955091243037324e-03 5.714902801271107080e+01
5.200000000000000000e+01 -1.125964982925154768e-02 8.563840906071615677e+01
5.200000000000000000e+01 -3.996905890285409879e-02 3.000256636880558503e+01
5.200000000000000000e+01 -2.424941398223157130e-01 5.691558404120994119e+00
5.300000000000000000e+01 -1.799136177761996233e-02 2.366640368399912475e+01
5.300000000000000000e+01 -9.589448685542584921e-03 5.674353015231635311e+01
5.300000000000000000e+01 -1.145821019280437829e-02 8.538338251910322185e+01
5.300000000000000000e+01 -4.141439235333839453e-02 2.995641174568082832e+01
5.300000000000000000e+01 -2.455019703965618527e-01 5.757696969695815348e+00
5.400000000000000000e+01 -1.729541373393359699e-02 2.295815657551263911e+01
5.400000000000000000e+01 -1.003649945841080318e-02 5.636510917522626585e+01
5.400000000000000000e+01 -1.165518825478131099e-02 8.511897189252842111e+01
5.400000000000000000e+01 -4.277425356403714851e-02 2.990037724639165972e+01
5.400000000000000000e+01 -2.483715688957122691e-01 5.826578849145713335e+00
5.500000000000000000e+01 -1.665312933496592568e-02 2.228156272818854688e+01
5.500000000000000000e+01 -1.047395294028531133e-02 5.601035527411846715e+01
5.500000000000000000e+01 -1.185063104085295506e-02 8.484570715481142145e+01
5.500000000000000000e+01 -4.407154374687895920e-02 2.983634594898165560e+01
5.500000000000000000e+01 -2.511085702976983969e-01 5.898189271659457944e+00
5.600000000000000000e+01 -1.604993415331533446e-02 2.163539536660966789e+01
5.600000000000000000e+01 -1.090180797645785502e-02 5.567625629921513308e+01
5.600000000000000000e+01 -1.204459923173007742e-02 8.456414963710322752e+01
5.600000000000000000e+01 -4.532112050932240316e-02 2.976554890189240510e+01
5.600000000000000000e+01 -2.537196038170723145e-01 5.972516995476765622e+00
5.700000000000000000e+01 -1.547703922955290419e-02 2.101847467443145590e+01
5.700000000000000000e+01 -1.132033749536195608e-02 5.536009519593294215e+01
5.700000000000000000e+01 -1.223721006660460214e-02 8.427492594509368473e+01
5.700000000000000000e+01 -4.653515969450679191e-02 2.968896558286174425e+01
5.700000000000000000e+01 -2.562210238740321722e-01 6.049511468851931362e+00
5.800000000000000000e+01 -1.492483467177411517e-02 2.042983076671242770e+01
5.800000000000000000e+01 -1.172957954883671085e-02 5.505962629811963893e+01
5.800000000000000000e+01 -1.242847185047875509e-02 8.397860679828609420e+01
5.800000000000000000e+01 -4.771577796592212095e-02 2.960685932054725455e+01
5.800000000000000000e+01 -2.586025195986840219e-01 6.129262123450679667e+00
5.900000000000000000e+01 -1.438882183796147407e-02 1.986827756857992355e+01
5.900000000000000000e+01 -1.212995027079163610e-02 5.477272965208642574e+01
5.900000000000000000e+01 -1.261853475236159906e-02 8.367588969253947084e+01
5.900000000000000000e+01 -4.887037751787853823e-02 2.951986560641921997e+01
5.900000000000000000e+01 -2.608827280550381489e-01 6.211724197155795046e+00
6.000000000000000000e+01 -1.386439983942893035e-02 1.933268173116863409e+01
6.000000000000000000e+01 -1.252174283702047440e-02 5.449759574519352157e+01
6.000000000000000000e+01 -1.280750808538743020e-02 8.336742512763245827e+01
6.000000000000000000e+01 -5.000248769570652535e-02 2.942834150369372992e+01
6.000000000000000000e+01 -2.630712420601561408e-01 6.296918251250568588e+00
