1.000000000000000000e+01 -1.120234891827401440e-05 1.122254996907032876e+02
1.000000000000000000e+01 -3.859668536629144459e-03 4.349458358477685493e+01
1.000000000000000000e+01 -4.411879262600545276e-02 4.710812258889004234e+00
1.000000000000000000e+01 -6.851059972991818681e-03 3.097666944637629882e+01
1.000000000000000000e+01 -3.728772932701334992e-03 8.766665184293819379e+01
1.000000000000000000e+01 -5.604000609091337459e-01 7.621198423856988313e+00
1.000000000000000000e+01 -1.000000000000000000e+00 4.542651203074960620e+00
1.000000000000000000e+01 -8.818631043364367761e-01 6.218437499780650413e+00
1.000000000000000000e+01 -1.000000000000000000e+00 6.624024608322661045e+00
1.000000000000000000e+01 -1.000000000000000000e+00 6.759274362706858774e+00
1.000000000000000000e+01 -8.565918377983153809e-01 8.035590458214102227e+00
1.100000000000000000e+01 -1.044884049199773222e-05 1.125365945797979634e+02
1.100000000000000000e+01 -4.227741075953291537e-03 4.348619882778651657e+01
1.100000000000000000e+01 -4.905159551091693715e-02 4.710677556480502126e+00
1.100000000000000000e+01 -7.516353251749178718e-03 3.098483682846745069e+01
1.100000000000000000e+01 -3.721728604741156559e-03 8.781462970474979102e+01
1.100000000000000000e+01 -5.612292657449287070e-01 8.339296500699409975e+00
1.100000000000000000e+01 -1.000000000000000000e+00 4.990000707445488182e+00
1.100000000000000000e+01 -8.805933882839691584e-01 6.869046701941551980e+00
1.100000000000000000e+01 -1.000000000000000000e+00 7.318578722526321023e+00
1.100000000000000000e+01 -1.000000000000000000e+00 7.472895010050760511e+00
1.100000000000000000e+01 -8.598222887252319202e-01 8.835820560214196817e+00
1.200000000000000000e+01 -9.909009370648308237e-06 1.127738023514555721e+02
1.200000000000000000e+01 -4.605675612639286570e-03 4.347066775862808186e+01
1.200000000000000000e+01 -5.403586481318937290e-02 4.710261224440873029e+00
1.200000000000000000e+01 -8.213287461649034643e-03 3.099110906043414815e+01
1.200000000000000000e+01 -3.748900801796673215e-03 8.792823621214220964e+01
1.200000000000000000e+01 -5.620991648433574239e-01 9.047210101239288704e+00
1.200000000000000000e+01 -1.000000000000000000e+00 5.436149971902752398e+00
1.200000000000000000e+01 -8.794232350499786577e-01 7.523790800992806282e+00
1.300000000000000000e+01 -9.573436260431367973e-06 1.129578369802687519e+02
1.300000000000000000e+01 -4.992808242034181380e-03 4.344924275925149715e+01
1.300000000000000000e+01 -8.939069581599682485e-03 3.099590723720522334e+01
1.300000000000000000e+01 -5.907397440750244283e-02 4.709569058339349468e+00
1.300000000000000000e+01 -3.803074182654323128e-03 8.801736613965957190e+01
1.300000000000000000e+01 -5.630928709112644759e-01 9.746065785357561850e+00
1.300000000000000000e+01 -1.000000000000000000e+00 5.881133426396725206e+00
1.300000000000000000e+01 -8.783905694496435546e-01 8.181811771335025796e+00
1.400000000000000000e+01 -9.444743535424617218e-06 1.131024493354741054e+02
1.400000000000000000e+01 -5.388649608951763710e-03 4.342272859147216479e+01
1.400000000000000000e+01 -9.691705034517012624e-03 3.099949924671672363e+01
1.400000000000000000e+01 -6.416755384666610051e-02 4.708603859710501105e+00
1.400000000000000000e+01 -3.878970534031683272e-03 8.808858998859447809e+01
1.400000000000000000e+01 -5.642745915725232431e-01 1.043877100426942128e+01
1.400000000000000000e+01 -1.000000000000000000e+00 6.324957565404768722e+00
1.400000000000000000e+01 -8.775295327335655982e-01 8.842531850476165189e+00
1.500000000000000000e+01 -9.535914668426244656e-06 1.132170077822066503e+02
1.500000000000000000e+01 -5.792768681479902246e-03 4.339165447967525324e+01
1.500000000000000000e+01 -1.046973019221596884e-02 3.100205783437739626e+01
1.500000000000000000e+01 -6.931806736402272573e-02 4.707368181994135981e+00
1.500000000000000000e+01 -3.972656262225246482e-03 8.814640541283392849e+01
1.500000000000000000e+01 -5.656805336602062084e-01 1.112876294365875829e+01
1.500000000000000000e+01 -1.000000000000000000e+00 6.767603644504181837e+00
1.600000000000000000e+01 -9.869419882279896768e-06 1.133080274082789174e+02
1.600000000000000000e+01 -6.204736087857752082e-03 4.335637448920976311e+01
1.600000000000000000e+01 -1.127204705436580905e-02 3.100369482732174475e+01
1.600000000000000000e+01 -7.452719150277725690e-02 4.705865175782908416e+00
1.600000000000000000e+01 -4.081146897375737860e-03 8.819397256052928924e+01
1.600000000000000000e+01 -5.673251759937971705e-01 1.181884824139296519e+01
1.600000000000000000e+01 -1.000000000000000000e+00 7.209037028349239762e+00
1.700000000000000000e+01 -1.047683995654705612e-05 1.133801088432965116e+02
1.700000000000000000e+01 -6.624101347268057487e-03 4.331712793181269205e+01
1.700000000000000000e+01 -4.202138884004987494e-03 8.823356265829764311e+01
1.700000000000000000e+01 -1.209782431484417164e-02 3.100448227748606200e+01
1.700000000000000000e+01 -7.979700769942678351e-02 4.704098596609403771e+00
1.700000000000000000e+01 -5.692176838294709107e-01 1.251107076039460431e+01
1.700000000000000000e+01 -1.000000000000000000e+00 7.649212865067056555e+00
1.800000000000000000e+01 -1.139892704206306233e-05 1.134365313400819701e+02
1.800000000000000000e+01 -7.050384906518399226e-03 4.327407676531822034e+01
1.800000000000000000e+01 -4.333826581684560586e-03 8.826684086059427159e+01
1.800000000000000000e+01 -8.513007796262099525e-02 4.702072466217003033e+00
1.800000000000000000e+01 -1.294643858308161880e-02 3.100446592212860963e+01
1.800000000000000000e+01 -5.713698590563257573e-01 1.320690372783482047e+01
1.900000000000000000e+01 -1.268588203568802465e-05 1.134796385122343452e+02
1.900000000000000000e+01 -7.483075753075997885e-03 4.322732941725407585e+01
1.900000000000000000e+01 -4.474774630571436151e-03 8.829504950868719959e+01
1.900000000000000000e+01 -9.052945706878497145e-02 4.699790718122772937e+00
1.900000000000000000e+01 -1.381743862688844006e-02 3.100367383232567775e+01
2.000000000000000000e+01 -1.439786516683982966e-05 1.135110943652428688e+02
2.000000000000000000e+01 -7.921630889457114549e-03 4.317695639014026909e+01
2.000000000000000000e+01 -4.623827245641928298e-03 8.831912991507205390e+01
2.000000000000000000e+01 -9.599867607338984088e-02 4.697256865164677109e+00
2.000000000000000000e+01 -1.471052334471635928e-02 3.100212198576386058e+01
2.100000000000000000e+01 -1.660567729745815696e-05 1.135320566851258377e+02
2.100000000000000000e+01 -8.365475132970626518e-03 4.312300068805231490e+01
2.100000000000000000e+01 -4.780042402451616275e-03 8.833980513775739496e+01
2.100000000000000000e+01 -1.015417134122140463e-01 4.694473878785923482e+00
2.100000000000000000e+01 -1.562552831127031819e-02 3.099981794562339488e+01
2.200000000000000000e+01 -1.939150059040523622e-05 1.135432971617699707e+02
2.200000000000000000e+01 -8.813999868838682736e-03 4.306548502868326267e+01
2.200000000000000000e+01 -4.942643147188212176e-03 8.835763695744758195e+01
2.200000000000000000e+01 -1.071629780873054466e-01 4.691443561017647923e+00
2.200000000000000000e+01 -1.656241826082955476e-02 3.099676271608397471e+01
2.300000000000000000e+01 -2.284986434912546392e-05 1.135452841338308474e+02
2.300000000000000000e+01 -9.266560942343885290e-03 4.300441677566496423e+01
2.300000000000000000e+01 -5.110981719744419997e-03 8.837306687947439343e+01
2.300000000000000000e+01 -1.128672737321657349e-01 4.688167167684288650e+00
2.300000000000000000e+01 -1.752128313907112128e-02 3.099295278312689206e+01
2.400000000000000000e+01 -2.708856559746583738e-05 1.135382420386535784e+02
2.400000000000000000e+01 -9.722475819035012942e-03 4.293979148994878869e+01
2.400000000000000000e+01 -5.284512424231286275e-03 8.838644482104167821e+01
2.400000000000000000e+01 -1.186597938745446168e-01 4.684644877510883987e+00
2.400000000000000000e+01 -1.850233825901075047e-02 3.098838064862225750e+01
2.500000000000000000e+01 -3.222969968236432607e-05 1.135221931660041292e+02
2.500000000000000000e+01 -1.018101965681330462e-02 4.287159550645353079e+01
2.500000000000000000e+01 -5.462771169733693193e-03 8.839805034714632370e+01
2.500000000000000000e+01 -1.245461088126725846e-01 4.680876031775078161e+00
2.500000000000000000e+01 -1.950592712783457555e-02 3.098303542989352266e+01
2.600000000000000000e+01 -3.841069701469391405e-05 1.134969875657376122e+02
2.600000000000000000e+01 -1.064142182501300569e-02 4.279980780323085554e+01
2.600000000000000000e+01 -5.645359791363681150e-03 8.840810823394551221e+01
2.600000000000000000e+01 -1.305321683426593216e-01 4.676859019931876915e+00
2.600000000000000000e+01 -2.053252648154199611e-02 3.097690308171573648e+01
2.700000000000000000e+01 -4.578535302207004841e-05 1.134623243342935268e+02
2.700000000000000000e+01 -1.110286270643720541e-02 4.272440140492611960e+01
2.700000000000000000e+01 -5.831933821862631852e-03 8.841680008867196250e+01
2.700000000000000000e+01 -1.366243067560972690e-01 4.672591351160264139e+00
2.700000000000000000e+01 -2.158275257717173073e-02 3.096996635121811536e+01
2.800000000000000000e+01 -5.452484375680557581e-05 1.134177663953624915e+02
2.800000000000000000e+01 -1.156447138787015418e-02 4.264534445773373506e+01
2.800000000000000000e+01 -6.022192880361947401e-03 8.842427311825019842e+01
2.800000000000000000e+01 -1.428292556491632670e-01 4.668069638042150693e+00
2.800000000000000000e+01 -2.265736749131045183e-02 3.096220451469326562e+01
2.900000000000000000e+01 -6.481848693193802342e-05 1.133627521356690266e+02
2.900000000000000000e+01 -1.202532441845727620e-02 4.256260088848841860e+01
2.900000000000000000e+01 -6.215873166692705877e-03 8.843064668700937148e+01
2.900000000000000000e+01 -1.491541614497567114e-01 4.663289748219263231e+00
2.900000000000000000e+01 -2.375728347198016038e-02 3.095359302608277474e+01
3.000000000000000000e+01 -7.687466071549579308e-05 1.132966010719100041e+02
3.000000000000000000e+01 -1.248444547975750482e-02 4.247613103080952612e+01
3.000000000000000000e+01 -6.412741224943743767e-03 8.843601757329474822e+01
3.000000000000000000e+01 -1.556066103023104330e-01 4.658246639070124040e+00
3.000000000000000000e+01 -2.488356470159783576e-02 3.094410286078119654e+01
3.100000000000000000e+01 -9.092121514739674379e-05 1.132185197404904500e+02
3.100000000000000000e+01 -1.294080504655322449e-02 4.238589185231883505e+01
3.100000000000000000e+01 -6.612589027105876885e-03 8.844046374371424690e+01
3.100000000000000000e+01 -1.621946566009240809e-01 4.652934468575844029e+00
3.100000000000000000e+01 -2.603742486737399900e-02 3.093369988160698014e+01
3.200000000000000000e+01 -1.072057549685718857e-04 1.131276044627326911e+02
3.200000000000000000e+01 -1.339332001217039513e-02 4.229183703005387684e+01
3.200000000000000000e+01 -6.815229949200709257e-03 8.844404740544644028e+01
3.200000000000000000e+01 -1.689268586406071915e-01 4.647346543076797509e+00
3.200000000000000000e+01 -2.722021991122653556e-02 3.092234415078003806e+01
3.300000000000000000e+01 -1.259955114581945109e-04 1.130228433857184029e+02
3.300000000000000000e+01 -1.384085120564333866e-02 4.219391683092303680e+01
3.300000000000000000e+01 -7.020495362349385600e-03 8.844681731287093385e+01
3.300000000000000000e+01 -1.758123178856822177e-01 4.641475323471816239e+00
3.300000000000000000e+01 -2.843343751433786981e-02 3.090998929660134209e+01
3.400000000000000000e+01 -1.475767658107140351e-04 1.129031177245661866e+02
3.400000000000000000e+01 -1.428219808490887102e-02 4.209207782727678904e+01
3.400000000000000000e+01 -7.228231810718625805e-03 8.844881053492278511e+01
3.400000000000000000e+01 -1.828607251182018112e-01 4.635312393520553798e+00
3.400000000000000000e+01 -2.967868444564563529e-02 3.089658198811415701e+01
3.500000000000000000e+01 -1.722537314911386631e-04 1.127672027012653047e+02
3.500000000000000000e+01 -1.471608895407253322e-02 4.198626249779375996e+01
3.500000000000000000e+01 -7.438298723615526312e-03 8.845005376832588695e+01
3.500000000000000000e+01 -1.900824117324068085e-01 4.628848438320289915e+00
3.500000000000000000e+01 -3.095767382969610501e-02 3.088206151643126773e+01
3.600000000000000000e+01 -2.003468372932037738e-04 1.126137680101310110e+02
3.600000000000000000e+01 -1.514116608570213914e-02 4.187640873819783849e+01
3.600000000000000000e+01 -7.650566293185652976e-03 8.845056420886017179e+01
3.600000000000000000e+01 -1.974884174091507960e-01 4.622072937537442527e+00
3.600000000000000000e+01 -3.227221640999602265e-02 3.086635927689744463e+01
3.700000000000000000e+01 -2.321899760178921537e-04 1.124413810803603582e+02
3.700000000000000000e+01 -1.555596508523443382e-02 4.176244966093108957e+01
3.700000000000000000e+01 -7.864913726676463213e-03 8.845035056638755577e+01
3.700000000000000000e+01 -2.050905202118854520e-01 4.614975132185955786e+00
3.700000000000000000e+01 -3.362421373909836586e-02 3.084939936571156238e+01
3.800000000000000000e+01 -2.681275164823118369e-04 1.122485062928719515e+02
3.800000000000000000e+01 -1.595888901811954100e-02 4.164431313697119919e+01
3.800000000000000000e+01 -8.081227667782801133e-03 8.844941291797651672e+01
3.800000000000000000e+01 -2.129013594230035888e-01 4.607542508028188877e+00
3.800000000000000000e+01 -3.501566295386415728e-02 3.083109704619673153e+01
3.900000000000000000e+01 -3.085099029167759029e-04 1.120335096152734167e+02
3.900000000000000000e+01 -1.634817716423835401e-02 4.152192185516732081e+01
3.900000000000000000e+01 -8.299400842146101298e-03 8.844774315564609424e+01
3.900000000000000000e+01 -2.209344871618359740e-01 4.599761639018830728e+00
3.900000000000000000e+01 -3.644866224934522475e-02 3.081135916901212468e+01
4.000000000000000000e+01 -3.536885477459639888e-04 1.117946624343620812e+02
4.000000000000000000e+01 -1.672187208887836868e-02 4.139519355375819742e+01
4.000000000000000000e+01 -8.519330588740542734e-03 8.844532481408643321e+01
4.000000000000000000e+01 -2.292044654065518439e-01 4.591617935647047233e+00
4.000000000000000000e+01 -3.792542585719983761e-02 3.079008337817400331e+01
4.100000000000000000e+01 -4.040098479352524359e-04 1.115301470264873984e+02
4.100000000000000000e+01 -1.707778462144964732e-02 4.126404156883317143e+01
4.100000000000000000e+01 -8.740917556310692782e-03 8.844213270926745452e+01
4.100000000000000000e+01 -2.377269718457576397e-01 4.583095493424601763e+00
4.100000000000000000e+01 -3.944830172651447170e-02 3.076715725796059786e+01
4.200000000000000000e+01 -4.598083461920360565e-04 1.112380640253190194e+02
4.200000000000000000e+01 -1.741346002038426238e-02 4.112837572191435953e+01
4.200000000000000000e+01 -8.964064292977625553e-03 8.843813232147765291e+01
4.200000000000000000e+01 -2.465189130212486479e-01 4.574177044691884575e+00
4.200000000000000000e+01 -4.101979192416361358e-02 3.074245716448324117e+01
4.300000000000000000e+01 -5.213992341001422387e-04 1.109164410811254271e+02
4.300000000000000000e+01 -1.772614702916746471e-02 4.098810335979817410e+01
4.300000000000000000e+01 -9.188673630289580577e-03 8.843327889818350229e+01
4.300000000000000000e+01 -2.555985554267950488e-01 4.564843856282214674e+00
4.300000000000000000e+01 -4.264257398402437199e-02 3.071584683931109439e+01
4.400000000000000000e+01 -5.890698906866070504e-04 1.105632469883532849e+02
4.400000000000000000e+01 -1.801277207777516806e-02 4.084313170005825810e+01
4.400000000000000000e+01 -9.414646986018694250e-03 8.842751622233913622e+01
4.400000000000000000e+01 -2.649856685793126054e-01 4.555075536252057411e+00
4.400000000000000000e+01 -4.431952133494410084e-02 3.068717508193781640e+01
4.500000000000000000e+01 -6.630720857841622276e-04 1.101764020611737038e+02
4.500000000000000000e+01 -1.826992097837165652e-02 4.069336863876748112e+01
4.500000000000000000e+01 -9.641882296012359646e-03 8.842077486559367117e+01
4.500000000000000000e+01 -2.747016973700929232e-01 4.544849918997451610e+00
4.500000000000000000e+01 -4.605372053035101942e-02 3.065627399809946141e+01
4.600000000000000000e+01 -7.436139049735480955e-04 1.097537970133505496e+02
4.600000000000000000e+01 -1.849383203412418783e-02 4.053872549213129162e+01
4.600000000000000000e+01 -9.870271852370696500e-03 8.841297002057322629e+01
4.600000000000000000e+01 -2.847699411149562376e-01 4.534142945576054018e+00
4.600000000000000000e+01 -4.784848279646561342e-02 3.062295597033861583e+01
4.700000000000000000e+01 -8.308534473852874488e-04 1.092933117979935531e+02
4.700000000000000000e+01 -1.868039791257237320e-02 4.037911873141925412e+01
4.700000000000000000e+01 -1.009969930026904071e-02 8.840399862472366976e+01
4.700000000000000000e+01 -2.952157663877320037e-01 4.522928472096705121e+00
4.700000000000000000e+01 -4.970734798618276634e-02 3.058701050482978090e+01
4.800000000000000000e+01 -9.248943873507027265e-04 1.087928382610557350e+02
4.800000000000000000e+01 -1.882517337094715207e-02 4.021447203566964390e+01
4.800000000000000000e+01 -1.033003496213697088e-02 8.839373561599201423e+01
4.800000000000000000e+01 -3.060668436859191321e-01 4.511178106293971091e+00
4.800000000000000000e+01 -5.163407931098503573e-02 3.054820060081610222e+01
4.900000000000000000e+01 -1.067839048986922055e-03 1.079520798461866633e+02
4.900000000000000000e+01 -1.889290806755769200e-02 4.003366327432872396e+01
4.900000000000000000e+01 -1.055692649191799538e-02 8.837733151918948238e+01
4.900000000000000000e+01 -3.171552089228023008e-01 4.501804990833707443e+00
4.900000000000000000e+01 -5.363880946397382721e-02 3.050584709693897167e+01
5.000000000000000000e+01 -1.181504058471710868e-03 1.073165405653346482e+02
5.000000000000000000e+01 -1.893124868924999510e-02 3.985651425143140614e+01
5.000000000000000000e+01 -1.078745670250245807e-02 8.836286115844097822e+01
5.000000000000000000e+01 -3.288694039141510927e-01 4.489321690868973036e+00
5.000000000000000000e+01 -5.571515310481094108e-02 3.046033483474427328e+01
5.100000000000000000e+01 -1.302387782302886435e-03 1.066287397146236344e+02
5.100000000000000000e+01 -1.891125709277710273e-02 3.967376095895037480e+01
5.100000000000000000e+01 -1.101793796521751204e-02 8.834623540752161830e+01
5.100000000000000000e+01 -3.410807934021130583e-01 4.476256322680949751e+00
5.100000000000000000e+01 -5.787243408118945137e-02 3.041099510296932706e+01
5.200000000000000000e+01 -1.430458559373351144e-03 1.058864342194612220e+02
5.200000000000000000e+01 -1.882630834433367609e-02 3.948530730039741599e+01
5.200000000000000000e+01 -1.124818527482515478e-02 8.832709688390970371e+01
5.200000000000000000e+01 -3.538279305235839112e-01 4.462575458576515608e+00
5.200000000000000000e+01 -6.011503001619256797e-02 3.035743292924966497e+01
5.300000000000000000e+01 -1.565631809995133303e-03 1.050876218654868239e+02
5.300000000000000000e+01 -1.867071152001929107e-02 3.929106702357160685e+01
5.300000000000000000e+01 -1.147749948070359537e-02 8.830497822770098537e+01
5.300000000000000000e+01 -3.671533175606623289e-01 4.448240866227734180e+00
5.300000000000000000e+01 -6.244744609437509475e-02 3.029917771209523636e+01
5.400000000000000000e+01 -1.740864757413256416e-03 1.039663260067631825e+02
5.400000000000000000e+01 -1.840831244179394477e-02 3.907917503109941038e+01
5.400000000000000000e+01 -1.169915245296431448e-02 8.827266972789114163e+01
5.400000000000000000e+01 -3.808706344010419076e-01 4.436040874908568021e+00
5.400000000000000000e+01 -6.488527325089489539e-02 3.023492526050545948e+01
5.500000000000000000e+01 -1.897246574266082605e-03 1.029911348143063918e+02
5.500000000000000000e+01 -1.808225356218998159e-02 3.886987631279225752e+01
5.500000000000000000e+01 -1.192131004596328446e-02 8.824010782305533951e+01
5.500000000000000000e+01 -3.954307919845215236e-01 4.420901539209531883e+00
5.500000000000000000e+01 -6.741412535802146500e-02 3.016528657009431313e+01
5.600000000000000000e+01 -2.061552564932266247e-03 1.019595818812412773e+02
5.600000000000000000e+01 -1.766592781745267293e-02 3.865448993507931164e+01
5.600000000000000000e+01 -1.213807135307449006e-02 8.820152622089815964e+01
5.600000000000000000e+01 -4.107199251870974344e-01 4.404950522324789119e+00
5.600000000000000000e+01 -7.004504730197196050e-02 3.008904340458065008e+01
5.700000000000000000e+01 -2.237275796744777299e-03 1.008610460978185017e+02
5.700000000000000000e+01 -1.715251169647065074e-02 3.843241762381640569e+01
5.700000000000000000e+01 -1.234586525614671249e-02 8.815479410691797568e+01
5.700000000000000000e+01 -4.267891766758160621e-01 4.388257215651942822e+00
5.700000000000000000e+01 -7.278109618120308377e-02 3.000532998624993297e+01
5.800000000000000000e+01 -2.458409278453251717e-03 9.947547500417387312e+01
5.800000000000000000e+01 -1.650311215943076754e-02 3.819126075084739114e+01
5.800000000000000000e+01 -1.252609147256886907e-02 8.808675798858304518e+01
5.800000000000000000e+01 -4.434599753744449258e-01 4.373235126362724046e+00
5.800000000000000000e+01 -7.563899484723403399e-02 2.991189304898721346e+01
5.900000000000000000e+01 -2.683739089700992383e-03 9.821044799122526570e+01
5.900000000000000000e+01 -1.576978561215405111e-02 3.795239303050639990e+01
5.900000000000000000e+01 -1.268655881052559165e-02 8.800941383801320228e+01
5.900000000000000000e+01 -4.612286951172641647e-01 4.355416564881250174e+00
5.900000000000000000e+01 -7.859101866920720214e-02 2.980970214088898018e+01
6.000000000000000000e+01 -2.957011328418563886e-03 9.688514700579722216e+01
6.000000000000000000e+01 -1.492476069695515724e-02 3.770576248466971236e+01
6.000000000000000000e+01 -1.279762117978489738e-02 8.790767878405856095e+01
6.000000000000000000e+01 -4.799793512394724404e-01 4.336808910635277847e+00
6.000000000000000000e+01 -8.164528466202267132e-02 2.969651766699221085e+01
6.100000000000000000e+01 -3.371141510837279837e-03 9.532901646593026612e+01
6.100000000000000000e+01 -1.392778850119617828e-02 3.743819766413643180e+01
6.100000000000000000e+01 -1.277541314173798008e-02 8.774787920091317517e+01
6.100000000000000000e+01 -4.995222743487046091e-01 4.319710436129084563e+00
6.100000000000000000e+01 -8.481148853449209379e-02 2.956887653772942670e+01
6.200000000000000000e+01 -3.953440734297279137e-03 9.390850203077391711e+01
6.200000000000000000e+01 -1.284764501854190194e-02 3.717172256668465735e+01
6.200000000000000000e+01 -1.257158068035573242e-02 8.753223650976009651e+01
6.200000000000000000e+01 -5.204108924335620889e-01 4.299957570418590613e+00
6.200000000000000000e+01 -8.804490690105003237e-02 2.942810755963015268e+01
6.300000000000000000e+01 -1.166184174821167582e-02 3.689573579012240145e+01
6.300000000000000000e+01 -4.937394932585863899e-03 9.252054286887511125e+01
6.300000000000000000e+01 -1.196173509272697132e-02 8.719524094930605429e+01
6.300000000000000000e+01 -5.425291544934318644e-01 4.279426805813962176e+00
6.300000000000000000e+01 -9.133835492245639953e-02 2.927078651607994075e+01
6.400000000000000000e+01 -1.033669363127659099e-02 3.659567542494233550e+01
6.400000000000000000e+01 -6.821364538280607487e-03 9.115684256646402162e+01
6.400000000000000000e+01 -1.045340417869607998e-02 8.656753579865659276e+01
6.400000000000000000e+01 -5.656462918667465312e-01 4.260450586262982675e+00
6.400000000000000000e+01 -9.467584581580952563e-02 2.909147478399241038e+01
6.500000000000000000e+01 -8.972123710696723944e-03 3.629502327106192894e+01
6.500000000000000000e+01 -8.422700560501273845e-03 8.559260136103112870e+01
6.500000000000000000e+01 -9.218452337754021175e-03 9.020484221524604607e+01
6.500000000000000000e+01 -5.904117831110027304e-01 4.238941791099356315e+00
6.500000000000000000e+01 -9.798350867692796895e-02 2.889227145937091024e+01
6.600000000000000000e+01 -7.519853298293860053e-03 3.596803793102311175e+01
6.600000000000000000e+01 -6.546648694573758281e-03 8.408218820226510104e+01
6.600000000000000000e+01 -1.146373129022113836e-02 8.955490376112348372e+01
6.600000000000000000e+01 -6.163137863000361927e-01 4.219063190838710398e+00
6.600000000000000000e+01 -1.012192214818468522e-01 2.866391724622096859e+01
6.700000000000000000e+01 -6.102732492700602140e-03 3.563757843013189586e+01
6.700000000000000000e+01 -5.538627311604552017e-03 8.234669483771781984e+01
6.700000000000000000e+01 -1.283990149742138265e-02 8.918090190121112926e+01
6.700000000000000000e+01 -6.440347893440847571e-01 4.196998899460717247e+00
6.700000000000000000e+01 -1.042811647150529430e-01 2.840886099157448541e+01
6.800000000000000000e+01 -4.713519785844486054e-03 3.527778882424832574e+01
6.800000000000000000e+01 -5.007342408711032596e-03 8.030831192412951225e+01
6.800000000000000000e+01 -1.375274710000513184e-02 8.891384056755822485e+01
6.800000000000000000e+01 -6.729698697242267880e-01 4.176871439590446045e+00
6.800000000000000000e+01 -1.070527382710133174e-01 2.811502583597257754e+01
6.900000000000000000e+01 -3.484875796174159279e-03 3.489976407642041778e+01
6.900000000000000000e+01 -4.790960249520842713e-03 7.815591136446951737e+01
6.900000000000000000e+01 -1.437042666666677598e-02 8.871422065612168240e+01
6.900000000000000000e+01 -7.034602939228420393e-01 4.156931437879531011e+00
6.900000000000000000e+01 -1.093689860367602212e-01 2.778052155055858918e+01
7.000000000000000000e+01 -2.551656277303119072e-03 3.451132342687971288e+01
7.000000000000000000e+01 -4.761751155250545757e-03 7.600375274598900432e+01
7.000000000000000000e+01 -1.482970151399064934e-02 8.855105287261636704e+01
7.000000000000000000e+01 -1.110521262659383834e-01 2.740332797166538015e+01
7.000000000000000000e+01 -7.357888675170417558e-01 4.136080534446731960e+00
7.100000000000000000e+01 -2.045828007412934385e-03 3.409088426834401986e+01
7.100000000000000000e+01 -4.860472513912714697e-03 7.373434152394273156e+01
7.100000000000000000e+01 -1.521595264243300397e-02 8.839336004117828338e+01
7.100000000000000000e+01 -1.117811706903796831e-01 2.696670092380250594e+01
7.100000000000000000e+01 -7.691403042893182329e-01 4.118229906645745508e+00
7.200000000000000000e+01 -2.196089781906477092e-03 3.365019837498597610e+01
7.200000000000000000e+01 -5.081369194380471431e-03 7.146632476734093586e+01
7.200000000000000000e+01 -1.555047848423547936e-02 8.823569196172744000e+01
7.200000000000000000e+01 -1.112475184105374826e-01 2.646665216954303546e+01
7.200000000000000000e+01 -8.036413913473657855e-01 4.102307474200812543e+00
7.300000000000000000e+01 -3.243860382554265061e-03 3.319217856608640460e+01
7.300000000000000000e+01 -5.427443097444807109e-03 6.923024371549328748e+01
7.300000000000000000e+01 -1.585113414918982305e-02 8.806865370927785364e+01
7.300000000000000000e+01 -1.090664482165126792e-01 2.589344008232810879e+01
7.300000000000000000e+01 -8.389058321143826324e-01 4.089263582666155195e+00
7.400000000000000000e+01 -5.430107258618943090e-03 3.272391544322285739e+01
7.400000000000000000e+01 -5.907287690426145724e-03 6.705987385706342252e+01
7.400000000000000000e+01 -1.612701645067474848e-02 8.788456795383007147e+01
7.400000000000000000e+01 -1.048436503103475359e-01 2.523720666175131555e+01
7.400000000000000000e+01 -8.743789639729435681e-01 4.080178591368015084e+00
7.500000000000000000e+01 -8.926695216781599732e-03 3.225623875190503753e+01
7.500000000000000000e+01 -6.526810210229789383e-03 6.498566172102587757e+01
7.500000000000000000e+01 -1.638275341972912982e-02 8.767607928254125227e+01
7.500000000000000000e+01 -9.825054635633978517e-02 2.448881835570274745e+01
7.500000000000000000e+01 -9.092493807749884027e-01 4.076465137598461297e+00
7.600000000000000000e+01 -1.373065940442036795e-02 3.180338782138404241e+01
7.600000000000000000e+01 -7.281240899637633941e-03 6.303761255824222332e+01
7.600000000000000000e+01 -1.662032347524791329e-02 8.743617978812937963e+01
7.600000000000000000e+01 -8.915883129042395661e-02 2.364376395557929911e+01
7.600000000000000000e+01 -9.424770761875220781e-01 4.079681990308761996e+00
7.700000000000000000e+01 -8.151462927516306758e-03 6.123919645744481244e+01
7.700000000000000000e+01 -1.959438122305165106e-02 3.137836924941242245e+01
7.700000000000000000e+01 -1.684028059958719153e-02 8.715784872236851299e+01
7.700000000000000000e+01 -7.773652639356457006e-02 2.270621739471222611e+01
7.700000000000000000e+01 -9.727714488246658187e-01 4.091645189432579599e+00
7.800000000000000000e+01 -9.103138698984219665e-03 5.960747340421571039e+01
7.800000000000000000e+01 -2.605714324410616720e-02 3.098800155013469038e+01
7.800000000000000000e+01 -6.446352962626429595e-02 2.169435776183211573e+01
7.800000000000000000e+01 -1.704244486499401773e-02 8.683468196180164966e+01
7.800000000000000000e+01 -9.986401126201280842e-01 4.114316590883569269e+00
7.900000000000000000e+01 -1.009211809560211018e-02 5.814985840095849312e+01
7.900000000000000000e+01 -3.262109174956122348e-02 3.063330045530094381e+01
7.900000000000000000e+01 -4.995182396157553384e-02 2.063461523233926087e+01
7.900000000000000000e+01 -1.722644252331935466e-02 8.646125075438855845e+01
7.900000000000000000e+01 -1.000000000000000000e+00 3.415223316662643338e+00
7.900000000000000000e+01 -1.000000000000000000e+00 5.040520211593952915e+00
8.000000000000000000e+01 -1.107282241469764207e-02 5.686499437356324194e+01
8.000000000000000000e+01 -3.488218692058833725e-02 1.956506940588527144e+01
8.000000000000000000e+01 -3.887418454413558988e-02 3.030620998317193227e+01
8.000000000000000000e+01 -1.739232754868760833e-02 8.603412944972880894e+01
8.000000000000000000e+01 -1.000000000000000000e+00 3.253857030485815205e+00
8.000000000000000000e+01 -1.000000000000000000e+00 5.414660184270839949e+00
8.100000000000000000e+01 -1.988070265223737532e-02 1.852244967505303563e+01
8.100000000000000000e+01 -1.200252334903828544e-02 5.574694819351324071e+01
8.100000000000000000e+01 -4.455731482833957119e-02 2.999975661916276692e+01
8.100000000000000000e+01 -1.754065649512530356e-02 8.555457492794054986e+01
8.100000000000000000e+01 -1.000000000000000000e+00 3.221172951544237772e+00
8.100000000000000000e+01 -1.000000000000000000e+00 5.632347680398660295e+00
8.200000000000000000e+01 -5.353267710188357002e-03 1.752958275621885065e+01
8.200000000000000000e+01 -1.286097670891097298e-02 5.477331261563676179e+01
8.200000000000000000e+01 -4.960923676844196384e-02 2.970439900932958111e+01
8.200000000000000000e+01 -1.767279677248750555e-02 8.502203968965571335e+01
8.200000000000000000e+01 -1.000000000000000000e+00 3.284424200851625564e+00
8.200000000000000000e+01 -1.000000000000000000e+00 5.724449520890668275e+00
8.300000000000000000e+01 8.334153285717800508e-03 1.660469958875806995e+01
8.300000000000000000e+01 -1.363509706467610355e-02 5.392556440565326170e+01
8.300000000000000000e+01 -1.779106246782167014e-02 8.444113538614440984e+01
8.300000000000000000e+01 -5.402047595027661964e-02 2.941428705601263616e+01
8.300000000000000000e+01 -1.000000000000000000e+00 3.440138022445052179e+00
8.300000000000000000e+01 -1.000000000000000000e+00 5.696206168300909312e+00
8.400000000000000000e+01 2.093520463199463263e-02 1.575737324828735453e+01
8.400000000000000000e+01 -1.432285987923097130e-02 5.318415063143275745e+01
8.400000000000000000e+01 -1.789845262534025400e-02 8.381891678874916352e+01
8.400000000000000000e+01 -5.782900944194334369e-02 2.912549445587901076e+01
8.400000000000000000e+01 -1.000000000000000000e+00 3.712569944001276934e+00
8.400000000000000000e+01 -1.000000000000000000e+00 5.527323850384209258e+00
8.500000000000000000e+01 3.232178000548775049e-02 1.499001347605493883e+01
8.500000000000000000e+01 -1.492977503616220794e-02 5.253016919839416232e+01
8.500000000000000000e+01 -1.799841462716623985e-02 8.316392121676291538e+01
8.500000000000000000e+01 -6.109442383293557655e-02 2.883563035158796239e+01
8.500000000000000000e+01 -1.000000000000000000e+00 4.249194407116897665e+00
8.500000000000000000e+01 -1.000000000000000000e+00 5.075509436354328940e+00
8.600000000000000000e+01 4.246447058755862397e-02 1.430085087432123814e+01
8.600000000000000000e+01 -1.546399720204972780e-02 5.194729051320881297e+01
8.600000000000000000e+01 -1.809458233106843103e-02 8.248679183832845752e+01
8.600000000000000000e+01 -6.387626705777225966e-02 2.854400266966806399e+01
8.600000000000000000e+01 -9.858058614013137655e-01 4.766190567494154706e+00
8.700000000000000000e+01 5.142050842205863476e-02 1.368290782458383070e+01
8.700000000000000000e+01 -1.593821155032362075e-02 5.141953427700107682e+01
8.700000000000000000e+01 -1.819011974489551098e-02 8.179420311111277897e+01
8.700000000000000000e+01 -6.624634654577113424e-02 2.824928593345326533e+01
8.700000000000000000e+01 -9.663380060477611000e-01 4.895333859927127662e+00
