1.000000000000000000e+01 -1.557898491653743580e-05 1.121413618890403114e+02
1.000000000000000000e+01 -3.693902803147359592e-03 4.333084520204295842e+01
1.000000000000000000e+01 -4.396837856880755901e-02 4.720205553058891113e+00
1.000000000000000000e+01 -7.168614260309436569e-03 3.108802998129916162e+01
1.000000000000000000e+01 -3.943521864103310785e-03 8.814040309254717442e+01
1.000000000000000000e+01 -5.686135225271543581e-01 7.325278846081936024e+00
1.000000000000000000e+01 -1.000000000000000000e+00 4.552325837525833307e+00
1.000000000000000000e+01 -8.666581788574658773e-01 6.340088570222895292e+00
1.000000000000000000e+01 -1.000000000000000000e+00 6.588459477791439589e+00
1.000000000000000000e+01 -1.000000000000000000e+00 6.865594840206160399e+00
1.000000000000000000e+01 -8.896417910829019782e-01 8.067082785088391716e+00
1.000000000000000000e+01 -1.000000000000000000e+00 7.545986609852000981e+00
1.100000000000000000e+01 -1.707068983336103144e-05 1.124137516092951330e+02
1.100000000000000000e+01 -4.050031077618044748e-03 4.331964740568323435e+01
1.100000000000000000e+01 -4.884782331469349898e-02 4.721712896857658492e+00
1.100000000000000000e+01 -7.849925089085475760e-03 3.109975999763127419e+01
1.100000000000000000e+01 -3.950071058191211709e-03 8.829194127535760117e+01
1.100000000000000000e+01 -5.694913434694730547e-01 8.029314443989601813e+00
1.100000000000000000e+01 -1.000000000000000000e+00 5.001132017407520003e+00
1.100000000000000000e+01 -8.672804717604576386e-01 6.951238376274425868e+00
1.100000000000000000e+01 -1.000000000000000000e+00 7.284411399500974049e+00
1.100000000000000000e+01 -1.000000000000000000e+00 7.526970247193701447e+00
1.100000000000000000e+01 -8.923470416298047159e-01 8.884227309845938336e+00
1.200000000000000000e+01 -1.964653947390064865e-05 1.125998087491233832e+02
1.200000000000000000e+01 -4.416617616720399861e-03 4.330081232768623778e+01
1.200000000000000000e+01 -5.376924433274040543e-02 4.723111766092521258e+00
1.200000000000000000e+01 -8.559761775537471848e-03 3.110997203719481874e+01
1.200000000000000000e+01 -3.991337864405976668e-03 8.840865970988576805e+01
1.200000000000000000e+01 -5.703537161615426232e-01 8.731167571055983956e+00
1.200000000000000000e+01 -1.000000000000000000e+00 5.448644176511900916e+00
1.200000000000000000e+01 -8.681842732434331689e-01 7.565140756978406600e+00
1.300000000000000000e+01 -2.353442022292739035e-05 1.127178046175526305e+02
1.300000000000000000e+01 -4.793030018332315907e-03 4.327549387099231382e+01
1.300000000000000000e+01 -5.873418706331227229e-02 4.724418174738290510e+00
1.300000000000000000e+01 -9.295227747232999091e-03 3.111910693972014386e+01
1.300000000000000000e+01 -4.059969325790935973e-03 8.850059266407529890e+01
1.300000000000000000e+01 -5.714157818843897951e-01 9.432614532150610742e+00
1.300000000000000000e+01 -1.000000000000000000e+00 5.895000460481704785e+00
1.300000000000000000e+01 -8.697206687822558457e-01 8.180612925053505791e+00
1.400000000000000000e+01 -2.900979422316867344e-05 1.127788380343958323e+02
1.400000000000000000e+01 -5.178767265205702804e-03 4.324439581473126992e+01
1.400000000000000000e+01 -6.374341104076625131e-02 4.725643269752731079e+00
1.400000000000000000e+01 -1.005425065749979141e-02 3.112745190188987010e+01
1.400000000000000000e+01 -4.150580426657938214e-03 8.857439854529305023e+01
1.400000000000000000e+01 -5.727119624807497367e-01 1.013587129933682718e+01
1.400000000000000000e+01 -1.000000000000000000e+00 6.340252635729854092e+00
1.400000000000000000e+01 -8.720137844281528050e-01 8.798733126953408146e+00
1.500000000000000000e+01 -3.639193384512665210e-05 1.127894307776545304e+02
1.500000000000000000e+01 -5.573379160163243612e-03 4.320794127057117606e+01
1.500000000000000000e+01 -6.879743939601563885e-02 4.726796315790190661e+00
1.500000000000000000e+01 -1.083531086760148796e-02 3.113519786757751717e+01
1.500000000000000000e+01 -4.259148857999350314e-03 8.863462954601259014e+01
1.500000000000000000e+01 -5.741764045169323039e-01 1.084343839219533834e+01
1.500000000000000000e+01 -1.000000000000000000e+00 6.784368192453994695e+00
1.600000000000000000e+01 -4.603855402623623311e-05 1.127530767807185725e+02
1.600000000000000000e+01 -5.976470126470538255e-03 4.316611663996698667e+01
1.600000000000000000e+01 -7.391026402615979984e-02 4.726822664728905998e+00
1.600000000000000000e+01 -1.163723652963711414e-02 3.114237856215943623e+01
1.600000000000000000e+01 -4.382603265658048183e-03 8.868445705824159120e+01
1.600000000000000000e+01 -5.757158777839470609e-01 1.155790442693223774e+01
1.600000000000000000e+01 -1.000000000000000000e+00 7.227239330572525766e+00
1.700000000000000000e+01 -5.833824684229210630e-05 1.126712150252935203e+02
1.700000000000000000e+01 -6.387494732588846862e-03 4.311950559778239267e+01
1.700000000000000000e+01 -7.905983352116721652e-02 4.727699117086906710e+00
1.700000000000000000e+01 -1.245927645789765385e-02 3.114925878540647730e+01
1.700000000000000000e+01 -4.518608197634318979e-03 8.872621016916258441e+01
1.700000000000000000e+01 -5.772564407798922437e-01 1.228124401152524747e+01
1.700000000000000000e+01 -1.000000000000000000e+00 7.668721739077252408e+00
1.800000000000000000e+01 -7.369999038905894473e-05 1.125438528589575782e+02
1.800000000000000000e+01 -6.805974722449676696e-03 4.306792438431812542e+01
1.800000000000000000e+01 -8.425736554415240442e-02 4.728538999270839760e+00
1.800000000000000000e+01 -4.665313539629352413e-03 8.876154497588257186e+01
1.800000000000000000e+01 -1.330075029056800376e-02 3.115581639031055516e+01
1.800000000000000000e+01 -5.787844228946468217e-01 1.301590522845741660e+01
1.900000000000000000e+01 -9.253992121480313277e-05 1.123700019180937204e+02
1.900000000000000000e+01 -7.231366402392533713e-03 4.301133270135112241e+01
1.900000000000000000e+01 -8.950469537892226379e-02 4.729342655574156673e+00
1.900000000000000000e+01 -4.821257893500483470e-03 8.879170352510297448e+01
1.900000000000000000e+01 -1.416122998331677436e-02 3.116209555334750192e+01
2.000000000000000000e+01 -1.152650191692263209e-04 1.121479880832934697e+02
2.000000000000000000e+01 -7.663075205169971385e-03 4.294964187170525349e+01
2.000000000000000000e+01 -4.985276043882437905e-03 8.881762082503493616e+01
2.000000000000000000e+01 -9.480391400411157521e-02 4.730119435030702313e+00
2.000000000000000000e+01 -1.504044014636704910e-02 3.116812740212881039e+01
2.100000000000000000e+01 -1.422544872787028175e-04 1.118756854386286790e+02
2.100000000000000000e+01 -8.100460495048004625e-03 4.288272238050009832e+01
2.100000000000000000e+01 -5.156429753415963865e-03 8.884000828495946678e+01
2.100000000000000000e+01 -1.001573761764671527e-01 4.730880949642203070e+00
2.100000000000000000e+01 -1.593826076013433665e-02 3.117393621140870152e+01
2.200000000000000000e+01 -1.738390182251066591e-04 1.115507058418001805e+02
2.200000000000000000e+01 -8.542832674422585690e-03 4.281040935644483625e+01
2.200000000000000000e+01 -5.333958642261668950e-03 8.885941242579274046e+01
2.200000000000000000e+01 -1.055676913877655471e-01 4.731639313623844600e+00
2.200000000000000000e+01 -1.685470707563219844e-02 3.117954026608287776e+01
2.300000000000000000e+01 -2.102793458718764245e-04 1.111705570308469362e+02
2.300000000000000000e+01 -8.989449033849598522e-03 4.273250586759467495e+01
2.300000000000000000e+01 -5.517244158003255586e-03 8.887625400277869403e+01
2.300000000000000000e+01 -1.110377381666885765e-01 4.732405194199668763e+00
2.300000000000000000e+01 -1.778993369810797850e-02 3.118495348476167450e+01
2.400000000000000000e+01 -2.517457953630113966e-04 1.107327697964241366e+02
2.400000000000000000e+01 -9.439507103971012114e-03 4.264878454315228851e+01
2.400000000000000000e+01 -5.705786840111588820e-03 8.889085949486228344e+01
2.400000000000000000e+01 -1.165706042046847635e-01 4.733189714352057820e+00
2.400000000000000000e+01 -1.874423298095141688e-02 3.119018800945169900e+01
2.500000000000000000e+01 -2.982984906859272836e-04 1.102350212667443259e+02
2.500000000000000000e+01 -9.892149523487872229e-03 4.255886544654863712e+01
2.500000000000000000e+01 -5.899187760919284360e-03 8.890346902109828875e+01
2.500000000000000000e+01 -1.221844935162533369e-01 4.733393113431379362e+00
2.500000000000000000e+01 -1.971814664553291421e-02 3.119518982341586621e+01
2.600000000000000000e+01 -3.498719898587346095e-04 1.096752309994262760e+02
2.600000000000000000e+01 -1.034638290265536137e-02 4.246259863182945082e+01
2.600000000000000000e+01 -6.097132913047994748e-03 8.891428714251149756e+01
2.600000000000000000e+01 -1.278723834199101406e-01 4.733532844601544554e+00
2.600000000000000000e+01 -2.071217362670046622e-02 3.120002297433509852e+01
2.700000000000000000e+01 -4.062656096388996387e-04 1.090516502888158357e+02
2.700000000000000000e+01 -1.080108892841629212e-02 4.235977065081805648e+01
2.700000000000000000e+01 -6.299367933675693344e-03 8.892348267332484113e+01
2.700000000000000000e+01 -1.336130751425194940e-01 4.734541464478247086e+00
2.700000000000000000e+01 -2.172671890510710635e-02 3.120478893410105670e+01
2.800000000000000000e+01 -4.671467343177124741e-04 1.083629280480531776e+02
2.800000000000000000e+01 -1.125483452323815942e-02 4.225006850634729716e+01
2.800000000000000000e+01 -6.505730444264214325e-03 8.893116244003890358e+01
2.800000000000000000e+01 -1.394077967957244590e-01 4.736395679075376286e+00
2.800000000000000000e+01 -2.276247477812617936e-02 3.120950056611377121e+01
2.900000000000000000e+01 -5.318780635421741865e-04 1.076081504178248593e+02
2.900000000000000000e+01 -1.170776030844338823e-02 4.213288650980293681e+01
2.900000000000000000e+01 -6.716511168420794334e-03 8.893737066530160007e+01
2.900000000000000000e+01 -1.452987901833449891e-01 4.737722667480124272e+00
2.900000000000000000e+01 -2.382136738889123820e-02 3.121398025004045707e+01
3.000000000000000000e+01 -6.000055523683501960e-04 1.067869474230691651e+02
3.000000000000000000e+01 -1.215610979883842598e-02 4.200783135607941432e+01
3.000000000000000000e+01 -6.930775485602707481e-03 8.894216969061892542e+01
3.000000000000000000e+01 -1.512822592113481635e-01 4.738865003231279793e+00
3.000000000000000000e+01 -2.490438015370170788e-02 3.121831640927872442e+01
3.100000000000000000e+01 -6.706127008023780520e-04 1.058994336695205192e+02
3.100000000000000000e+01 -1.259869973924070824e-02 4.187528308922760090e+01
3.100000000000000000e+01 -7.149129139299683494e-03 8.894568111135485822e+01
3.100000000000000000e+01 -1.572322524941128785e-01 4.743784986372554080e+00
3.100000000000000000e+01 -2.601099669885741095e-02 3.122301844270046089e+01
3.200000000000000000e+01 -7.427306748028514403e-04 1.049462257866487249e+02
3.200000000000000000e+01 -1.303391675768617551e-02 4.173338163066854634e+01
3.200000000000000000e+01 -7.371814023612624847e-03 8.894774711287401203e+01
3.200000000000000000e+01 -1.633705025719851267e-01 4.745747681340147572e+00
3.200000000000000000e+01 -2.714645181641903507e-02 3.122719802218906082e+01
3.300000000000000000e+01 -8.151779657339347073e-04 1.039285359454157742e+02
3.300000000000000000e+01 -1.345964312473200107e-02 4.158217509262225775e+01
3.300000000000000000e+01 -7.599175471642656901e-03 8.894844565519530022e+01
3.300000000000000000e+01 -1.696135301486692282e-01 4.747573747945959433e+00
3.300000000000000000e+01 -2.831167820577965011e-02 3.123125064420884911e+01
3.400000000000000000e+01 -8.865271592257053385e-04 1.028480807512989088e+02
3.400000000000000000e+01 -1.387347144999487303e-02 4.142113502007479298e+01
3.400000000000000000e+01 -7.831858144111301587e-03 8.894774909613478542e+01
3.400000000000000000e+01 -1.759603094096289788e-01 4.749451663994812556e+00
3.400000000000000000e+01 -2.950909423806429011e-02 3.123519649487056427e+01
3.500000000000000000e+01 -9.585380937697147476e-04 1.016034875718127211e+02
3.500000000000000000e+01 -1.427000297605822594e-02 4.124311619296289422e+01
3.500000000000000000e+01 -8.073214844416910091e-03 8.894454148542001803e+01
3.500000000000000000e+01 -1.825031687030484739e-01 4.749183221854162973e+00
3.500000000000000000e+01 -3.074863578070540643e-02 3.123825988785974062e+01
3.600000000000000000e+01 -1.021625256280936324e-03 1.003884318369417912e+02
3.600000000000000000e+01 -1.464915763688683960e-02 4.105925114711222790e+01
3.600000000000000000e+01 -8.320544440034580852e-03 8.894067303285559944e+01
3.600000000000000000e+01 -1.890604237754806849e-01 4.751607776169944231e+00
3.600000000000000000e+01 -3.202066727801883977e-02 3.124192707328817775e+01
3.700000000000000000e+01 -1.076150466488925289e-03 9.911725586986737824e+01
3.700000000000000000e+01 -1.500556407609301458e-02 4.086303524453571612e+01
3.700000000000000000e+01 -8.578247564381935933e-03 8.893513782928219769e+01
3.700000000000000000e+01 -1.957790352206790485e-01 4.752964354002179093e+00
3.700000000000000000e+01 -3.333602534370077447e-02 3.124529614655262577e+01
3.800000000000000000e+01 -1.117279403387509262e-03 9.779367628938392443e+01
3.800000000000000000e+01 -1.533428054897645332e-02 4.065405377345732063e+01
3.800000000000000000e+01 -8.850509483905425606e-03 8.892785349199347422e+01
3.800000000000000000e+01 -2.026004169612082018e-01 4.755020922161567576e+00
3.800000000000000000e+01 -3.469837147250497827e-02 3.124864350170906846e+01
3.900000000000000000e+01 -1.136974111109007425e-03 9.642126340088177017e+01
3.900000000000000000e+01 -1.562930184104023568e-02 4.043140809175860539e+01
3.900000000000000000e+01 -9.144856073143211792e-03 8.891859129864883471e+01
3.900000000000000000e+01 -2.095143523918520934e-01 4.758097747100907604e+00
3.900000000000000000e+01 -3.611296608816304265e-02 3.125198331778851468e+01
4.000000000000000000e+01 -1.120227515634140969e-03 9.500596172393883876e+01
4.000000000000000000e+01 -1.588322920792794440e-02 4.019424197068794058e+01
4.000000000000000000e+01 -9.475841915628184856e-03 8.890693302576862322e+01
4.000000000000000000e+01 -2.165177008046243745e-01 4.762330255729411377e+00
4.000000000000000000e+01 -3.758614930838646145e-02 3.125535886945576181e+01
4.100000000000000000e+01 -1.034766352128574027e-03 9.355322109515481088e+01
4.100000000000000000e+01 -1.608691458059065965e-02 3.994160178124749905e+01
4.100000000000000000e+01 -9.875517696708852391e-03 8.889171039530802432e+01
4.100000000000000000e+01 -2.236005774688872572e-01 4.767990044535806327e+00
4.100000000000000000e+01 -3.912547257432439501e-02 3.125885141429887781e+01
4.200000000000000000e+01 -7.989189405489046259e-04 9.207263529076310249e+01
4.200000000000000000e+01 -1.622853302880651605e-02 3.967181464715777395e+01
4.200000000000000000e+01 -1.042554023513251119e-02 8.886835005452172709e+01
4.200000000000000000e+01 -2.308812541398594098e-01 4.772461474085393007e+00
4.200000000000000000e+01 -4.074308444762655967e-02 3.126201266389346500e+01
4.300000000000000000e+01 -2.047408312037600855e-04 9.059681376438931011e+01
4.300000000000000000e+01 -1.629367580172555452e-02 3.938407503829933631e+01
4.300000000000000000e+01 -1.133400724098351624e-02 8.880988494138335909e+01
4.300000000000000000e+01 -2.382993689240973378e-01 4.777307132809633039e+00
4.300000000000000000e+01 -4.244989215241079528e-02 3.126510371351906059e+01
4.400000000000000000e+01 -6.711372664075637424e-05 8.922683126683995170e+01
4.400000000000000000e+01 -1.625828844679148497e-02 3.907048985090142423e+01
4.400000000000000000e+01 -1.178891877734406478e-02 8.855568348690489699e+01
4.400000000000000000e+01 -2.456797617872275019e-01 4.786072590876143451e+00
4.400000000000000000e+01 -4.426896482550305573e-02 3.126815104473221396e+01
4.500000000000000000e+01 -4.356708876044367192e-03 8.748076034211636909e+01
4.500000000000000000e+01 -1.610626214544691806e-02 3.874181401371392752e+01
4.500000000000000000e+01 -7.815902318141132801e-03 8.871155564524642045e+01
4.500000000000000000e+01 -2.533430950647952429e-01 4.792461489926206575e+00
4.500000000000000000e+01 -4.620690048830831953e-02 3.127113469372008936e+01
4.600000000000000000e+01 -3.358860154674576069e-03 8.583492666717815212e+01
4.600000000000000000e+01 -1.580416370078950583e-02 3.839136743066061541e+01
4.600000000000000000e+01 -9.132483351030323132e-03 8.875669034458438489e+01
4.600000000000000000e+01 -2.611429575759128818e-01 4.799525695798059211e+00
4.600000000000000000e+01 -4.829575583159860519e-02 3.127394561610272206e+01
4.700000000000000000e+01 -3.087448567310466848e-03 8.423926043501013794e+01
4.700000000000000000e+01 -1.531268331920196922e-02 3.801811529996282957e+01
4.700000000000000000e+01 -9.726383522562007458e-03 8.874379864479023183e+01
4.700000000000000000e+01 -2.690810129277526608e-01 4.807315702812002378e+00
4.700000000000000000e+01 -5.056895893334114461e-02 3.127647675182543097e+01
4.800000000000000000e+01 -3.001322441838408153e-03 8.265469282406124307e+01
4.800000000000000000e+01 -1.458061724028365293e-02 3.762112033341760764e+01
4.800000000000000000e+01 -1.014063262801169658e-02 8.871813116652784004e+01
4.800000000000000000e+01 -2.771581090967419336e-01 4.815901565032354448e+00
4.800000000000000000e+01 -5.307132551776986423e-02 3.127841563677254300e+01
4.900000000000000000e+01 -2.996212794594183253e-03 8.108169677741716441e+01
4.900000000000000000e+01 -1.354131574501408163e-02 3.719993194537543957e+01
4.900000000000000000e+01 -1.048167703495237434e-02 8.868577060455440630e+01
4.900000000000000000e+01 -2.853753327019347696e-01 4.825338095987996567e+00
4.900000000000000000e+01 -5.586206868771975698e-02 3.127913939558569467e+01
5.000000000000000000e+01 -3.038287872188685616e-03 7.952471697592426381e+01
5.000000000000000000e+01 -1.210861084354274489e-02 3.675440878021767332e+01
5.000000000000000000e+01 -1.078556531066990690e-02 8.864808558956207207e+01
5.000000000000000000e+01 -2.938240843282958759e-01 4.833959703636494964e+00
5.000000000000000000e+01 -5.902224404345323555e-02 3.127686485581612175e+01
5.100000000000000000e+01 -3.114848012747090198e-03 7.798944548021623291e+01
5.100000000000000000e+01 -1.017483218857470791e-02 3.628655705373276419e+01
5.100000000000000000e+01 -1.106818697669499293e-02 8.860558872427772314e+01
5.100000000000000000e+01 -3.023665206874052713e-01 4.844511310727590114e+00
5.100000000000000000e+01 -6.264720229245521188e-02 3.127013344308921106e+01
5.200000000000000000e+01 -3.222811840140731195e-03 7.644643148872469851e+01
5.200000000000000000e+01 -7.579321492285093741e-03 3.579578788079752627e+01
5.200000000000000000e+01 -1.133853604815802767e-02 8.855743185770622006e+01
5.200000000000000000e+01 -3.101117977239625789e-01 4.873119734109149448e+00
5.200000000000000000e+01 -6.685239229610820400e-02 3.126054873150412305e+01
5.300000000000000000e+01 -4.267305128600583190e-03 3.529605145489681917e+01
5.300000000000000000e+01 -3.358693187679292081e-03 7.496882967344544113e+01
5.300000000000000000e+01 -1.159858839729935830e-02 8.850468188205648801e+01
5.300000000000000000e+01 -3.188248476838050904e-01 4.887433341886373128e+00
5.300000000000000000e+01 -7.174622239086195230e-02 3.122974711314170904e+01
5.400000000000000000e+01 -1.998332903232190609e-04 3.479514502476840931e+01
5.400000000000000000e+01 -3.524108760352931847e-03 7.352956394778236415e+01
5.400000000000000000e+01 -1.185189727815558029e-02 8.844646907923493018e+01
5.400000000000000000e+01 -3.276634404970835135e-01 4.903079653313962005e+00
5.400000000000000000e+01 -7.732743448616398452e-02 3.117223943645091921e+01
5.500000000000000000e+01 4.418109461506656600e-03 3.430304577309315306e+01
5.500000000000000000e+01 -3.720215767179794759e-03 7.213216029641996840e+01
5.500000000000000000e+01 -1.210090911998722499e-02 8.838200399133486940e+01
5.500000000000000000e+01 -3.371498857484425682e-01 4.910552814643770247e+00
5.500000000000000000e+01 -8.341232336141525538e-02 3.106913702316631998e+01
5.600000000000000000e+01 9.252201591864321270e-03 3.383171452233240473e+01
5.600000000000000000e+01 -3.949746769347659003e-03 7.078302566679298025e+01
5.600000000000000000e+01 -1.234533242895613850e-02 8.831182512627707126e+01
5.600000000000000000e+01 -3.462697230430923923e-01 4.928443461617737498e+00
5.600000000000000000e+01 -8.960328743033593724e-02 3.092391516786781480e+01
5.700000000000000000e+01 1.382057203208953908e-02 3.338051077274310785e+01
5.700000000000000000e+01 -4.213936534186300820e-03 6.948488989958340767e+01
5.700000000000000000e+01 -1.258635740091499505e-02 8.823507464347150631e+01
5.700000000000000000e+01 -3.554516134142867712e-01 4.948789839874523366e+00
5.700000000000000000e+01 -9.543389588711166660e-02 3.072944022605437198e+01
5.800000000000000000e+01 1.771839020535025122e-02 3.294486330209573310e+01
5.800000000000000000e+01 -4.513928858641732753e-03 6.824049535296317970e+01
5.800000000000000000e+01 -1.282468137769057943e-02 8.815134520204939861e+01
5.800000000000000000e+01 -3.647155841474522542e-01 4.971227730613835938e+00
5.800000000000000000e+01 -1.004961827155626125e-01 3.048888551608921560e+01
5.900000000000000000e+01 2.078485497794744022e-02 3.251686960105934077e+01
5.900000000000000000e+01 -4.855623922214271845e-03 6.703826975164959379e+01
5.900000000000000000e+01 -1.306022736614364209e-02 8.805939670045324874e+01
5.900000000000000000e+01 -3.733624197123421862e-01 5.007863357700260032e+00
5.900000000000000000e+01 -1.045600427241289432e-01 3.021575116496675406e+01
6.000000000000000000e+01 2.251964928209533590e-02 3.209561460435428870e+01
6.000000000000000000e+01 -5.228455421616499434e-03 6.590694124728535996e+01
6.000000000000000000e+01 -1.329314646353123297e-02 8.796006934828957924e+01
6.000000000000000000e+01 -3.827813688884286192e-01 5.034442713058031593e+00
6.000000000000000000e+01 -1.072386369805250483e-01 2.989903293966895959e+01
6.100000000000000000e+01 2.282858159588785005e-02 3.167705394100595839e+01
6.100000000000000000e+01 -5.635375576576346322e-03 6.483363733066073564e+01
6.100000000000000000e+01 -1.352325218638208287e-02 8.785226402643041865e+01
6.100000000000000000e+01 -3.922555938538316855e-01 5.063342929050175911e+00
6.100000000000000000e+01 -1.083747431201374928e-01 2.954992559825628007e+01
6.200000000000000000e+01 2.146582757816803064e-02 3.126172287140397898e+01
6.200000000000000000e+01 -6.073880626036141581e-03 6.381821866457964632e+01
6.200000000000000000e+01 -1.375072590883747933e-02 8.773551421631499636e+01
6.200000000000000000e+01 -4.017729813083696366e-01 5.094717484273310504e+00
6.200000000000000000e+01 -1.077180917721416026e-01 2.916956955346446989e+01
6.300000000000000000e+01 1.811986844384533279e-02 3.085411823832779632e+01
6.300000000000000000e+01 -6.540581642147546247e-03 6.285987048268825816e+01
6.300000000000000000e+01 -1.397567448192684261e-02 8.760935767665979768e+01
6.300000000000000000e+01 -4.113234559653448086e-01 5.128713851497724185e+00
6.300000000000000000e+01 -1.049522904150859276e-01 2.875583753904237838e+01
6.400000000000000000e+01 1.239116182362843058e-02 3.046574621327503962e+01
6.400000000000000000e+01 -7.031355443911531215e-03 6.195717487289062575e+01
6.400000000000000000e+01 -1.419768467026882863e-02 8.747326218629551420e+01
6.400000000000000000e+01 -4.208784445896613935e-01 5.165539902201651046e+00
6.400000000000000000e+01 -9.966478248385336747e-02 2.830065135216171512e+01
6.500000000000000000e+01 3.893915760800002821e-03 3.012241588724073793e+01
6.500000000000000000e+01 -7.541572570235082970e-03 6.110820586943944477e+01
6.500000000000000000e+01 -1.441679254109415678e-02 8.732676499744242449e+01
6.500000000000000000e+01 -4.304233939164113232e-01 5.205356958973779591e+00
6.500000000000000000e+01 -9.145892074814582218e-02 2.778321899876245737e+01
6.600000000000000000e+01 -7.162759448978372155e-03 2.987132670424391634e+01
6.600000000000000000e+01 -8.070484072654095578e-03 6.030506007530645007e+01
6.600000000000000000e+01 -1.463338070700518669e-02 8.716809134334482678e+01
6.600000000000000000e+01 -8.051534098026713604e-02 2.715997480372337591e+01
6.600000000000000000e+01 -4.397918993458005965e-01 5.250188143752743564e+00
6.700000000000000000e+01 -8.605043199209828908e-03 5.955639776525841000e+01
6.700000000000000000e+01 -1.832572806332741916e-02 2.975415623391826614e+01
6.700000000000000000e+01 -1.484633944879792770e-02 8.699932085268230253e+01
6.700000000000000000e+01 -6.927799140830608049e-02 2.641036954468855669e+01
6.700000000000000000e+01 -4.492354747543612081e-01 5.296672231896345728e+00
6.800000000000000000e+01 -9.144086080640472652e-03 5.885366207949446249e+01
6.800000000000000000e+01 -2.712567333165531031e-02 2.972375456246911440e+01
6.800000000000000000e+01 -1.505602216265368269e-02 8.681889719889703372e+01
6.800000000000000000e+01 -6.018851932086188156e-02 2.558241852029498631e+01
6.800000000000000000e+01 -4.586277519924768509e-01 5.346681355976390826e+00
6.900000000000000000e+01 -9.683039964684933554e-03 5.819382803305286700e+01
6.900000000000000000e+01 -3.352269931889201998e-02 2.971347986631899118e+01
6.900000000000000000e+01 -5.327870212165874975e-02 2.474258046317709159e+01
6.900000000000000000e+01 -1.526233691929091557e-02 8.662651319258127103e+01
6.900000000000000000e+01 -4.679448289394657068e-01 5.400312446978032810e+00
7.000000000000000000e+01 -1.021768963312267957e-02 5.757386385958667319e+01
7.000000000000000000e+01 -3.836294351805369374e-02 2.969744644665073352e+01
7.000000000000000000e+01 -4.768473396653188923e-02 2.391705773465654872e+01
7.000000000000000000e+01 -1.546511345843050445e-02 8.642188348161474210e+01
7.000000000000000000e+01 -4.771464523476966479e-01 5.457763213296175309e+00
7.100000000000000000e+01 -1.074431482166245469e-02 5.699070865522381979e+01
7.100000000000000000e+01 -4.279941078725705422e-02 2.311286034942446577e+01
7.100000000000000000e+01 -4.224030077139587919e-02 2.967008381055736521e+01
7.100000000000000000e+01 -1.566430102961914941e-02 8.620482969399031958e+01
7.100000000000000000e+01 -4.862314482144863836e-01 5.519134736402265595e+00
7.200000000000000000e+01 -1.125973655504758711e-02 5.644137267597558605e+01
7.200000000000000000e+01 -3.826746353716653504e-02 2.233224268733863127e+01
7.200000000000000000e+01 -4.549287117185724094e-02 2.963113586059098736e+01
7.200000000000000000e+01 -1.585983740870702471e-02 8.597524249319302214e+01
7.200000000000000000e+01 -4.951889731564512176e-01 5.584533805699640752e+00
7.300000000000000000e+01 -1.176130940428374988e-02 5.592294005324362161e+01
7.300000000000000000e+01 -3.387714730475620967e-02 2.157622875629047599e+01
7.300000000000000000e+01 -1.605169089310823707e-02 8.573310746824394357e+01
7.300000000000000000e+01 -4.831697682046567216e-02 2.958149677949157308e+01
7.300000000000000000e+01 -5.040258583103685019e-01 5.654010856678523211e+00
7.400000000000000000e+01 -2.948882079324390004e-02 2.084585898543868154e+01
7.400000000000000000e+01 -1.224690847848208634e-02 5.543269045454800192e+01
7.400000000000000000e+01 -1.623985052944073096e-02 8.547847918761580388e+01
7.400000000000000000e+01 -5.082963320354236952e-02 2.952208493259032451e+01
7.400000000000000000e+01 -5.127074993092139987e-01 5.727688996891404649e+00
7.500000000000000000e+01 -2.501065507862341303e-02 2.014179993315594785e+01
7.500000000000000000e+01 -1.271490123361974575e-02 5.496798808060361097e+01
7.500000000000000000e+01 -1.642435256572038690e-02 8.521154131543325150e+01
7.500000000000000000e+01 -5.310773561374901308e-02 2.945374815845234551e+01
7.500000000000000000e+01 -5.212483076686917904e-01 5.805553836047529614e+00
7.600000000000000000e+01 -2.037500801879496559e-02 1.946467658499241793e+01
7.600000000000000000e+01 -1.316408475484997544e-02 5.452636697868656768e+01
7.600000000000000000e+01 -1.660527184348068591e-02 8.493256439551062442e+01
7.600000000000000000e+01 -5.520200774815970518e-02 2.937715899059284297e+01
7.600000000000000000e+01 -5.296519444512831631e-01 5.887594694373527560e+00
7.700000000000000000e+01 -1.553127682960899793e-02 1.881489083004677454e+01
7.700000000000000000e+01 -1.359364936684281586e-02 5.410548722704819369e+01
7.700000000000000000e+01 -1.678275027265746511e-02 8.464193396713189088e+01
7.700000000000000000e+01 -5.714872207087962758e-02 2.929290157972892672e+01
7.700000000000000000e+01 -5.379466888456849727e-01 5.973723344175289718e+00
7.800000000000000000e+01 -1.043890752262330475e-02 1.819301339746906976e+01
7.800000000000000000e+01 -1.400315111082186571e-02 5.370328936380795426e+01
7.800000000000000000e+01 -1.695687949075506962e-02 8.434010334582909252e+01
7.800000000000000000e+01 -5.896991916676733170e-02 2.920129680196491151e+01
7.800000000000000000e+01 -5.461083042137855337e-01 6.063902313940319644e+00
7.900000000000000000e+01 -5.066995511972936621e-03 1.759913792245390596e+01
7.900000000000000000e+01 -1.439235515296258434e-02 5.331775624786209988e+01
7.900000000000000000e+01 -1.712786634850293685e-02 8.402762719494771204e+01
7.900000000000000000e+01 -6.068475241307740020e-02 2.910275795658711928e+01
7.900000000000000000e+01 -5.541705124465757804e-01 6.157952805451325951e+00
8.000000000000000000e+01 6.090179389274378609e-04 1.703332385997152087e+01
8.000000000000000000e+01 -1.476128646376088580e-02 5.294705445055873128e+01
8.000000000000000000e+01 -1.729593942074761706e-02 8.370515927398226097e+01
8.000000000000000000e+01 -6.230639014438736634e-02 2.899759772935322388e+01
8.000000000000000000e+01 -5.621536889227646272e-01 6.255665274532090869e+00
8.100000000000000000e+01 6.607425729532198644e-03 1.649550118747578153e+01
8.100000000000000000e+01 -1.511010318482640044e-02 5.258950033748959640e+01
8.100000000000000000e+01 -1.746136044649687635e-02 8.337342028484928846e+01
8.100000000000000000e+01 -6.384464222318399218e-02 2.888610006180358170e+01
8.100000000000000000e+01 -5.700796800319022362e-01 6.356774724302518997e+00
8.200000000000000000e+01 1.294213464357421052e-02 1.598535762535608740e+01
8.200000000000000000e+01 -1.543913106546567285e-02 5.224344769562589619e+01
8.200000000000000000e+01 -1.762453845321586277e-02 8.303322778431629558e+01
8.200000000000000000e+01 -6.530839700111583379e-02 2.876858666648470120e+01
8.200000000000000000e+01 -5.779960293744763611e-01 6.460918659004585507e+00
8.300000000000000000e+01 1.961426514498139720e-02 1.550285070670126153e+01
8.300000000000000000e+01 -1.574871475576616192e-02 5.190764781860680444e+01
8.300000000000000000e+01 -1.778553150596879490e-02 8.268532999587158372e+01
8.300000000000000000e+01 -6.669965478176283213e-02 2.864515497864501370e+01
8.300000000000000000e+01 -5.858746765947274726e-01 6.567782466945199182e+00
8.400000000000000000e+01 2.662182356209428710e-02 1.504748615455609517e+01
8.400000000000000000e+01 -1.603922283719529107e-02 5.158072624415805052e+01
8.400000000000000000e+01 -1.794478811584790043e-02 8.233061520518552356e+01
8.400000000000000000e+01 -6.802395715399893461e-02 2.851611063340454777e+01
8.400000000000000000e+01 -5.937561785038163453e-01 6.676893788880306602e+00
8.500000000000000000e+01 3.395200180399810669e-02 1.461880238075047345e+01
8.500000000000000000e+01 -1.631105891522605447e-02 5.126148508619430544e+01
8.500000000000000000e+01 -1.810265206878469355e-02 8.196997880038418316e+01
8.500000000000000000e+01 -6.928415803739597367e-02 2.838168324912497908e+01
8.500000000000000000e+01 -6.016543100886317941e-01 6.787759055976978040e+00
8.600000000000000000e+01 4.158154402039469788e-02 1.421625097497723011e+01
8.600000000000000000e+01 -1.656459152874916949e-02 5.094883413209511502e+01
8.600000000000000000e+01 -1.825947077280992356e-02 8.160431241257968793e+01
8.600000000000000000e+01 -7.048220948292335808e-02 2.824209645323470141e+01
8.600000000000000000e+01 -6.095759357328757178e-01 6.899851433142051071e+00
8.700000000000000000e+01 4.947635139525573267e-02 1.383918798997407862e+01
8.700000000000000000e+01 -1.680012230848984545e-02 5.064177430802476465e+01
8.700000000000000000e+01 -1.841560815551153071e-02 8.123452126716938437e+01
8.700000000000000000e+01 -7.161942392145825842e-02 2.809757958697020896e+01
8.700000000000000000e+01 -6.175214397146511214e-01 7.012625763491838526e+00
8.800000000000000000e+01 5.760574306227146668e-02 1.348649304020100992e+01
8.800000000000000000e+01 -1.701703990062172073e-02 5.033902628556231207e+01
8.800000000000000000e+01 -1.857117175015544908e-02 8.086176589168829310e+01
8.800000000000000000e+01 -7.269524945997520027e-02 2.794834039516856805e+01
8.800000000000000000e+01 -6.255479782253786647e-01 7.125155140443368396e+00
8.900000000000000000e+01 6.589004188582903154e-02 1.315801658327133694e+01
8.900000000000000000e+01 -1.721747429702115764e-02 5.004043912575756536e+01
8.900000000000000000e+01 -1.872722469757592823e-02 8.048620052555702387e+01
8.900000000000000000e+01 -7.371381450880531983e-02 2.779465128975754951e+01
8.900000000000000000e+01 -6.335141908962800272e-01 7.237838443479056139e+00
9.000000000000000000e+01 7.427489213195086204e-02 1.285250032234716677e+01
9.000000000000000000e+01 -1.740022208117597557e-02 4.974507869851115061e+01
9.000000000000000000e+01 -1.888340578159219962e-02 8.010899189038914869e+01
9.000000000000000000e+01 -7.467019120955920020e-02 2.763662757288537009e+01
9.000000000000000000e+01 -6.414427952968333457e-01 7.349739754776806855e+00
