1.000000000000000000e+01 4.588521902062394379e-06 5.402808999999999529e-01 5.219738332648900421e-04
1.100000000000000000e+01 5.568756919591237519e-06 5.402808000000000055e-01 6.329058031587117506e-04
1.200000000000000000e+01 6.649078954853598402e-06 5.402805999999999997e-01 7.549327221012833242e-04
1.300000000000000000e+01 7.831400404449996713e-06 5.402803999999999940e-01 8.882041790998988339e-04
1.400000000000000000e+01 9.117778861262234254e-06 5.402801000000000409e-01 1.032878762237449252e-03
1.500000000000000000e+01 1.051052246942122999e-05 5.402797000000000294e-01 1.189135558190904975e-03
1.600000000000000000e+01 1.201210382084746878e-05 5.402793000000000179e-01 1.357163852590521176e-03
1.700000000000000000e+01 1.362525675367686482e-05 5.402787000000000006e-01 1.537173629574915389e-03
1.800000000000000000e+01 1.535287834163970395e-05 5.402780000000000360e-01 1.729383872200874377e-03
1.900000000000000000e+01 1.719814993873273201e-05 5.402772999999999604e-01 1.934035561882033270e-03
2.000000000000000000e+01 1.916448129327267671e-05 5.402763000000000426e-01 2.151384678610036329e-03
2.100000000000000000e+01 2.125553540068545857e-05 5.402751999999999555e-01 2.381704200813806235e-03
2.200000000000000000e+01 2.347524482975232198e-05 5.402738999999999736e-01 2.625285105255144649e-03
2.300000000000000000e+01 2.582786445494080510e-05 5.402723999999999860e-01 2.882441366758938667e-03
2.400000000000000000e+01 2.831786481118436509e-05 5.402706999999999926e-01 3.153496958648817003e-03
2.500000000000000000e+01 3.095012865062140612e-05 5.402687000000000461e-01 3.438806851831475130e-03
2.600000000000000000e+01 3.372980306460599307e-05 5.402664999999999829e-01 3.738739015401772777e-03
2.700000000000000000e+01 3.666244158131388227e-05 5.402639000000000191e-01 4.053689415973844856e-03
2.800000000000000000e+01 3.975395125281500644e-05 5.402609000000000439e-01 4.384074017838236921e-03
2.900000000000000000e+01 4.301062693437160775e-05 5.402576000000000045e-01 4.730331782776990741e-03
3.000000000000000000e+01 4.643922554281725858e-05 5.402538000000000062e-01 5.092930669644071817e-03
3.100000000000000000e+01 5.004691597038958550e-05 5.402495999999999965e-01 5.472360634535912427e-03
3.200000000000000000e+01 5.384136616948875456e-05 5.402447999999999695e-01 5.869140630297990137e-03
3.300000000000000000e+01 5.783077460521535178e-05 5.402394999999999836e-01 6.283820606326494945e-03
3.400000000000000000e+01 6.202385934831459351e-05 5.402335999999999805e-01 6.716977508511205210e-03
3.500000000000000000e+01 6.642994515993478461e-05 5.402268999999999544e-01 7.169222278742055747e-03
3.600000000000000000e+01 7.105897203756631972e-05 5.402196000000000220e-01 7.641197854758406162e-03
3.700000000000000000e+01 7.592156684665303805e-05 5.402114000000000082e-01 8.133584169714307838e-03
3.800000000000000000e+01 8.102903941326980723e-05 5.402021999999999657e-01 8.647094152060292443e-03
3.900000000000000000e+01 8.639353796748486095e-05 5.401922000000000113e-01 9.182486724681859780e-03
4.000000000000000000e+01 9.202793151795400487e-05 5.401810000000000223e-01 9.740550805316716687e-03
4.100000000000000000e+01 9.794607255987640199e-05 5.401686999999999461e-01 1.032212830513796857e-02
4.200000000000000000e+01 1.041626837225584113e-04 5.401550999999999991e-01 1.092809712909600245e-02
4.300000000000000000e+01 1.106936054779403332e-04 5.401401000000000119e-01 1.155939417463255903e-02
4.400000000000000000e+01 1.175557145138201079e-04 5.401234999999999786e-01 1.221699933178383400e-02
4.500000000000000000e+01 1.247671570817201559e-04 5.401053000000000104e-01 1.290195248179140837e-02
4.600000000000000000e+01 1.323471704663297440e-04 5.400852999999999904e-01 1.361533349789870000e-02
4.700000000000000000e+01 1.403165097752872529e-04 5.400633999999999713e-01 1.435829224276877550e-02
4.800000000000000000e+01 1.486974709383043745e-04 5.400392000000000525e-01 1.513204856828362886e-02
4.900000000000000000e+01 1.575138061730293147e-04 5.400127999999999595e-01 1.593787231552035166e-02
5.000000000000000000e+01 1.667909985119489264e-04 5.399836999999999554e-01 1.677710331311692282e-02
5.100000000000000000e+01 1.765566635931229377e-04 5.399519000000000402e-01 1.765118137490818973e-02
5.200000000000000000e+01 1.868401833307438084e-04 5.399169999999999803e-01 1.856159630121887935e-02
5.300000000000000000e+01 2.025357948321053773e-04 5.398610000000000353e-01 1.993528163863638597e-02
5.400000000000000000e+01 2.145925425577596191e-04 5.398159999999999625e-01 2.097351595778090827e-02
5.500000000000000000e+01 2.273481847844004199e-04 5.397665999999999853e-01 2.205838595374143285e-02
5.600000000000000000e+01 2.408511932682540365e-04 5.397123000000000337e-01 2.319222129223398599e-02
5.700000000000000000e+01 2.551545376991529472e-04 5.396526000000000378e-01 2.437754160695662295e-02
5.800000000000000000e+01 2.703154248297239470e-04 5.395868999999999804e-01 2.561698649920051904e-02
5.900000000000000000e+01 2.866643512613518247e-04 5.395134999999999792e-01 2.693501401616283514e-02
6.000000000000000000e+01 3.080052157953197946e-04 5.394136000000000486e-01 2.863016233040449610e-02
6.100000000000000000e+01 3.268610521662920244e-04 5.393219999999999681e-01 3.010097378827255102e-02
6.200000000000000000e+01 3.469692148416615284e-04 5.392209000000000030e-01 3.164498710497313377e-02
6.300000000000000000e+01 3.684332090236851751e-04 5.391091999999999551e-01 3.326656154325179776e-02
6.400000000000000000e+01 3.913671839130400116e-04 5.389857999999999594e-01 3.497040628629274894e-02
6.500000000000000000e+01 4.197405628604506745e-04 5.388273999999999564e-01 3.704172755456116434e-02
6.600000000000000000e+01 4.466942365497325227e-04 5.386716999999999755e-01 3.896993576263111519e-02
6.700000000000000000e+01 4.757507367171053881e-04 5.384982000000000379e-01 4.100991987639513586e-02
6.800000000000000000e+01 5.069288601138993971e-04 5.383061000000000096e-01 4.315670954256689562e-02
6.900000000000000000e+01 5.440482833469850819e-04 5.380694000000000310e-01 4.566114097967748781e-02
7.000000000000000000e+01 5.809859573272197842e-04 5.378260999999999736e-01 4.809775142041366330e-02
7.100000000000000000e+01 6.209600429752641258e-04 5.375545999999999935e-01 5.067798083236597917e-02
7.200000000000000000e+01 6.642836623303163476e-04 5.372510999999999814e-01 5.341224687973658569e-02
7.300000000000000000e+01 7.152458114314264861e-04 5.368823999999999819e-01 5.655355176799803374e-02
7.400000000000000000e+01 7.672376576140141737e-04 5.364946000000000437e-01 5.967706699319547808e-02
7.500000000000000000e+01 8.271086596421140533e-04 5.360340000000000105e-01 6.318339803711310598e-02
7.600000000000000000e+01 8.898188789393135945e-04 5.355368000000000350e-01 6.675723687499039716e-02
7.700000000000000000e+01 9.585349645224508757e-04 5.349758000000000013e-01 7.056793232123621806e-02
7.800000000000000000e+01 1.037500937734791521e-03 5.343115999999999977e-01 7.482369526828046291e-02
7.900000000000000000e+01 1.121311208124597687e-03 5.335857999999999990e-01 7.920558074375282087e-02
8.000000000000000000e+01 1.216993178378391466e-03 5.327325000000000532e-01 8.405634047370981465e-02
8.100000000000000000e+01 1.319839403499232242e-03 5.317889000000000088e-01 8.910362516761081986e-02
8.200000000000000000e+01 1.436884901611426178e-03 5.306836999999999804e-01 9.466032534803281440e-02
8.300000000000000000e+01 1.563791970751685122e-03 5.294514000000000165e-01 1.004791794531233046e-01
8.400000000000000000e+01 1.707824186909254497e-03 5.280127999999999489e-01 1.068523652222616582e-01
8.500000000000000000e+01 1.867506540442824287e-03 5.263725999999999683e-01 1.136595309445474627e-01
8.600000000000000000e+01 2.042415037211682202e-03 5.245262000000000535e-01 1.208362778678735011e-01
8.700000000000000000e+01 2.239188690398762061e-03 5.223912000000000555e-01 1.286012563821924415e-01
8.800000000000000000e+01 2.454630924760838832e-03 5.199896999999999991e-01 1.367673872591277928e-01
8.900000000000000000e+01 2.695472004733737246e-03 5.172314000000000078e-01 1.455304192202995783e-01
9.000000000000000000e+01 2.958108601439414856e-03 5.141423999999999994e-01 1.546943762481189366e-01
