1.000000000000000000e+01 -6.249335843518234550e-05 1.112167126889324038e+02
1.000000000000000000e+01 -3.683947499890165636e-03 4.330569596693543843e+01
1.000000000000000000e+01 -4.381855514955464159e-02 4.729827288783402750e+00
1.000000000000000000e+01 -7.161783694714198185e-03 3.108851616422721520e+01
1.000000000000000000e+01 -3.943049377609890958e-03 8.813624491217157697e+01
1.000000000000000000e+01 -5.643072850120104400e-01 7.372019683436717763e+00
1.000000000000000000e+01 -1.000000000000000000e+00 4.555737571471484948e+00
1.000000000000000000e+01 -8.808842466833661788e-01 6.494749659571557032e+00
1.000000000000000000e+01 -9.862106624712704273e-01 6.903016369054249424e+00
1.000000000000000000e+01 -1.000000000000000000e+00 6.990442612927632915e+00
1.000000000000000000e+01 -8.863418068222759238e-01 8.003649828750603490e+00
1.100000000000000000e+01 -8.569048929638031005e-05 1.110638820491932535e+02
1.100000000000000000e+01 -4.037759543204711386e-03 4.328185748648383679e+01
1.100000000000000000e+01 -4.864465446018165218e-02 4.733741677484813337e+00
1.100000000000000000e+01 -7.842181907460839263e-03 3.110016773220901598e+01
1.100000000000000000e+01 -3.949527451484968754e-03 8.828565133261618314e+01
1.100000000000000000e+01 -5.650074425589340921e-01 8.073792356524000624e+00
1.100000000000000000e+01 -1.000000000000000000e+00 5.004298205378616693e+00
1.100000000000000000e+01 -8.842308590031456861e-01 7.223781244898617615e+00
1.100000000000000000e+01 -9.831431539745061343e-01 7.688467038657355701e+00
1.100000000000000000e+01 -1.000000000000000000e+00 7.697755542878153001e+00
1.100000000000000000e+01 -8.895940934429923397e-01 8.810810765857294058e+00
1.200000000000000000e+01 -1.161056022112025770e-04 1.107033105658542524e+02
1.200000000000000000e+01 -4.401333172085391404e-03 4.324614350172294053e+01
1.200000000000000000e+01 -5.350042174582446408e-02 4.737856784010156197e+00
1.200000000000000000e+01 -8.550890672896374264e-03 3.111015509870791362e+01
1.200000000000000000e+01 -3.990861812145724864e-03 8.839948120703860468e+01
1.200000000000000000e+01 -5.660224166343820196e-01 8.774939879175766677e+00
1.200000000000000000e+01 -1.000000000000000000e+00 5.451613212295362665e+00
1.200000000000000000e+01 -8.889582838620838645e-01 7.988984812078728126e+00
1.300000000000000000e+01 -1.542019475870595963e-04 1.101400937328810983e+02
1.300000000000000000e+01 -4.773686942117035502e-03 4.319881815303428141e+01
1.300000000000000000e+01 -5.838526581528998005e-02 4.742234037255765422e+00
1.300000000000000000e+01 -9.285003849731051154e-03 3.111889852837882842e+01
1.300000000000000000e+01 -4.059910192425123486e-03 8.848763465022666708e+01
1.300000000000000000e+01 -5.661335869250352371e-01 9.487028175797886931e+00
1.300000000000000000e+01 -1.000000000000000000e+00 5.897459792334197815e+00
1.300000000000000000e+01 -8.922355329767170939e-01 8.780947659557439167e+00
1.400000000000000000e+01 -1.999634312292245257e-04 1.093756644220737257e+02
1.400000000000000000e+01 -5.154113502621395122e-03 4.313960488957600603e+01
1.400000000000000000e+01 -6.329761707512195079e-02 4.746924733469496616e+00
1.400000000000000000e+01 -1.004250525514221483e-02 3.112666755065990642e+01
1.400000000000000000e+01 -4.151257607493566947e-03 8.855658734786071307e+01
1.400000000000000000e+01 -5.659463709123329078e-01 1.019139101457867014e+01
1.400000000000000000e+01 -1.000000000000000000e+00 6.342223818404695734e+00
1.500000000000000000e+01 -2.526772269107492846e-04 1.084113155958365269e+02
1.500000000000000000e+01 -5.541790131296632851e-03 4.306783337015943403e+01
1.500000000000000000e+01 -6.823543542712276477e-02 4.751975263158526808e+00
1.500000000000000000e+01 -1.082191248866112322e-02 3.113363106416153414e+01
1.500000000000000000e+01 -4.261079753991326921e-03 8.861067824676250382e+01
1.500000000000000000e+01 -5.708996881561037018e-01 1.088955994734238786e+01
1.500000000000000000e+01 -1.000000000000000000e+00 6.786697970008209957e+00
1.600000000000000000e+01 -3.110753398020739695e-04 1.072503389093753725e+02
1.600000000000000000e+01 -5.935733120116888986e-03 4.298251080410719283e+01
1.600000000000000000e+01 -7.319656952185518706e-02 4.757430387951462336e+00
1.600000000000000000e+01 -1.162206468565024457e-02 3.113989416240664099e+01
1.600000000000000000e+01 -4.386831326484579713e-03 8.865290207407976197e+01
1.600000000000000000e+01 -5.795620590697950769e-01 1.154129972123289249e+01
1.600000000000000000e+01 -1.000000000000000000e+00 7.231468008434529970e+00
1.700000000000000000e+01 -3.735472991615112169e-04 1.058992159892952998e+02
1.700000000000000000e+01 -6.334799646159234958e-03 4.288241650765127133e+01
1.700000000000000000e+01 -7.817879660383474094e-02 4.763339608358612587e+00
1.700000000000000000e+01 -1.244235767996860337e-02 3.114550343173224434e+01
1.700000000000000000e+01 -4.525975152218566534e-03 8.868533154353717407e+01
1.700000000000000000e+01 -5.785797249797637321e-01 1.237109591342552939e+01
1.700000000000000000e+01 -1.000000000000000000e+00 7.673142767713613921e+00
1.800000000000000000e+01 -4.377985426312585421e-04 1.043680133325648711e+02
1.800000000000000000e+01 -6.738043162984042045e-03 4.276609285144668604e+01
1.800000000000000000e+01 -8.317980777784322877e-02 4.769756089887778217e+00
1.800000000000000000e+01 -1.328204842521733646e-02 3.115047582724748310e+01
1.800000000000000000e+01 -4.677629509846187826e-03 8.870931675711651110e+01
1.800000000000000000e+01 -5.793761010327851402e-01 1.314228351110105386e+01
1.900000000000000000e+01 -5.013240301252414261e-04 1.026704207663713646e+02
1.900000000000000000e+01 -7.144038270367554858e-03 4.263187278299668037e+01
1.900000000000000000e+01 -8.819726354069874763e-02 4.776737331415065846e+00
1.900000000000000000e+01 -4.841066549920370297e-03 8.872576801657584156e+01
1.900000000000000000e+01 -1.414082683531158596e-02 3.115480827064259373e+01
2.000000000000000000e+01 -5.610796467715229753e-04 1.008233460619991035e+02
2.000000000000000000e+01 -7.551155405803124110e-03 4.247787850741514859e+01
2.000000000000000000e+01 -5.016571656083152267e-03 8.873518177689021513e+01
2.000000000000000000e+01 -9.322870741562830355e-02 4.784343792001852336e+00
2.000000000000000000e+01 -1.501857993372417155e-02 3.115849487458226363e+01
2.100000000000000000e+01 -6.130597319706635514e-04 9.884644576665927218e+01
2.100000000000000000e+01 -7.957411595339324017e-03 4.230202232313791200e+01
2.100000000000000000e+01 -5.205888701419135109e-03 8.873767473408658191e+01
2.100000000000000000e+01 -9.827145589419908345e-02 4.792640267944393351e+00
2.100000000000000000e+01 -1.591546458618706139e-02 3.116150866073742165e+01
2.200000000000000000e+01 -6.508454870664585022e-04 9.676179812303170991e+01
2.200000000000000000e+01 -8.360359991179729805e-03 4.210201436799993502e+01
2.200000000000000000e+01 -5.413699053318708071e-03 8.873280887047593524e+01
2.200000000000000000e+01 -1.033226470725449181e-01 4.801693093175265048e+00
2.200000000000000000e+01 -1.683186185050776149e-02 3.116383517121858659e+01
2.300000000000000000e+01 -6.610780299624022987e-04 9.459387597295688010e+01
2.300000000000000000e+01 -8.756948213562281216e-03 4.187535884471584069e+01
2.300000000000000000e+01 -5.652296446518843831e-03 8.871889792754564041e+01
2.300000000000000000e+01 -1.083789714243166974e-01 4.811572044008721960e+00
2.300000000000000000e+01 -1.776843897098525499e-02 3.116543699257595890e+01
2.400000000000000000e+01 -6.065814619250481507e-04 9.237267392212598338e+01
2.400000000000000000e+01 -9.143347765193760371e-03 4.161937390866130215e+01
2.400000000000000000e+01 -5.958547077890332874e-03 8.868951209570481353e+01
2.400000000000000000e+01 -1.134369594469063214e-01 4.822346996633854133e+00
2.400000000000000000e+01 -1.872625180101826839e-02 3.116630630560247894e+01
2.500000000000000000e+01 -3.919961232005768890e-04 9.012396100592530956e+01
2.500000000000000000e+01 -9.520920173391856853e-03 4.132714451415903056e+01
2.500000000000000000e+01 -6.432390312043931996e-03 8.859437376167461764e+01
2.500000000000000000e+01 -1.184526462879781916e-01 4.837473958650803318e+00
2.500000000000000000e+01 -1.971557256046107404e-02 3.116631568933576446e+01
2.600000000000000000e+01 -2.847557638425969335e-03 8.761648806461890615e+01
2.600000000000000000e+01 -4.237750911740895653e-03 8.877783765602056576e+01
2.600000000000000000e+01 -9.871993534339556023e-03 4.100269202285200976e+01
2.600000000000000000e+01 -1.234859182126396698e-01 4.851059425160845429e+00
2.600000000000000000e+01 -2.072232869407718628e-02 3.116564969623302517e+01
2.700000000000000000e+01 -1.725668801044988668e-03 8.537892505743047877e+01
2.700000000000000000e+01 -1.019443773336046674e-02 4.063979386700516017e+01
2.700000000000000000e+01 -5.627290844243552741e-03 8.869338433894286311e+01
2.700000000000000000e+01 -1.285033178645591800e-01 4.865907542816440667e+00
2.700000000000000000e+01 -2.175755059581008233e-02 3.116427229227561568e+01
2.800000000000000000e+01 -1.586091327640695150e-03 8.313052655399967250e+01
2.800000000000000000e+01 -1.047887642243906271e-02 4.023541825023549734e+01
2.800000000000000000e+01 -6.044244205030699715e-03 8.864211109825888002e+01
2.800000000000000000e+01 -1.334988649008313211e-01 4.882103150733900776e+00
2.800000000000000000e+01 -2.282481788560079133e-02 3.116219182527647646e+01
2.900000000000000000e+01 -1.589977246369591625e-03 8.092416605213830394e+01
2.900000000000000000e+01 -1.071361475197215446e-02 3.978665544199294146e+01
2.900000000000000000e+01 -6.331606359206152709e-03 8.859123244771181760e+01
2.900000000000000000e+01 -1.384659956255898106e-01 4.899744243506175323e+00
2.900000000000000000e+01 -2.393021284088214448e-02 3.115951063958358347e+01
3.000000000000000000e+01 -1.651546453698584174e-03 7.878291397915972993e+01
3.000000000000000000e+01 -1.088374593460670822e-02 3.929089762296014499e+01
3.000000000000000000e+01 -6.579149627775986858e-03 8.853562230694032564e+01
3.000000000000000000e+01 -1.433967945670273081e-01 4.918939096208678308e+00
3.000000000000000000e+01 -2.508180546845703573e-02 3.115638420081047499e+01
3.100000000000000000e+01 -1.752644175145377185e-03 7.672429726000237338e+01
3.100000000000000000e+01 -1.097058062145233291e-02 3.874595887650831116e+01
3.100000000000000000e+01 -6.810529091611093773e-03 8.847355358587654450e+01
3.100000000000000000e+01 -1.482847651188589633e-01 4.939771716893481823e+00
3.100000000000000000e+01 -2.629276154786823125e-02 3.115305413739067220e+01
3.200000000000000000e+01 -1.889762045697561963e-03 7.476244754490093669e+01
3.200000000000000000e+01 -1.094916579203435679e-02 3.815031818669263686e+01
3.200000000000000000e+01 -7.033958769588409370e-03 8.840401102774866615e+01
3.200000000000000000e+01 -1.531210537031557073e-01 4.962354744933386463e+00
3.200000000000000000e+01 -2.758197092735826389e-02 3.114987618681675841e+01
3.300000000000000000e+01 -2.063790455952716797e-03 7.290838132297650986e+01
3.300000000000000000e+01 -1.078448207104187352e-02 3.750323719867883199e+01
3.300000000000000000e+01 -7.252629768204237222e-03 8.832618875277781001e+01
3.300000000000000000e+01 -1.578961738439715046e-01 4.986800407664730983e+00
3.300000000000000000e+01 -2.897812818054353035e-02 3.114739989888153815e+01
3.400000000000000000e+01 -2.278493934646299950e-03 7.116403658243675068e+01
3.400000000000000000e+01 -1.042509759722376819e-02 3.680310674064039489e+01
3.400000000000000000e+01 -7.471096858012294013e-03 8.823932886157838595e+01
3.400000000000000000e+01 -1.625545105219410313e-01 5.015685957820593011e+00
3.400000000000000000e+01 -3.053825705441316415e-02 3.114651377748534244e+01
3.500000000000000000e+01 -2.532543071234686499e-03 6.954658288503647157e+01
3.500000000000000000e+01 -9.775171871776533808e-03 3.605411373333745928e+01
3.500000000000000000e+01 -7.685829435303124200e-03 8.814345224952184310e+01
3.500000000000000000e+01 -1.671748374246214697e-01 5.044441181720975109e+00
3.500000000000000000e+01 -3.233598592237149627e-02 3.114848250827303389e+01
3.600000000000000000e+01 -2.827675040766949258e-03 6.805168017937027969e+01
3.600000000000000000e+01 -8.664854927875463575e-03 3.525666150360549977e+01
3.600000000000000000e+01 -7.899859787734045055e-03 8.803794825896162024e+01
3.600000000000000000e+01 -1.717098751669061674e-01 5.075329031663343038e+00
3.600000000000000000e+01 -3.454968109433135398e-02 3.115516636781940107e+01
3.700000000000000000e+01 -3.162554312716337780e-03 6.667838042622668127e+01
3.700000000000000000e+01 -6.728006656115238446e-03 3.441494429299989122e+01
3.700000000000000000e+01 -8.112593309903300479e-03 8.792218617039516459e+01
3.700000000000000000e+01 -1.761464993236420418e-01 5.108483275086086906e+00
3.700000000000000000e+01 -3.754179201390960702e-02 3.116757431681892143e+01
3.800000000000000000e+01 -3.148273033604047540e-03 3.354381489208427780e+01
3.800000000000000000e+01 -3.534345873537716488e-03 6.542328175730493456e+01
3.800000000000000000e+01 -8.324865930084419940e-03 8.779598475026310211e+01
3.800000000000000000e+01 -1.804812018749977764e-01 5.143933809794123846e+00
3.800000000000000000e+01 -4.213207311794066323e-02 3.117805426263850066e+01
3.900000000000000000e+01 3.051327199322337660e-03 3.270788397356344035e+01
3.900000000000000000e+01 -3.938637896433373753e-03 6.428098023116614002e+01
3.900000000000000000e+01 -8.535990589285013391e-03 8.765881780520491873e+01
3.900000000000000000e+01 -1.846998615174588187e-01 5.181812275984682969e+00
3.900000000000000000e+01 -4.929301958946879364e-02 3.113130300447901533e+01
4.000000000000000000e+01 9.808470906102203374e-03 3.200089946405848451e+01
4.000000000000000000e+01 -4.370088309371141823e-03 6.324455966384253003e+01
4.000000000000000000e+01 -8.746540301287865013e-03 8.751059329312481339e+01
4.000000000000000000e+01 -1.888017026462843473e-01 5.222122910583528288e+00
4.000000000000000000e+01 -5.696967693137576505e-02 3.093933538161024188e+01
4.100000000000000000e+01 1.360399784828399301e-02 3.139254756188386963e+01
4.100000000000000000e+01 -4.822788935371550775e-03 6.230609959438086776e+01
4.100000000000000000e+01 -8.955948612902105838e-03 8.735095081358066693e+01
4.100000000000000000e+01 -1.927724025632816529e-01 5.264986729668758692e+00
4.100000000000000000e+01 -6.164662438496908148e-02 3.063149016937659042e+01
4.200000000000000000e+01 1.330190225902385705e-02 3.082242855911308155e+01
4.200000000000000000e+01 -5.290695921404350160e-03 6.145713673126137877e+01
4.200000000000000000e+01 -9.164468677621214615e-03 8.717980228114883801e+01
4.200000000000000000e+01 -1.966093650060007914e-01 5.310420974146818018e+00
4.200000000000000000e+01 -6.219755222400552563e-02 3.027045982348228037e+01
4.300000000000000000e+01 7.926048780982653322e-03 3.025995272037201289e+01
4.300000000000000000e+01 -5.768385352823408516e-03 6.068906207077342430e+01
4.300000000000000000e+01 -9.371963545913934365e-03 8.699709964690136133e+01
4.300000000000000000e+01 -2.003101598365139568e-01 5.358435023106807193e+00
4.300000000000000000e+01 -5.765356510108560900e-02 2.989174353431417686e+01
4.400000000000000000e+01 -7.044222035612870449e-03 2.966823976095879090e+01
4.400000000000000000e+01 -6.251108527837078745e-03 5.999347057958041063e+01
4.400000000000000000e+01 -9.578245191370226078e-03 8.680278447686092136e+01
4.400000000000000000e+01 -2.038648874121280208e-01 5.409123608067731404e+00
4.400000000000000000e+01 -4.349559658616171387e-02 2.953747922733592546e+01
4.500000000000000000e+01 -6.734655686027575007e-03 5.936234770478908729e+01
4.500000000000000000e+01 -2.076497989683132386e-02 2.830704436241368072e+01
4.500000000000000000e+01 -9.783261869828651508e-03 8.659693123200588616e+01
4.500000000000000000e+01 -3.055406101650689349e-02 2.997778642117636494e+01
4.500000000000000000e+01 -2.072729874786084503e-01 5.462475940540745256e+00
4.600000000000000000e+01 -7.215796235827446128e-03 5.878821137224662152e+01
4.600000000000000000e+01 -1.906607250665726117e-02 2.729378712735880086e+01
4.600000000000000000e+01 -9.986994118088086958e-03 8.637973063608384905e+01
4.600000000000000000e+01 -3.300989386304307299e-02 3.009602803501093504e+01
4.600000000000000000e+01 -2.105383126297503960e-01 5.518450586341223207e+00
4.700000000000000000e+01 -7.692050981893821214e-03 5.826422553034370821e+01
4.700000000000000000e+01 -1.792729071352621925e-02 2.639351104107780799e+01
4.700000000000000000e+01 -1.018938433261543618e-02 8.615138667397080496e+01
4.700000000000000000e+01 -3.489019488499477822e-02 3.012041659508705393e+01
4.700000000000000000e+01 -2.136486110067500332e-01 5.577133317220862807e+00
4.800000000000000000e+01 -1.705075986003012564e-02 2.555188963679783498e+01
4.800000000000000000e+01 -8.161485357277530051e-03 5.778421641357448379e+01
4.800000000000000000e+01 -1.039042019568227337e-02 8.591219222826215685e+01
4.800000000000000000e+01 -3.650025645940670194e-02 3.010799006246073972e+01
4.800000000000000000e+01 -2.166099534962047934e-01 5.638477920076224059e+00
4.900000000000000000e+01 -1.632734190550819142e-02 2.475438933915717143e+01
4.900000000000000000e+01 -8.622915512157186546e-03 5.734262194103786214e+01
4.900000000000000000e+01 -1.059007287849312792e-02 8.566254715728291558e+01
4.900000000000000000e+01 -3.795659254033249136e-02 3.007529026544852258e+01
4.900000000000000000e+01 -2.194320550782364598e-01 5.702417918186733381e+00
5.000000000000000000e+01 -1.570230672807149813e-02 2.399540031694742126e+01
5.000000000000000000e+01 -9.075598615742554859e-03 5.693456498386038334e+01
5.000000000000000000e+01 -1.078834745838368019e-02 8.540292928130020300e+01
5.000000000000000000e+01 -3.930972333713167455e-02 3.002889196887703349e+01
5.000000000000000000e+01 -2.221032793762250934e-01 5.769023129546048345e+00
5.100000000000000000e+01 -1.514814276523184129e-02 2.327206105842095951e+01
5.100000000000000000e+01 -9.519126729950090973e-03 5.655569373869298744e+01
5.100000000000000000e+01 -1.098524768385978831e-02 8.513380242553940036e+01
5.100000000000000000e+01 -4.059280465392559045e-02 2.997249289476410183e+01
5.100000000000000000e+01 -2.246338640970985956e-01 5.838234130951052592e+00
5.200000000000000000e+01 -1.464781656241651020e-02 2.258260352589570985e+01
5.200000000000000000e+01 -9.953427880409754583e-03 5.620218737362886685e+01
5.200000000000000000e+01 -1.118082194896982684e-02 8.485576525655874036e+01
5.200000000000000000e+01 -4.182472797050922758e-02 2.990812837019529624e+01
5.200000000000000000e+01 -2.270291936727446280e-01 5.910021555643480973e+00
5.300000000000000000e+01 -1.419053753004111650e-02 2.192565052949705517e+01
5.300000000000000000e+01 -1.037859882916151479e-02 5.587069878182762039e+01
5.300000000000000000e+01 -1.137513017784989693e-02 8.456943820883797969e+01
5.300000000000000000e+01 -4.301774997494389047e-02 2.983708835332020826e+01
5.300000000000000000e+01 -2.292952261090183685e-01 5.984361976409623196e+00
5.400000000000000000e+01 -1.377046583794147398e-02 2.129988544461997790e+01
5.400000000000000000e+01 -1.079501716642846873e-02 5.555824160015971813e+01
5.400000000000000000e+01 -1.156829954494638033e-02 8.427551421315315849e+01
5.400000000000000000e+01 -4.418270909502271249e-02 2.976043770909003783e+01
5.400000000000000000e+01 -2.314474869442267879e-01 6.061187831675235671e+00
5.500000000000000000e+01 -1.338054802364925522e-02 2.070419433013156763e+01
5.500000000000000000e+01 -1.120280294512030102e-02 5.526235273196371622e+01
5.500000000000000000e+01 -1.176033292750524283e-02 8.397460953471041023e+01
5.500000000000000000e+01 -4.532003666679979004e-02 2.967837154983581627e+01
5.500000000000000000e+01 -2.334753043259001348e-01 6.140587881461013531e+00
5.600000000000000000e+01 -1.301855470950380456e-02 2.013727091270667202e+01
5.600000000000000000e+01 -1.160249961543257172e-02 5.498074390570807424e+01
5.600000000000000000e+01 -1.195139391547551076e-02 8.366749756741873512e+01
5.600000000000000000e+01 -4.643655707209059375e-02 2.959158099820569632e+01
5.600000000000000000e+01 -2.353957872895912351e-01 6.222501654664874593e+00
5.700000000000000000e+01 -1.268206662345932809e-02 1.959782355513227969e+01
5.700000000000000000e+01 -1.199448934976801717e-02 5.471146586879374496e+01
5.700000000000000000e+01 -1.214159033805906757e-02 8.335484688304245537e+01
5.700000000000000000e+01 -4.753518060536589263e-02 2.950042199246633956e+01
5.700000000000000000e+01 -2.372167484053634146e-01 6.306942261169375286e+00
5.800000000000000000e+01 -1.236924626648754598e-02 1.908457610425482542e+01
5.800000000000000000e+01 -1.237924882653276652e-02 5.445281555164459775e+01
5.800000000000000000e+01 -1.233107376532678601e-02 8.303743668449672555e+01
5.800000000000000000e+01 -4.861825382130023632e-02 2.940522133001178773e+01
5.800000000000000000e+01 -2.389477315316470007e-01 6.393920758612901878e+00
5.900000000000000000e+01 -1.207928086259296534e-02 1.859612472315001597e+01
5.900000000000000000e+01 -1.275741564158448804e-02 5.420321258050673663e+01
5.900000000000000000e+01 -1.252020127183277320e-02 8.271610590689736853e+01
5.900000000000000000e+01 -4.969047687021983101e-02 2.930650500915239931e+01
5.900000000000000000e+01 -2.406090531714470959e-01 6.483422427297771407e+00
6.000000000000000000e+01 -1.180881923465432019e-02 1.813131589976063296e+01
6.000000000000000000e+01 -1.312907717091916018e-02 5.396153911859124008e+01
6.000000000000000000e+01 -1.270873787439619207e-02 8.239137744201075009e+01
6.000000000000000000e+01 -5.074743166365949798e-02 2.920400807180556413e+01
6.000000000000000000e+01 -2.421899774049343645e-01 6.575577379830364499e+00
6.100000000000000000e+01 -1.155682588954051043e-02 1.768877970254689203e+01
6.100000000000000000e+01 -1.349482970608156460e-02 5.372658562144045646e+01
6.100000000000000000e+01 -1.289704778337043972e-02 8.206408592020601134e+01
6.100000000000000000e+01 -5.179296415946220422e-02 2.909820590520614303e+01
6.100000000000000000e+01 -2.437118289067491117e-01 6.670396545677101052e+00
6.200000000000000000e+01 -1.132096112156296720e-02 1.726775864464697463e+01
6.200000000000000000e+01 -1.385338225299174823e-02 5.349721045761165072e+01
6.200000000000000000e+01 -1.308470432792694510e-02 8.173565875710926321e+01
6.200000000000000000e+01 -5.282629275070662572e-02 2.898940761357337337e+01
6.200000000000000000e+01 -2.451966267363159535e-01 6.767295787918509831e+00
6.300000000000000000e+01 -1.109616112668665097e-02 1.686537435439013777e+01
6.300000000000000000e+01 -1.420678354965451695e-02 5.327226160272894617e+01
6.300000000000000000e+01 -1.327224168690873535e-02 8.140513483867707123e+01
6.300000000000000000e+01 -5.384903426397992521e-02 2.887745671918965940e+01
6.300000000000000000e+01 -2.466395875720669428e-01 6.867019423887851026e+00
6.400000000000000000e+01 -1.087903228907376348e-02 1.648116700274410107e+01
6.400000000000000000e+01 -1.455466263191337872e-02 5.305112384471706122e+01
6.400000000000000000e+01 -1.345969524989006939e-02 8.107388016681467491e+01
6.400000000000000000e+01 -5.486123136720136989e-02 2.876267929355231701e+01
6.400000000000000000e+01 -2.480599291216922797e-01 6.969444444729822941e+00
6.500000000000000000e+01 -1.066371131426485652e-02 1.611386278735764321e+01
6.500000000000000000e+01 -1.489715305483719533e-02 5.283305482183104829e+01
6.500000000000000000e+01 -1.364714336554202594e-02 8.074244390715334418e+01
6.500000000000000000e+01 -5.586295681735190671e-02 2.864521374344853655e+01
6.500000000000000000e+01 -2.494713758286466465e-01 7.074659443851442298e+00
6.600000000000000000e+01 -1.044255377480600086e-02 1.576221208237743809e+01
6.600000000000000000e+01 -1.523436979455290198e-02 5.261738099845236860e+01
6.600000000000000000e+01 -1.383465719830627612e-02 8.041133065633206911e+01
6.600000000000000000e+01 -5.685416893649716114e-02 2.852518613725444752e+01
6.600000000000000000e+01 -2.508891433486513112e-01 7.182771355367743027e+00
6.700000000000000000e+01 -1.020896401376044337e-02 1.542580567012896609e+01
6.700000000000000000e+01 -1.556878699220342471e-02 5.240455753996853616e+01
6.700000000000000000e+01 -1.402364956280886636e-02 8.008137033320721798e+01
6.700000000000000000e+01 -5.783838648567414531e-02 2.840302364139460067e+01
6.700000000000000000e+01 -2.523265527467189462e-01 7.294912019547119542e+00
6.800000000000000000e+01 -9.946636270473428396e-03 1.510266356334627247e+01
6.800000000000000000e+01 -1.589763863524674276e-02 5.219268578003291026e+01
6.800000000000000000e+01 -1.421287900842995756e-02 7.975308474832829120e+01
6.800000000000000000e+01 -5.881348461465576993e-02 2.827876327557682501e+01
6.800000000000000000e+01 -2.538216997714494161e-01 7.409916084720826746e+00
6.900000000000000000e+01 -9.640551588979315648e-03 1.479211345568937830e+01
6.900000000000000000e+01 -1.622150438894032556e-02 5.198212199058941252e+01
6.900000000000000000e+01 -1.440231250025239898e-02 7.942653723929237231e+01
6.900000000000000000e+01 -5.977555934360460899e-02 2.815218807554011704e+01
6.900000000000000000e+01 -2.553721726335194675e-01 7.528570045192668481e+00
7.000000000000000000e+01 -9.265629636299482774e-03 1.449201607199254660e+01
7.000000000000000000e+01 -1.653847849525745192e-02 5.177114985417962600e+01
7.000000000000000000e+01 -1.459113765984565783e-02 7.910152020527411310e+01
7.000000000000000000e+01 -6.072319998737091273e-02 2.802319129332959591e+01
7.000000000000000000e+01 -2.570137698870639809e-01 7.650325126598036540e+00
7.100000000000000000e+01 -8.799580209075593198e-03 1.420265725891349540e+01
7.100000000000000000e+01 -1.685165711537469843e-02 5.156097123174102137e+01
7.100000000000000000e+01 -1.478118934517183743e-02 7.877931345876466196e+01
7.100000000000000000e+01 -6.166093400459080054e-02 2.789242409364384656e+01
7.100000000000000000e+01 -2.587811972882378408e-01 7.776604468085765554e+00
7.200000000000000000e+01 -8.207661333671418397e-03 1.392334570315677311e+01
7.200000000000000000e+01 -1.716108440964322565e-02 5.135158483241708183e+01
7.200000000000000000e+01 -1.497275828603512014e-02 7.846060426544458721e+01
7.200000000000000000e+01 -6.258901556253797238e-02 2.776015085543794925e+01
7.200000000000000000e+01 -2.607168032783597766e-01 7.907849081995165008e+00
7.300000000000000000e+01 -7.438933125820191943e-03 1.365207938864302406e+01
7.300000000000000000e+01 -1.746460794054474283e-02 5.114140234064984725e+01
7.300000000000000000e+01 -1.516455638285886358e-02 7.814474853166878177e+01
7.300000000000000000e+01 -6.350284511296583334e-02 2.762593760656898922e+01
7.300000000000000000e+01 -2.628686281937971381e-01 8.043598229630337215e+00
7.400000000000000000e+01 -6.431747681467900150e-03 1.338774384780938753e+01
7.400000000000000000e+01 -1.776162176867027154e-02 5.092975506557068854e+01
7.400000000000000000e+01 -1.535628982769156325e-02 7.783159640259844991e+01
7.400000000000000000e+01 -6.440040270479800710e-02 2.748965069461274169e+01
7.400000000000000000e+01 -2.652978979917852143e-01 8.184058360151976075e+00
7.500000000000000000e+01 -5.111465561905358113e-03 1.313066161078310223e+01
7.500000000000000000e+01 -1.805364884177873899e-02 5.071767825052820911e+01
7.500000000000000000e+01 -1.554921213563344000e-02 7.752239360978636284e+01
7.500000000000000000e+01 -6.528451657263414920e-02 2.735190651763818082e+01
7.500000000000000000e+01 -2.680899392319058272e-01 8.330293540599505775e+00
7.600000000000000000e+01 -3.377987050103020087e-03 1.288065646393992303e+01
7.600000000000000000e+01 -1.834073218417501400e-02 5.050544787654852286e+01
7.600000000000000000e+01 -1.574373029774435440e-02 7.721780214316157753e+01
7.600000000000000000e+01 -6.615552467263073610e-02 2.721301563898714804e+01
7.600000000000000000e+01 -2.713487108564133221e-01 8.482817130362452218e+00
