1.000000000000000000e+01 1.653296373158790551e-04 5.402708000000001620e-01 3.137798559208318343e-03
1.100000000000000000e+01 2.008932016119681439e-04 5.402659000000000766e-01 3.807908668679113422e-03
1.200000000000000000e+01 2.401862455068633001e-04 5.402593000000001089e-01 4.546334216202393627e-03
1.300000000000000000e+01 2.833057240077487449e-04 5.402509000000000894e-01 5.354326842875769578e-03
1.400000000000000000e+01 3.303587883936267471e-04 5.402401000000001119e-01 6.233261825603791419e-03
1.500000000000000000e+01 3.814627421291438380e-04 5.402266000000001123e-01 7.184632071174335347e-03
1.600000000000000000e+01 4.367458628143838437e-04 5.402099000000001316e-01 8.210058086905494198e-03
1.700000000000000000e+01 4.963479924137661385e-04 5.401895000000001001e-01 9.311292956574727941e-03
1.800000000000000000e+01 5.604205897373474481e-04 5.401647000000001642e-01 1.049021632943435492e-02
1.900000000000000000e+01 6.291282089751261148e-04 5.401351000000000901e-01 1.174885537154411741e-02
2.000000000000000000e+01 7.026473829961634669e-04 5.400999000000000771e-01 1.308935478312462167e-02
2.100000000000000000e+01 7.811697848067132837e-04 5.400582000000001548e-01 1.451402770286197227e-02
2.200000000000000000e+01 8.649001384360239728e-04 5.400093000000001364e-01 1.602530675014867192e-02
2.300000000000000000e+01 9.540599482851387213e-04 5.399523000000001627e-01 1.762580391197746815e-02
2.400000000000000000e+01 1.048886044811548094e-03 5.398860000000000881e-01 1.931827056426497699e-02
2.500000000000000000e+01 1.149631707066473647e-03 5.398094000000001058e-01 2.110560742674543258e-02
2.600000000000000000e+01 1.256569031677182710e-03 5.397213000000000704e-01 2.299089447998799163e-02
2.700000000000000000e+01 1.369987558422002894e-03 5.396203000000001637e-01 2.497735098253342501e-02
2.800000000000000000e+01 1.490198249236507604e-03 5.395048000000001176e-01 2.706839534470402431e-02
2.900000000000000000e+01 1.626518131253380101e-03 5.393636000000001651e-01 2.942306791023916943e-02
3.000000000000000000e+01 1.763063284520008508e-03 5.392116000000001241e-01 3.176284827674685091e-02
3.100000000000000000e+01 1.907739046015687013e-03 5.390392000000001627e-01 3.422271769797387286e-02
3.200000000000000000e+01 2.061028870203953072e-03 5.388440000000001007e-01 3.680804823409035420e-02
3.300000000000000000e+01 2.223319227629820451e-03 5.386237000000001496e-01 3.952228437935042388e-02
3.400000000000000000e+01 2.395141121293018101e-03 5.383755000000001179e-01 4.237102601765057458e-02
3.500000000000000000e+01 2.577020749519650950e-03 5.380963000000000829e-01 4.535945270830427090e-02
3.600000000000000000e+01 2.775203862771690854e-03 5.377733000000001207e-01 4.858581221913987197e-02
3.700000000000000000e+01 2.980085036359838256e-03 5.374194000000001026e-01 5.188807520365549403e-02
3.800000000000000000e+01 3.197003472232836513e-03 5.370231000000000865e-01 5.534952636840739792e-02
3.900000000000000000e+01 3.426647602011446882e-03 5.365800000000000569e-01 5.897635817021523730e-02
4.000000000000000000e+01 3.669759946199480614e-03 5.360851000000000921e-01 6.277516078015885070e-02
4.100000000000000000e+01 3.927069782107287833e-03 5.355332000000001536e-01 6.675183411644569631e-02
4.200000000000000000e+01 4.199385983645605863e-03 5.349186000000001329e-01 7.091302495506164594e-02
4.300000000000000000e+01 4.492633149596988659e-03 5.342223000000001498e-01 7.534252806428173854e-02
4.400000000000000000e+01 4.798474110273600636e-03 5.334596000000001448e-01 7.990598564516004920e-02
4.500000000000000000e+01 5.122042476803493651e-03 5.326130000000001141e-01 8.467472677927648239e-02
4.600000000000000000e+01 5.464255956838904443e-03 5.316745000000001609e-01 8.965476167430423693e-02
4.700000000000000000e+01 5.826042908071442719e-03 5.306354000000000903e-01 9.485166938966285710e-02
4.800000000000000000e+01 6.208347871416570324e-03 5.294866000000001405e-01 1.002706976837708236e-01
4.900000000000000000e+01 6.612071782374120098e-03 5.282184000000000879e-01 1.059159049672179082e-01
5.000000000000000000e+01 7.042871106166358718e-03 5.268041000000001084e-01 1.118570007379319498e-01
5.100000000000000000e+01 7.492858829101355089e-03 5.252619000000000593e-01 1.179737329690929426e-01
5.200000000000000000e+01 7.966895376859366509e-03 5.235674000000001271e-01 1.243245273560601161e-01
5.300000000000000000e+01 8.465697044102493685e-03 5.217088000000000836e-01 1.309090459477171009e-01
5.400000000000000000e+01 8.989874177665136204e-03 5.196744000000000918e-01 1.377252540124496993e-01
5.500000000000000000e+01 9.539925425224728139e-03 5.174521000000000814e-01 1.447695204767949495e-01
5.600000000000000000e+01 1.011617389668698942e-02 5.150302000000001046e-01 1.520358201732042169e-01
5.700000000000000000e+01 1.072216975150178282e-02 5.123815000000001563e-01 1.595589149405799712e-01
5.800000000000000000e+01 1.135132693753671679e-02 5.095244000000000995e-01 1.672451210759995088e-01
5.900000000000000000e+01 1.200651772697084417e-02 5.064348000000000738e-01 1.751218257895713337e-01
6.000000000000000000e+01 1.268725567069141358e-02 5.031034000000000894e-01 1.831740339898232373e-01
6.100000000000000000e+01 1.339282333945590597e-02 4.995219000000001297e-01 1.913845596712774599e-01
6.200000000000000000e+01 1.412227280478793763e-02 4.956835000000001101e-01 1.997342261637171934e-01
6.300000000000000000e+01 1.487442911576176627e-02 4.915829000000001003e-01 2.082020662244452591e-01
6.400000000000000000e+01 1.564789453396837893e-02 4.872164000000001050e-01 2.167654219535735671e-01
6.500000000000000000e+01 1.644110885850801410e-02 4.825822000000001277e-01 2.254009430048701523e-01
6.600000000000000000e+01 1.725232625390063848e-02 4.776799000000001016e-01 2.340840871139839297e-01
6.700000000000000000e+01 1.807968356411475755e-02 4.725112000000001311e-01 2.427901178906042567e-01
6.800000000000000000e+01 1.892122076605400743e-02 4.670793000000000861e-01 2.514943040210081415e-01
6.900000000000000000e+01 1.977492487241894539e-02 4.613891000000001075e-01 2.601723175161474444e-01
7.000000000000000000e+01 2.063876684416210416e-02 4.554467000000000931e-01 2.688006323260871411e-01
7.100000000000000000e+01 2.150995587008429702e-02 4.492659000000001068e-01 2.773483521683185460e-01
7.200000000000000000e+01 2.238837098607705800e-02 4.428407000000000870e-01 2.858141815982522815e-01
7.300000000000000000e+01 2.327095912917243395e-02 4.361894000000001159e-01 2.941657360188933978e-01
7.400000000000000000e+01 2.415591795123273738e-02 4.293223000000001011e-01 3.023848849106083869e-01
7.500000000000000000e+01 2.504154533745643618e-02 4.222501000000001281e-01 3.104548944220411055e-01
7.600000000000000000e+01 2.592661411548550371e-02 4.149816000000001170e-01 3.183634118494793053e-01
7.700000000000000000e+01 2.680933937736405120e-02 4.075295000000001000e-01 3.260954100135606826e-01
7.800000000000000000e+01 2.768825394610073196e-02 3.999076000000000852e-01 3.336367463184599091e-01
7.900000000000000000e+01 2.856223053171254647e-02 3.921271000000001172e-01 3.409775662567163246e-01
8.000000000000000000e+01 2.943430505168748851e-02 3.841602000000001182e-01 3.481439466781013348e-01
8.100000000000000000e+01 3.029093678618141605e-02 3.761407000000001055e-01 3.550204380295361450e-01
8.200000000000000000e+01 3.114482888013912071e-02 3.679476000000000413e-01 3.617168259371678629e-01
8.300000000000000000e+01 3.199052186410500376e-02 3.596381000000000716e-01 3.681868327055778378e-01
8.400000000000000000e+01 3.282745260211310245e-02 3.512222000000000399e-01 3.744267827697912998e-01
8.500000000000000000e+01 3.365506030641767649e-02 3.427116000000000606e-01 3.804318989321878175e-01
8.600000000000000000e+01 3.447314952291560125e-02 3.341134000000000603e-01 3.862018910243790737e-01
8.700000000000000000e+01 3.528146199435625019e-02 3.254362000000000643e-01 3.917352705225350951e-01
8.800000000000000000e+01 3.607977086506275466e-02 3.166885000000000394e-01 3.970311480805467363e-01
8.900000000000000000e+01 3.686796105219066616e-02 3.078783000000000492e-01 4.020894295924156703e-01
9.000000000000000000e+01 3.764596313256844684e-02 2.990130000000000288e-01 4.069103189709253887e-01
