1.000000000000000000e+01 -3.101212175469574933e-05 1.118862579619588900e+02
1.000000000000000000e+01 -3.856345173042047877e-03 4.348787244832964660e+01
1.000000000000000000e+01 -4.407099879993834485e-02 4.714108440865564020e+00
1.000000000000000000e+01 -6.848442896111276053e-03 3.097625500017620581e+01
1.000000000000000000e+01 -3.727352353501533783e-03 8.766342861333127701e+01
1.000000000000000000e+01 -5.684467751061679230e-01 7.397401973731065006e+00
1.000000000000000000e+01 -1.000000000000000000e+00 4.549152476534389145e+00
1.000000000000000000e+01 -8.682556227290970652e-01 6.199188036345445241e+00
1.000000000000000000e+01 -9.976903375565249199e-01 6.661158461502585837e+00
1.000000000000000000e+01 -1.000000000000000000e+00 7.038964395221133152e+00
1.000000000000000000e+01 -8.804429183015848315e-01 8.011972176875504559e+00
1.100000000000000000e+01 -4.031092342647097553e-05 1.120365298979554325e+02
1.100000000000000000e+01 -4.223547199494102899e-03 4.347523381953895694e+01
1.100000000000000000e+01 -4.898717292989525351e-02 4.714829090200375994e+00
1.100000000000000000e+01 -7.513406598887726988e-03 3.098440999763926484e+01
1.100000000000000000e+01 -3.719636463562581673e-03 8.781005101342435637e+01
1.100000000000000000e+01 -5.699387696661070146e-01 8.095796622497344330e+00
1.100000000000000000e+01 -1.000000000000000000e+00 4.997635854939041167e+00
1.100000000000000000e+01 -8.659613172366544820e-01 6.862955431793166028e+00
1.100000000000000000e+01 -9.968835801448829859e-01 7.424249454138007742e+00
1.100000000000000000e+01 -1.000000000000000000e+00 7.722658176553862219e+00
1.100000000000000000e+01 -8.847672746304220404e-01 8.824001208778952332e+00
1.200000000000000000e+01 -5.351297636858916030e-05 1.120621192782548405e+02
1.200000000000000000e+01 -4.600450124539422030e-03 4.345393500548149746e+01
1.200000000000000000e+01 -5.395082965620888460e-02 4.715374822879829786e+00
1.200000000000000000e+01 -8.209994566654072595e-03 3.099059226624198260e+01
1.200000000000000000e+01 -3.745877484327570124e-03 8.792183875312247210e+01
1.200000000000000000e+01 -5.712526784413185510e-01 8.797995438171376748e+00
1.200000000000000000e+01 -1.000000000000000000e+00 5.444908465378720308e+00
1.200000000000000000e+01 -8.706658930897943627e-01 7.518971503876619167e+00
1.300000000000000000e+01 -7.144140703244419020e-05 1.119747402574865731e+02
1.300000000000000000e+01 -4.986340419905577019e-03 4.342488706474246385e+01
1.300000000000000000e+01 -8.935381035029591260e-03 3.099521864767552870e+01
1.300000000000000000e+01 -5.896350043006384767e-02 4.715774834237258517e+00
1.300000000000000000e+01 -3.798751317891841707e-03 8.800859785161972582e+01
1.300000000000000000e+01 -5.721368663830355139e-01 9.504908994775052022e+00
1.300000000000000000e+01 -1.000000000000000000e+00 5.890458538215413320e+00
1.300000000000000000e+01 -8.760673383611100595e-01 8.159427021854895656e+00
1.400000000000000000e+01 -9.495324700758880476e-05 1.117789745132462684e+02
1.400000000000000000e+01 -5.380518669897764797e-03 4.338851014411797991e+01
1.400000000000000000e+01 -9.687541632388697865e-03 3.099856100492873878e+01
1.400000000000000000e+01 -6.402590081583464654e-02 4.716050972002160613e+00
1.400000000000000000e+01 -3.872962559592374367e-03 8.807679171509175831e+01
1.400000000000000000e+01 -5.730921481049856547e-01 1.021374349031177609e+01
1.400000000000000000e+01 -1.000000000000000000e+00 6.334589957184939557e+00
1.400000000000000000e+01 -8.809778912263060979e-01 8.801240435081105318e+00
1.500000000000000000e+01 -1.248788549792413281e-04 1.114751440596872811e+02
1.500000000000000000e+01 -5.782350812910841409e-03 4.334491083613846740e+01
1.500000000000000000e+01 -1.046500517044797809e-02 3.100079179387026684e+01
1.500000000000000000e+01 -6.913851406695782631e-02 4.716221068113440218e+00
1.500000000000000000e+01 -3.964523141979906309e-03 8.813078072554540654e+01
1.500000000000000000e+01 -5.742766306722242309e-01 1.092556434750832750e+01
1.500000000000000000e+01 -1.000000000000000000e+00 6.777416526937431129e+00
1.600000000000000000e+01 -1.619630745922051823e-04 1.110611758228842803e+02
1.600000000000000000e+01 -6.191242169341649657e-03 4.329397597669915854e+01
1.600000000000000000e+01 -1.126667612593573731e-02 3.100201305998623269e+01
1.600000000000000000e+01 -7.430191556312239209e-02 4.716302680775958045e+00
1.600000000000000000e+01 -4.070316862063671354e-03 8.817355920288571269e+01
1.600000000000000000e+01 -5.756026443685111627e-01 1.164626726051829664e+01
1.600000000000000000e+01 -1.000000000000000000e+00 7.218779902274865989e+00
1.700000000000000000e+01 -2.068212810674909408e-04 1.105338943369096114e+02
1.700000000000000000e+01 -6.606617163186669431e-03 4.323542494190219543e+01
1.700000000000000000e+01 -4.187873608588222295e-03 8.820720492153741077e+01
1.700000000000000000e+01 -1.209172988081031776e-02 3.100227855156219903e+01
1.700000000000000000e+01 -7.951691294988612324e-02 4.716315277542012296e+00
1.700000000000000000e+01 -5.769162290640754698e-01 1.238043980095493168e+01
1.700000000000000000e+01 -1.000000000000000000e+00 7.658420246571281176e+00
1.800000000000000000e+01 -2.598730434171948986e-04 1.098899724057515357e+02
1.800000000000000000e+01 -7.027957399625870197e-03 4.316884155083133834e+01
1.800000000000000000e+01 -4.315137219851542492e-03 8.823316081328687233e+01
1.800000000000000000e+01 -8.478459891431341933e-02 4.716280012301780289e+00
1.800000000000000000e+01 -1.293955554472579414e-02 3.100160799607824202e+01
1.800000000000000000e+01 -5.787525678767126980e-01 1.310096374023122223e+01
1.900000000000000000e+01 -3.212735759785082814e-04 1.091266412178541430e+02
1.900000000000000000e+01 -7.454454401035197353e-03 4.309369998532408630e+01
1.900000000000000000e+01 -4.450264586618408146e-03 8.825238657619094340e+01
1.900000000000000000e+01 -9.010632858395031808e-02 4.716220251694687171e+00
1.900000000000000000e+01 -1.380973747218212574e-02 3.099999840990988531e+01
2.000000000000000000e+01 -3.910488574628615249e-04 1.082422120248411517e+02
2.000000000000000000e+01 -7.885245197554980115e-03 4.300936251598197657e+01
2.000000000000000000e+01 -4.591726241996304907e-03 8.826547433804401521e+01
2.000000000000000000e+01 -9.548369546585877554e-02 4.716160556379734636e+00
2.000000000000000000e+01 -1.470203045502909908e-02 3.099743455141923931e+01
2.100000000000000000e+01 -4.691449054762523063e-04 1.072364519466181179e+02
2.100000000000000000e+01 -8.319537296092763268e-03 4.291508233490731783e+01
2.100000000000000000e+01 -4.738117788797652219e-03 8.827272232999006008e+01
2.100000000000000000e+01 -1.009184886278732401e-01 4.716126149741628915e+00
2.100000000000000000e+01 -1.561635350022443428e-02 3.099389019615290408e+01
2.200000000000000000e+01 -5.553789730051164001e-04 1.061108640313893687e+02
2.200000000000000000e+01 -8.756307615630480254e-03 4.281000828105102585e+01
2.200000000000000000e+01 -4.887873693374330218e-03 8.827412383780199434e+01
2.200000000000000000e+01 -1.064126264799451493e-01 4.716143414758929175e+00
2.200000000000000000e+01 -1.655269233808251070e-02 3.098932990222011341e+01
2.300000000000000000e+01 -6.499043264575059698e-04 1.048688060679635470e+02
2.300000000000000000e+01 -9.194257437663652666e-03 4.269318609116562158e+01
2.300000000000000000e+01 -5.039322520424294530e-03 8.826933211265067314e+01
2.300000000000000000e+01 -1.119681825446076084e-01 4.716236295579124160e+00
2.300000000000000000e+01 -1.751130721213048358e-02 3.098370902423824091e+01
2.400000000000000000e+01 -7.532507557584312190e-04 1.035156092466413753e+02
2.400000000000000000e+01 -9.632064053510459162e-03 4.256354594427348559e+01
2.400000000000000000e+01 -5.190333594954445184e-03 8.825770350184077984e+01
2.400000000000000000e+01 -1.175872360143298129e-01 4.716431067326804616e+00
2.400000000000000000e+01 -1.849270708406378083e-02 3.097697551708125019e+01
2.500000000000000000e+01 -8.668644221790922089e-04 1.020587147730998936e+02
2.500000000000000000e+01 -1.006810774591460414e-02 4.241990543178413731e+01
2.500000000000000000e+01 -5.337817615892559084e-03 8.823800884567751268e+01
2.500000000000000000e+01 -1.232718890804512940e-01 4.716753351125201554e+00
2.500000000000000000e+01 -1.949749248312287325e-02 3.096906625350035114e+01
2.600000000000000000e+01 -9.940295686435987946e-04 1.005078393577128963e+02
2.600000000000000000e+01 -1.050048793528704505e-02 4.226095775493264028e+01
2.600000000000000000e+01 -5.477054622842216468e-03 8.820819946963143821e+01
2.600000000000000000e+01 -1.290242080359610966e-01 4.717228908522170805e+00
2.600000000000000000e+01 -2.052651223255725493e-02 3.095990705832798895e+01
2.700000000000000000e+01 -1.148455075520517189e-03 9.878863021311522630e+01
2.700000000000000000e+01 -1.093003783736679925e-02 4.208014477779110507e+01
2.700000000000000000e+01 -5.597955553180055527e-03 8.816160912373517533e+01
2.700000000000000000e+01 -1.347771051375567519e-01 4.721408558551307699e+00
2.700000000000000000e+01 -2.158674634360431902e-02 3.094929463838489525e+01
2.800000000000000000e+01 -1.334082825718831524e-03 9.707655904947084480e+01
2.800000000000000000e+01 -1.134738605560457747e-02 4.188457668044132731e+01
2.800000000000000000e+01 -5.686458974908756292e-03 8.809656728616458565e+01
2.800000000000000000e+01 -1.406456700500391122e-01 4.723144938306684359e+00
2.800000000000000000e+01 -2.266885099021952871e-02 3.093733138267420912e+01
2.900000000000000000e+01 -1.589160385994124736e-03 9.532261216957354577e+01
2.900000000000000000e+01 -1.175231109579913044e-02 4.166858242185074346e+01
2.900000000000000000e+01 -5.708031588752930652e-03 8.799813021882887654e+01
2.900000000000000000e+01 -1.465803730813300121e-01 4.725289583353961653e+00
2.900000000000000000e+01 -2.377962377808600508e-02 3.092380461222104060e+01
3.000000000000000000e+01 -1.993298190400857092e-03 9.356641647223787572e+01
3.000000000000000000e+01 -5.582862502494638848e-03 8.783844816791825849e+01
3.000000000000000000e+01 -1.214067073295455046e-02 4.143021104151691247e+01
3.000000000000000000e+01 -1.525806152728578780e-01 4.727918450690479446e+00
3.000000000000000000e+01 -2.492135750391347854e-02 3.090857230742451023e+01
3.100000000000000000e+01 -2.741933550114638955e-03 9.188878279796738013e+01
3.100000000000000000e+01 -5.115711893799893689e-03 8.755004626129857570e+01
3.100000000000000000e+01 -1.250736401022900339e-02 4.116742964933782645e+01
3.100000000000000000e+01 -1.586464962284610813e-01 4.731055945832210341e+00
3.100000000000000000e+01 -2.609681336630831003e-02 3.089146669793800015e+01
3.200000000000000000e+01 -3.989960622010959093e-03 8.696861678963871611e+01
3.200000000000000000e+01 -4.152444677240738242e-03 9.046722626469320971e+01
3.200000000000000000e+01 -1.284628466728212487e-02 4.087802732395286398e+01
3.200000000000000000e+01 -1.647764012122072408e-01 4.734780517532484190e+00
3.200000000000000000e+01 -2.730951286714970380e-02 3.087228491481079118e+01
3.300000000000000000e+01 -2.584467697309539552e-03 8.587006247844803397e+01
3.300000000000000000e+01 -5.847287967009878913e-03 8.953984477288295807e+01
3.300000000000000000e+01 -1.314995110991383671e-02 4.055970933049511729e+01
3.300000000000000000e+01 -1.709683186819452860e-01 4.739160753241527857e+00
3.300000000000000000e+01 -2.856367768431693557e-02 3.085078111763195707e+01
3.400000000000000000e+01 -1.842403109586206482e-03 8.428387106114409733e+01
3.400000000000000000e+01 -1.341099784726519813e-02 4.020544365138203347e+01
3.400000000000000000e+01 -6.888077283215327321e-03 8.905128074665061888e+01
3.400000000000000000e+01 -1.771241159524465092e-01 4.747546354346966702e+00
3.400000000000000000e+01 -2.986933779805361899e-02 3.082655435724010218e+01
3.500000000000000000e+01 -1.632812170535961850e-03 8.250730431399945530e+01
3.500000000000000000e+01 -1.361427631683996727e-02 3.982091965248027776e+01
3.500000000000000000e+01 -7.403406684885459506e-03 8.879145702273257257e+01
3.500000000000000000e+01 -1.834042387140459307e-01 4.754165960901966415e+00
3.500000000000000000e+01 -3.122467798547938489e-02 3.079939768206838124e+01
3.600000000000000000e+01 -1.625051726157660231e-03 8.065608921237327422e+01
3.600000000000000000e+01 -1.374820288671761356e-02 3.940027593026973562e+01
3.600000000000000000e+01 -7.729617162930040378e-03 8.862392007778103675e+01
3.600000000000000000e+01 -1.897292985996151260e-01 4.761798845614833020e+00
3.600000000000000000e+01 -3.264186814474155651e-02 3.076876086124437037e+01
3.700000000000000000e+01 -1.701858409622321626e-03 7.879468224242542362e+01
3.700000000000000000e+01 -1.379609264274526091e-02 3.894150574953204824e+01
3.700000000000000000e+01 -7.987979873972270509e-03 8.849735477414132845e+01
3.700000000000000000e+01 -1.960926342518262977e-01 4.770550809518534940e+00
3.700000000000000000e+01 -3.413132866004346677e-02 3.073403185066219478e+01
3.800000000000000000e+01 -1.826356852513761741e-03 7.695764676277360650e+01
3.800000000000000000e+01 -1.373757806028651045e-02 3.844303611533803888e+01
3.800000000000000000e+01 -8.219916245417308726e-03 8.838948062433705388e+01
3.800000000000000000e+01 -2.024861785993335717e-01 4.780540998034496170e+00
3.800000000000000000e+01 -3.570627536517670397e-02 3.069440108045836624e+01
3.900000000000000000e+01 -1.988114058493895952e-03 7.516729343828130538e+01
3.900000000000000000e+01 -1.354793659515222438e-02 3.790402764956520798e+01
3.900000000000000000e+01 -8.440707108673794340e-03 8.828938738994557411e+01
3.900000000000000000e+01 -2.089011689255833859e-01 4.791879255379311253e+00
3.900000000000000000e+01 -3.738340529028452014e-02 3.064876857932061682e+01
4.000000000000000000e+01 -2.185821679350006055e-03 7.343957948141641623e+01
4.000000000000000000e+01 -1.319756599322542689e-02 3.732465017735253809e+01
4.000000000000000000e+01 -8.656529856284147367e-03 8.819104362696420196e+01
4.000000000000000000e+01 -2.153270123949274917e-01 4.804698102339344246e+00
4.000000000000000000e+01 -3.918360065536084791e-02 3.059558907102213610e+01
4.100000000000000000e+01 -2.421290786972354024e-03 7.178661243767177780e+01
4.100000000000000000e+01 -1.265222068804470155e-02 3.670656385686774570e+01
4.100000000000000000e+01 -8.870035947021813472e-03 8.809073828747352763e+01
4.100000000000000000e+01 -2.217518984204878418e-01 4.819132814490321159e+00
4.100000000000000000e+01 -4.113191307011292153e-02 3.053262115298788615e+01
4.200000000000000000e+01 -2.700036100221325005e-03 7.020108934711039694e+01
4.200000000000000000e+01 -1.186928816884828125e-02 3.604757741424207040e+01
4.200000000000000000e+01 -9.083569739681050456e-03 8.798471728233661793e+01
4.200000000000000000e+01 -2.280512538873603889e-01 4.838130171914142075e+00
4.200000000000000000e+01 -4.326175044436866152e-02 3.045616326032730115e+01
4.300000000000000000e+01 -3.018644239858605215e-03 6.872175969324177913e+01
4.300000000000000000e+01 -1.082949755549306170e-02 3.536517379954148055e+01
4.300000000000000000e+01 -9.295368542980398524e-03 8.787337498328766117e+01
4.300000000000000000e+01 -2.344090330766285535e-01 4.856734527194065620e+00
4.300000000000000000e+01 -4.558242483021138214e-02 3.036159878970926584e+01
4.400000000000000000e+01 -3.379852967466831504e-03 6.733704804747830508e+01
4.400000000000000000e+01 -9.532513979516207131e-03 3.466498020097626664e+01
4.400000000000000000e+01 -9.506617292089781374e-03 8.775418046950268547e+01
4.400000000000000000e+01 -2.407183980439937254e-01 4.877461789646106993e+00
4.400000000000000000e+01 -4.808725627393686808e-02 3.024076060067698890e+01
4.500000000000000000e+01 -3.782383760288737622e-03 6.604870788933898496e+01
4.500000000000000000e+01 -8.073905258139002505e-03 3.396246185833425102e+01
4.500000000000000000e+01 -9.717272170784708313e-03 8.762589894083524200e+01
4.500000000000000000e+01 -2.469618977239510238e-01 4.900473176983950019e+00
4.500000000000000000e+01 -5.067474085997131922e-02 3.008190650002418920e+01
4.600000000000000000e+01 -6.742499642255078869e-03 3.327775038324868007e+01
4.600000000000000000e+01 -4.223174792524947256e-03 6.485638763851153499e+01
4.600000000000000000e+01 -9.927198357382227903e-03 8.748745729290304496e+01
4.600000000000000000e+01 -2.531209948722382141e-01 4.925932650446411820e+00
4.600000000000000000e+01 -5.305277891754688752e-02 2.986938271639510134e+01
4.700000000000000000e+01 -6.109349048833942995e-03 3.263299532231430078e+01
4.700000000000000000e+01 -4.697590076452241858e-03 6.375788113410203550e+01
4.700000000000000000e+01 -1.013621461139184443e-02 8.733789997575922825e+01
4.700000000000000000e+01 -2.591761356505405955e-01 4.954008399965942111e+00
4.700000000000000000e+01 -5.465033280042323055e-02 2.958586185403034108e+01
4.800000000000000000e+01 -6.947616810489005978e-03 3.204923922500346123e+01
4.800000000000000000e+01 -5.199801205197814025e-03 6.274947994943524776e+01
4.800000000000000000e+01 -1.034411803550693530e-02 8.717637298726984341e+01
4.800000000000000000e+01 -2.651075841179395542e-01 4.984858279640885570e+00
4.800000000000000000e+01 -5.469740716004845710e-02 2.921543937516227984e+01
4.900000000000000000e+01 -9.858589961017766301e-03 3.154803833581023653e+01
4.900000000000000000e+01 -5.723280110575575466e-03 6.182626863332345835e+01
4.900000000000000000e+01 -1.055074479518577565e-02 8.700210929690331341e+01
4.900000000000000000e+01 -2.708948757959978582e-01 5.018646278631115898e+00
4.900000000000000000e+01 -5.259755878508901028e-02 2.874268938925865768e+01
5.000000000000000000e+01 -6.264455633443524567e-03 6.097903706397508472e+01
5.000000000000000000e+01 -1.468914655151331433e-02 3.115032060334695174e+01
5.000000000000000000e+01 -1.075659448784649884e-02 8.681345292617722009e+01
5.000000000000000000e+01 -4.850570849168155813e-02 2.815088734086606692e+01
5.000000000000000000e+01 -2.764191507763772426e-01 5.057587837713295897e+00
5.100000000000000000e+01 -6.810931188830999551e-03 6.020880725970172165e+01
5.100000000000000000e+01 -2.018235883858849472e-02 3.086151293834540610e+01
5.100000000000000000e+01 -1.095995178373297685e-02 8.661170737757443305e+01
5.100000000000000000e+01 -4.368384389595270090e-02 2.745159722283645465e+01
5.100000000000000000e+01 -2.818127921862425556e-01 5.097932967318352659e+00
5.200000000000000000e+01 -7.359974865398748352e-03 5.950541620584390046e+01
5.200000000000000000e+01 -2.522841526821166525e-02 3.066161834638651129e+01
5.200000000000000000e+01 -1.116135586763356002e-02 8.639551302991830539e+01
5.200000000000000000e+01 -3.925418501490756523e-02 2.666629631540969925e+01
5.200000000000000000e+01 -2.870802495653482778e-01 5.141537731318607918e+00
5.300000000000000000e+01 -7.906829978603219927e-03 5.886240696245550907e+01
5.300000000000000000e+01 -2.939146407750518886e-02 3.050480284230532746e+01
5.300000000000000000e+01 -3.564670007290074438e-02 2.584789550295778682e+01
5.300000000000000000e+01 -1.136061396139438628e-02 8.616455104565311274e+01
5.300000000000000000e+01 -2.920931099186510616e-01 5.188653150269902703e+00
5.400000000000000000e+01 -8.447032313567904432e-03 5.827356510462937678e+01
5.400000000000000000e+01 -3.273227483658697201e-02 2.501954609404886654e+01
5.400000000000000000e+01 -1.155790121511111358e-02 8.591854447921065230e+01
5.400000000000000000e+01 -3.280806790758687003e-02 3.037138791770072643e+01
5.400000000000000000e+01 -2.968747590720732243e-01 5.239332660061681857e+00
5.500000000000000000e+01 -8.977745669418571439e-03 5.773302438682601689e+01
5.500000000000000000e+01 -3.031927951970630683e-02 2.419710619735792534e+01
5.500000000000000000e+01 -1.175269383782987648e-02 8.565747203261362586e+01
5.500000000000000000e+01 -3.567209626152914592e-02 3.024913684792828761e+01
5.500000000000000000e+01 -3.014144882276064696e-01 5.293647900248018345e+00
5.600000000000000000e+01 -9.496612390399609971e-03 5.723527782952871945e+01
5.600000000000000000e+01 -2.825354892271205592e-02 2.339007217105659819e+01
5.600000000000000000e+01 -1.194517958415205680e-02 8.538136073584747976e+01
5.600000000000000000e+01 -3.813905071750924025e-02 3.013163472443697088e+01
5.600000000000000000e+01 -3.057042165941034062e-01 5.351654016226619959e+00
5.700000000000000000e+01 -1.000222664480657740e-02 5.677527963760229568e+01
5.700000000000000000e+01 -2.642691596625501918e-02 2.260446716378472232e+01
5.700000000000000000e+01 -1.213528142477944896e-02 8.509043285741826423e+01
5.700000000000000000e+01 -4.031761474590339622e-02 3.001533449125977171e+01
5.700000000000000000e+01 -3.097393073760321691e-01 5.413383877936172262e+00
5.800000000000000000e+01 -2.476568022361076010e-02 2.184424511016285919e+01
5.800000000000000000e+01 -1.049366988142491804e-02 5.634843456297899422e+01
5.800000000000000000e+01 -1.232302211718894203e-02 8.478505131246095061e+01
5.800000000000000000e+01 -4.228184182604072944e-02 2.989814798032325172e+01
5.800000000000000000e+01 -3.135186119336497712e-01 5.478852071018446956e+00
5.900000000000000000e+01 -2.321954068726119619e-02 2.111199193635983207e+01
5.900000000000000000e+01 -1.097053341656972596e-02 5.595059259089001102e+01
5.900000000000000000e+01 -1.250846651196006049e-02 8.446572600594512892e+01
5.900000000000000000e+01 -4.408250778261997571e-02 2.977878016390111071e+01
5.900000000000000000e+01 -3.170447035614064046e-01 5.548053376739648712e+00
6.000000000000000000e+01 -2.175388314763600575e-02 2.040930835535986532e+01
6.000000000000000000e+01 -1.143280074322066894e-02 5.557802776689707969e+01
6.000000000000000000e+01 -1.269172257576555753e-02 8.413310663229260911e+01
6.000000000000000000e+01 -4.575500622473452350e-02 2.965639921423862546e+01
6.000000000000000000e+01 -3.203238358005168762e-01 5.620965439669055819e+00
6.100000000000000000e+01 -2.034469182123933156e-02 1.973704602885478820e+01
6.100000000000000000e+01 -1.188075122609010860e-02 5.522740965548191383e+01
6.100000000000000000e+01 -1.287293960897607781e-02 8.378797140514035391e+01
6.100000000000000000e+01 -4.732446636566493142e-02 2.953046289188437967e+01
6.100000000000000000e+01 -3.233658272953259805e-01 5.697551624966892270e+00
6.200000000000000000e+01 -1.897515323167773757e-02 1.909547128160758689e+01
6.200000000000000000e+01 -1.231487978550275392e-02 5.489577147135472757e+01
6.200000000000000000e+01 -1.305230517686527605e-02 8.343121252795334897e+01
6.200000000000000000e+01 -4.880904336162901480e-02 2.940062120605806584e+01
6.200000000000000000e+01 -3.261838692947366947e-01 5.777764439321972034e+00
6.300000000000000000e+01 -1.763329377492570127e-02 1.848438797429187730e+01
6.300000000000000000e+01 -1.273583129871548938e-02 5.458047656050960228e+01
6.300000000000000000e+01 -1.323004061671455636e-02 8.306381855176428530e+01
6.300000000000000000e+01 -5.022205599493939632e-02 2.926665863920534605e+01
6.300000000000000000e+01 -3.287942680669250772e-01 5.861549533230100195e+00
6.400000000000000000e+01 -1.631025736754264377e-02 1.790323630283791445e+01
6.400000000000000000e+01 -1.314434851117255235e-02 5.427918565683467733e+01
6.400000000000000000e+01 -1.340639589582134743e-02 8.268685485166530214e+01
6.400000000000000000e+01 -5.157339931823017032e-02 2.912845764771256896e+01
6.400000000000000000e+01 -3.312161610387735489e-01 5.948849981681781252e+00
6.500000000000000000e+01 -1.500019593082690950e-02 1.735114725583555639e+01
6.500000000000000000e+01 -1.354017155524883838e-02 5.398953094051415746e+01
6.500000000000000000e+01 -1.358115680612558517e-02 8.230167400395286847e+01
6.500000000000000000e+01 -5.286853524966083490e-02 2.898597617604338339e+01
6.500000000000000000e+01 -3.335116850670474253e-01 6.038681795802109065e+00
6.600000000000000000e+01 -1.369363763556624008e-02 1.682704608928563417e+01
6.600000000000000000e+01 -1.392658724702680595e-02 5.371030261291549124e+01
6.600000000000000000e+01 -1.375571451733196594e-02 8.190884050696575969e+01
6.600000000000000000e+01 -5.411763934181847840e-02 2.883919970103715258e+01
6.600000000000000000e+01 -3.356104795724171863e-01 6.133141105027402951e+00
6.700000000000000000e+01 -1.238623731175965935e-02 1.632981814645315310e+01
6.700000000000000000e+01 -1.430299828704311577e-02 5.343956652184719047e+01
6.700000000000000000e+01 -1.392975222144055350e-02 8.150991677626552701e+01
6.700000000000000000e+01 -5.532223398779854973e-02 2.868821946959862146e+01
6.700000000000000000e+01 -3.375943779473010165e-01 6.230942085948749209e+00
6.800000000000000000e+01 -1.107048564232036673e-02 1.585813966521229013e+01
6.800000000000000000e+01 -1.467020957650754659e-02 5.317587329529509788e+01
6.800000000000000000e+01 -1.410356597912980868e-02 8.110607498928057169e+01
6.800000000000000000e+01 -5.648550247504634941e-02 2.853312559105432555e+01
6.800000000000000000e+01 -3.394919719041083472e-01 6.332047327212569243e+00
6.900000000000000000e+01 -9.737122575941120281e-03 1.541062220408926464e+01
6.900000000000000000e+01 -1.502900108817979176e-02 5.291793749597128738e+01
6.900000000000000000e+01 -1.427744959044113804e-02 8.069846393358646708e+01
6.900000000000000000e+01 -5.760981187882969340e-02 2.837403335987142228e+01
6.900000000000000000e+01 -3.413337820663933098e-01 6.436437193615517138e+00
7.000000000000000000e+01 -8.372920889754465260e-03 1.498511736320935306e+01
7.000000000000000000e+01 -1.537928211402729388e-02 5.266383511575403986e+01
7.000000000000000000e+01 -1.445097457033854907e-02 8.028773550011705140e+01
7.000000000000000000e+01 -5.869497901931618189e-02 2.821081011351872903e+01
7.000000000000000000e+01 -3.431846177152343969e-01 6.543154416232383142e+00
7.100000000000000000e+01 -6.966267555053490962e-03 1.458190481655058690e+01
7.100000000000000000e+01 -1.572465142220711570e-02 5.241463357090342612e+01
7.100000000000000000e+01 -1.462648839859749354e-02 7.987566907937322469e+01
7.100000000000000000e+01 -5.974807372766097191e-02 2.804418489833641459e+01
7.100000000000000000e+01 -3.449747146787481289e-01 6.655132040923288805e+00
7.200000000000000000e+01 -5.496869537897221270e-03 1.419890967966343531e+01
7.200000000000000000e+01 -1.606210733776464172e-02 5.216789653004975946e+01
7.200000000000000000e+01 -1.480232786887723459e-02 7.946386935428522236e+01
7.200000000000000000e+01 -6.076359319776772350e-02 2.787417410409268825e+01
7.200000000000000000e+01 -3.468633561490450656e-01 6.769412961824222918e+00
7.300000000000000000e+01 -3.939058292199654719e-03 1.383402564474904750e+01
7.300000000000000000e+01 -1.639423497523139969e-02 5.192279350817096883e+01
7.300000000000000000e+01 -1.497922671967816949e-02 7.905175277480658735e+01
7.300000000000000000e+01 -6.174434762687103229e-02 2.770054870305294159e+01
7.300000000000000000e+01 -3.488351736488103372e-01 6.887130189404486735e+00
7.400000000000000000e+01 -2.264100750362089097e-03 1.348649857738904423e+01
7.400000000000000000e+01 -1.672118596466212401e-02 5.167888335923839094e+01
7.400000000000000000e+01 -1.515747753353735051e-02 7.864084667173409571e+01
7.400000000000000000e+01 -6.269018280695051737e-02 2.752369545048593835e+01
7.400000000000000000e+01 -3.509443056967161967e-01 7.008301790400081721e+00
7.500000000000000000e+01 -4.354537396115756853e-04 1.315517241875974008e+01
7.500000000000000000e+01 -1.704341736616445113e-02 5.143552989686899224e+01
7.500000000000000000e+01 -1.533727272894311495e-02 7.823194584010798280e+01
7.500000000000000000e+01 -6.360081984180705750e-02 2.734378189942663795e+01
7.500000000000000000e+01 -3.532417839717983399e-01 7.132981699507022100e+00
7.600000000000000000e+01 1.590920377169683948e-03 1.283901872785675025e+01
7.600000000000000000e+01 -1.736129838871282652e-02 5.119216334686350933e+01
7.600000000000000000e+01 -1.551877646618496885e-02 7.782577145721941747e+01
7.600000000000000000e+01 -6.447569110877790499e-02 2.716097412305726166e+01
7.600000000000000000e+01 -3.557844549237081377e-01 7.261200182721958107e+00
7.700000000000000000e+01 3.866839588970738453e-03 1.253716959295861955e+01
7.700000000000000000e+01 -1.767510054835051345e-02 5.094827143244611989e+01
7.700000000000000000e+01 -1.570212330837094522e-02 7.742297137080345237e+01
7.700000000000000000e+01 -6.531394890439819190e-02 2.697543482285860250e+01
7.700000000000000000e+01 -3.586352324385339574e-01 7.392937097196336182e+00
7.800000000000000000e+01 6.451207879965787338e-03 1.224895617796630987e+01
7.800000000000000000e+01 -1.798498877814885821e-02 5.070339099526211157e+01
7.800000000000000000e+01 -1.588741747489245265e-02 7.702412082225241363e+01
7.800000000000000000e+01 -6.611446490434651213e-02 2.678732138289680975e+01
7.800000000000000000e+01 -3.618624347820280640e-01 7.528084711577742283e+00
7.900000000000000000e+01 9.407541205518905880e-03 1.197395166083352258e+01
7.900000000000000000e+01 -1.829101370776350238e-02 5.045710062232561199e+01
7.900000000000000000e+01 -1.607473293731248934e-02 7.662972462683123354e+01
7.900000000000000000e+01 -6.687582356563950836e-02 2.659678445239235600e+01
7.900000000000000000e+01 -3.655374518673448758e-01 7.666400509880435088e+00
8.000000000000000000e+01 1.279871649997740314e-02 1.171200930425078113e+01
8.000000000000000000e+01 -1.859310514271076548e-02 5.020901413460588003e+01
8.000000000000000000e+01 -1.626411395520234102e-02 7.624021941796110013e+01
8.000000000000000000e+01 -6.759630811640020276e-02 2.640396628546258384e+01
8.000000000000000000e+01 -3.697298329771030456e-01 7.807453604987071749e+00
8.100000000000000000e+01 1.667809111362918498e-02 1.146327934271653426e+01
8.100000000000000000e+01 -1.889106691032331128e-02 4.995877434355703883e+01
8.100000000000000000e+01 -1.645557569969665485e-02 7.585597627856310510e+01
8.100000000000000000e+01 -6.827387918869332051e-02 2.620899931095414104e+01
8.100000000000000000e+01 -3.744990367275304322e-01 7.950577326897401598e+00
8.200000000000000000e+01 2.107711645257534169e-02 1.122817957872694627e+01
8.200000000000000000e+01 -1.918457220745882486e-02 4.970604771430361524e+01
8.200000000000000000e+01 -1.664910553937424403e-02 7.547730407236429073e+01
8.200000000000000000e+01 -6.890614758070469359e-02 2.601200495222192899e+01
8.200000000000000000e+01 -3.798830331530531623e-01 8.094850593171146969e+00
8.300000000000000000e+01 2.599167049763004278e-02 1.100729462118733615e+01
8.300000000000000000e+01 -1.947315636532356148e-02 4.945051900709128034e+01
8.300000000000000000e+01 -1.684466481209953917e-02 7.510445276755017119e+01
8.300000000000000000e+01 -6.949033791346498345e-02 2.581309240059980326e+01
8.300000000000000000e+01 -3.858859365639634720e-01 8.239136079756216091e+00
8.400000000000000000e+01 3.137547906202976800e-02 1.080134032706455827e+01
8.400000000000000000e+01 -1.975657057253805970e-02 4.919237208664497985e+01
8.400000000000000000e+01 -1.704264320839989078e-02 7.473772688327467506e+01
8.400000000000000000e+01 -7.002470355962640836e-02 2.561252232550186037e+01
8.400000000000000000e+01 -3.924606964058323100e-01 8.382664546749694523e+00
8.500000000000000000e+01 3.711534216228902505e-02 1.060970857755384600e+01
8.500000000000000000e+01 -2.003384151062181234e-02 4.892880808107963020e+01
8.500000000000000000e+01 -1.724085687748101725e-02 7.437577985102737443e+01
8.500000000000000000e+01 -7.049834357119889872e-02 2.540924548730865951e+01
8.500000000000000000e+01 -3.995510009057021694e-01 8.522405953592647521e+00
8.600000000000000000e+01 4.311566328034107526e-02 1.043446280987898334e+01
8.600000000000000000e+01 -2.030290384780450777e-02 4.866460419916808178e+01
8.600000000000000000e+01 -1.744330116188173158e-02 7.402237056089522582e+01
8.600000000000000000e+01 -7.092109545330975429e-02 2.520581790874585337e+01
8.600000000000000000e+01 -4.070115933113224727e-01 8.660762548719581844e+00
8.700000000000000000e+01 4.917825260454362912e-02 1.027319698843284002e+01
8.700000000000000000e+01 -2.056351859726308559e-02 4.839452396388737299e+01
8.700000000000000000e+01 -1.764572248145169012e-02 7.367441616181771735e+01
8.700000000000000000e+01 -7.127467962864543483e-02 2.499998609885105338e+01
8.700000000000000000e+01 -4.147427765219346973e-01 8.793795587350064835e+00
8.800000000000000000e+01 5.519178672131323793e-02 1.012565745138427609e+01
8.800000000000000000e+01 -2.081489677429584559e-02 4.812066068740340086e+01
8.800000000000000000e+01 -1.785019232967919450e-02 7.333263575461485573e+01
8.800000000000000000e+01 -7.155984484619723474e-02 2.479265917519110118e+01
8.800000000000000000e+01 -4.226047134403390082e-01 8.923421771363797106e+00
8.900000000000000000e+01 6.102164980429333058e-02 9.990594642492860444e+00
8.900000000000000000e+01 -2.105504177636151678e-02 4.784231199055390960e+01
8.900000000000000000e+01 -1.805610760426256192e-02 7.299716434387717356e+01
8.900000000000000000e+01 -7.176911553929395116e-02 2.458379302805320776e+01
8.900000000000000000e+01 -4.305036003020712432e-01 9.049357355959219973e+00
9.000000000000000000e+01 6.657015870994767437e-02 9.866658592873656985e+00
9.000000000000000000e+01 -2.128222242123409269e-02 4.755921347600235549e+01
9.000000000000000000e+01 -1.826333954322847605e-02 7.266795400988110032e+01
9.000000000000000000e+01 -7.189525327651004327e-02 2.437340871824170563e+01
9.000000000000000000e+01 -4.383669362354108423e-01 9.172092760921106702e+00
