1.000000000000000000e+01 -4.173202635913029823e-05 1.116979858102758243e+02
1.000000000000000000e+01 -3.854079963228331570e-03 4.348365317886270276e+01
1.000000000000000000e+01 -4.403963367229419418e-02 4.716077363337219275e+00
1.000000000000000000e+01 -6.846812547635855797e-03 3.097621114253666263e+01
1.000000000000000000e+01 -3.726466131932891588e-03 8.766176130044489412e+01
1.000000000000000000e+01 -5.654051382597832243e-01 7.385165546294417460e+00
1.000000000000000000e+01 -1.000000000000000000e+00 4.549285831408428571e+00
1.000000000000000000e+01 -8.352781288058243048e-01 6.434146730921825430e+00
1.000000000000000000e+01 -9.917221306108601198e-01 6.880052664337608981e+00
1.000000000000000000e+01 -8.798693820447028857e-01 7.986529940310050257e+00
1.000000000000000000e+01 -1.000000000000000000e+00 7.062198926175480729e+00
1.100000000000000000e+01 -5.620778734600547649e-05 1.117605179965032391e+02
1.100000000000000000e+01 -4.220840080079849878e-03 4.346854697671412282e+01
1.100000000000000000e+01 -4.894486589076916389e-02 4.717288783257766127e+00
1.100000000000000000e+01 -7.511582184598708002e-03 3.098435088322733222e+01
1.100000000000000000e+01 -3.718362564910654509e-03 8.780763819962490402e+01
1.100000000000000000e+01 -5.680514650177800329e-01 8.078350187474613975e+00
1.100000000000000000e+01 -1.000000000000000000e+00 4.997962848028502769e+00
1.100000000000000000e+01 -8.347366956476827138e-01 7.233666627708775110e+00
1.100000000000000000e+01 -9.889082270650227935e-01 7.717990854217643637e+00
1.100000000000000000e+01 -1.000000000000000000e+00 7.775121944167032950e+00
1.100000000000000000e+01 -8.847990836052925800e-01 8.804184827104132083e+00
1.200000000000000000e+01 -7.621302505035612769e-05 1.116724377089997517e+02
1.200000000000000000e+01 -4.597031230182199377e-03 4.344391672362282719e+01
1.200000000000000000e+01 -5.389499796998527964e-02 4.718391059508150853e+00
1.200000000000000000e+01 -8.207889428491682571e-03 3.099048673477008720e+01
1.200000000000000000e+01 -3.744254224041318729e-03 8.791840551262531278e+01
1.200000000000000000e+01 -5.707516086125489219e-01 8.779832961104384381e+00
1.200000000000000000e+01 -1.000000000000000000e+00 5.445759018132531715e+00
1.200000000000000000e+01 -8.548374326168292070e-01 7.766001842044189196e+00
1.300000000000000000e+01 -1.027285171293530752e-04 1.114421719587143684e+02
1.300000000000000000e+01 -4.982040960506851218e-03 4.341048887100132703e+01
1.300000000000000000e+01 -8.932978059659209269e-03 3.099503118673597513e+01
1.300000000000000000e+01 -5.889105799032328531e-02 4.719423327931735912e+00
1.300000000000000000e+01 -3.796537113961011636e-03 8.800379681350599981e+01
1.300000000000000000e+01 -5.716445376145590229e-01 9.493489556870139623e+00
1.300000000000000000e+01 -1.000000000000000000e+00 5.891485363581708157e+00
1.300000000000000000e+01 -8.721713579907763858e-01 8.288043029752429902e+00
1.400000000000000000e+01 -1.366810031788784807e-04 1.110716637819157313e+02
1.400000000000000000e+01 -5.375295200178469707e-03 4.336845188938359286e+01
1.400000000000000000e+01 -9.684806949406772614e-03 3.099824844636502874e+01
1.400000000000000000e+01 -6.393325230237514867e-02 4.720416242388584926e+00
1.400000000000000000e+01 -3.869710939004694910e-03 8.807022395801733694e+01
1.400000000000000000e+01 -5.723138998450707504e-01 1.021012636352756964e+01
1.400000000000000000e+01 -1.000000000000000000e+00 6.335471486762065396e+00
1.400000000000000000e+01 -8.838787716614873169e-01 8.929491573690185646e+00
1.500000000000000000e+01 -1.788534135039891368e-04 1.105595243028520258e+02
1.500000000000000000e+01 -5.775896881861264549e-03 4.331766233108728414e+01
1.500000000000000000e+01 -1.046182619960222757e-02 3.100030690879178863e+01
1.500000000000000000e+01 -6.902148209889945318e-02 4.721395752330638018e+00
1.500000000000000000e+01 -3.959906469530324359e-03 8.812196305227675452e+01
1.500000000000000000e+01 -5.732041005787250620e-01 1.092436483596292263e+01
1.500000000000000000e+01 -1.000000000000000000e+00 6.778117348266519571e+00
1.600000000000000000e+01 -2.297818412225011099e-04 1.099031434762754600e+02
1.600000000000000000e+01 -6.183165888535031157e-03 4.325774223295218945e+01
1.600000000000000000e+01 -1.126296082036505955e-02 3.100130206146885214e+01
1.600000000000000000e+01 -7.415567286691190918e-02 4.722387648786324554e+00
1.600000000000000000e+01 -4.063927308603993219e-03 8.816188556022493117e+01
1.600000000000000000e+01 -5.745676384563042083e-01 1.162228761189063775e+01
1.600000000000000000e+01 -1.000000000000000000e+00 7.219486250322239229e+00
1.700000000000000000e+01 -2.896919350914186459e-04 1.091001631231835347e+02
1.700000000000000000e+01 -6.596391914745248358e-03 4.318811612840799796e+01
1.700000000000000000e+01 -4.179017195833359226e-03 8.819191580940795916e+01
1.700000000000000000e+01 -1.208742903013965836e-02 3.100127528342831340e+01
1.700000000000000000e+01 -7.933589718965759763e-02 4.723419942083858736e+00
1.700000000000000000e+01 -5.782023205049813264e-01 1.231382380208332705e+01
1.700000000000000000e+01 -1.000000000000000000e+00 7.659727591842564465e+00
1.800000000000000000e+01 -3.585727940243987845e-04 1.081495017502946467e+02
1.800000000000000000e+01 -7.014758511847721603e-03 4.310803803109254062e+01
1.800000000000000000e+01 -4.302869116449320637e-03 8.821328969381062279e+01
1.800000000000000000e+01 -8.456240168033822557e-02 4.724523595605292670e+00
1.800000000000000000e+01 -1.293462893040815860e-02 3.100023311703479578e+01
1.800000000000000000e+01 -5.808578329638822701e-01 1.305409830995104237e+01
1.900000000000000000e+01 -4.363320134654916299e-04 1.070520418925367210e+02
1.900000000000000000e+01 -7.437493532630078813e-03 4.301660737720904137e+01
1.900000000000000000e+01 -4.433321965709611720e-03 8.822671570614826919e+01
1.900000000000000000e+01 -8.983558696981366887e-02 4.725732340209749083e+00
1.900000000000000000e+01 -1.380411823810231975e-02 3.099815831651433840e+01
2.000000000000000000e+01 -5.226370435588732549e-04 1.058110937822078483e+02
2.000000000000000000e+01 -7.863555646029418700e-03 4.291276786942634658e+01
2.000000000000000000e+01 -4.568479359315671257e-03 8.823238054461813817e+01
2.000000000000000000e+01 -9.515596645262040798e-02 4.727081994191823178e+00
2.000000000000000000e+01 -1.469567620945470485e-02 3.099501910118279469e+01
2.100000000000000000e+01 -6.179865554165154618e-04 1.044325268757998373e+02
2.100000000000000000e+01 -8.291790010080332674e-03 4.279531889662361266e+01
2.100000000000000000e+01 -4.706075333049517320e-03 8.823004428993004922e+01
2.100000000000000000e+01 -1.005240919354159906e-01 4.728610833425234361e+00
2.100000000000000000e+01 -1.560923430838789296e-02 3.099077141013777492e+01
2.200000000000000000e+01 -7.231348590893841091e-04 1.029250240554574418e+02
2.200000000000000000e+01 -8.720840339801395891e-03 4.266290799429816616e+01
2.200000000000000000e+01 -4.842947944081341972e-03 8.821885649346505431e+01
2.200000000000000000e+01 -1.059405782539133561e-01 4.730355118656826008e+00
2.200000000000000000e+01 -1.654494917958172079e-02 3.098535741086477557e+01
2.300000000000000000e+01 -8.405009790141813484e-04 1.013001415571610409e+02
2.300000000000000000e+01 -9.149053043309396741e-03 4.251402393724937667e+01
2.300000000000000000e+01 -4.974777303429753217e-03 8.819713243624531174e+01
2.300000000000000000e+01 -1.114059305083485024e-01 4.732354451529548811e+00
2.300000000000000000e+01 -1.750315794027803781e-02 3.097871047032203506e+01
2.400000000000000000e+01 -9.755593401682286295e-04 9.957266562775582486e+01
2.400000000000000000e+01 -9.574459549301533520e-03 4.234699180061976875e+01
2.400000000000000000e+01 -5.094440461112910434e-03 8.816180419029423376e+01
2.400000000000000000e+01 -1.169205470596114821e-01 4.734648345020592508e+00
2.400000000000000000e+01 -1.848440745974485461e-02 3.097075100646939916e+01
2.500000000000000000e+01 -1.146355914860685415e-03 9.769079697430815656e+01
2.500000000000000000e+01 -9.999360215281418232e-03 4.215557151189847929e+01
2.500000000000000000e+01 -5.186894489178154634e-03 8.810413598890785636e+01
2.500000000000000000e+01 -1.224349952492625460e-01 4.740512498118733653e+00
2.500000000000000000e+01 -1.949585559982738511e-02 3.096127167011947634e+01
2.600000000000000000e+01 -1.371692201019480669e-03 9.581051702109773771e+01
2.600000000000000000e+01 -1.041163172497014226e-02 4.194512072348229736e+01
2.600000000000000000e+01 -5.224377851564478321e-03 8.801692342138693448e+01
2.600000000000000000e+01 -1.280281918445962952e-01 4.744374677431648202e+00
2.600000000000000000e+01 -2.052700150102079041e-02 3.095036265422605481e+01
2.700000000000000000e+01 -1.725117330166257368e-03 9.391411328115768242e+01
2.700000000000000000e+01 -1.081192067064104187e-02 4.171008960666751619e+01
2.700000000000000000e+01 -5.136733869803611179e-03 8.787217724705269006e+01
2.700000000000000000e+01 -1.336642568672814224e-01 4.748835354494228334e+00
2.700000000000000000e+01 -2.158464130029483924e-02 3.093780479911773895e+01
2.800000000000000000e+01 -2.389930122766075263e-03 9.208404606922930213e+01
2.800000000000000000e+01 -4.740841087927624362e-03 8.760382198810435739e+01
2.800000000000000000e+01 -1.119571691388088902e-02 4.144803076786921991e+01
2.800000000000000000e+01 -1.393407420668489050e-01 4.753981592158632807e+00
2.800000000000000000e+01 -2.267069933933689441e-02 3.092344664306822466e+01
2.900000000000000000e+01 -3.679127736894777321e-03 8.703588250614380684e+01
2.900000000000000000e+01 -3.724456337133369953e-03 9.051378868293818414e+01
2.900000000000000000e+01 -1.155739914727094836e-02 4.115637836261322491e+01
2.900000000000000000e+01 -1.450552276257061624e-01 4.759865817615443362e+00
2.900000000000000000e+01 -2.378759155692487803e-02 3.090710963744910700e+01
3.000000000000000000e+01 -2.263870867756784689e-03 8.589030862536780830e+01
3.000000000000000000e+01 -5.417888622232937094e-03 8.949892102133284766e+01
3.000000000000000000e+01 -1.189013808748635818e-02 4.083241671034764408e+01
3.000000000000000000e+01 -1.508039154176376850e-01 4.766580668521473108e+00
3.000000000000000000e+01 -2.493846732200748553e-02 3.088857755441548747e+01
3.100000000000000000e+01 -1.571015405360351880e-03 8.422506574850274319e+01
3.100000000000000000e+01 -1.218559768303982722e-02 4.047337918343035312e+01
3.100000000000000000e+01 -6.396515586389274130e-03 8.899849541518220519e+01
3.100000000000000000e+01 -1.565823685687865452e-01 4.774212985573539569e+00
3.100000000000000000e+01 -2.612742817517703722e-02 3.086758979654228696e+01
3.200000000000000000e+01 -1.401204088720714230e-03 8.230676671041265990e+01
3.200000000000000000e+01 -1.243657279060812228e-02 4.007289199883659592e+01
3.200000000000000000e+01 -6.865460830923914189e-03 8.873540421275633605e+01
3.200000000000000000e+01 -1.623140414296961598e-01 4.785782018730011522e+00
3.200000000000000000e+01 -2.736440223897328508e-02 3.084374552993688923e+01
3.300000000000000000e+01 -1.420795094889316110e-03 8.034206371226711951e+01
3.300000000000000000e+01 -1.262465263936751389e-02 3.963458741677781916e+01
3.300000000000000000e+01 -7.157217665904078846e-03 8.857061809361557891e+01
3.300000000000000000e+01 -1.681148060655530685e-01 4.796163143528447748e+00
3.300000000000000000e+01 -2.864753630398029008e-02 3.081677315654689764e+01
3.400000000000000000e+01 -1.514576653629114492e-03 7.838106077836714292e+01
3.400000000000000000e+01 -1.273783515540912077e-02 3.915339176574191526e+01
3.400000000000000000e+01 -7.393711904648133174e-03 8.844551933646084763e+01
3.400000000000000000e+01 -1.739219894410612144e-01 4.807861314784195983e+00
3.400000000000000000e+01 -2.998942554528702745e-02 3.078609073161487686e+01
3.500000000000000000e+01 -1.651733862877775155e-03 7.646056753216852542e+01
3.500000000000000000e+01 -1.275804701859504370e-02 3.862756186379423440e+01
3.500000000000000000e+01 -7.610712699632219726e-03 8.833746290736192464e+01
3.500000000000000000e+01 -1.797266190783451956e-01 4.820997652860098626e+00
3.500000000000000000e+01 -3.140127734010686456e-02 3.075101100150422440e+01
3.600000000000000000e+01 -1.825177150556373668e-03 7.460388298858926248e+01
3.600000000000000000e+01 -1.266344402098317987e-02 3.805618289131446375e+01
3.600000000000000000e+01 -7.820472792263740910e-03 8.823566031596200787e+01
3.600000000000000000e+01 -1.855185368804213863e-01 4.835702550810048628e+00
3.600000000000000000e+01 -3.289769919646025331e-02 3.071059925817403169e+01
3.700000000000000000e+01 -2.035248540622611266e-03 7.282750774548981099e+01
3.700000000000000000e+01 -1.242765881905960601e-02 3.743954937909763458e+01
3.700000000000000000e+01 -8.027594661857083772e-03 8.813425168505669660e+01
3.700000000000000000e+01 -1.912867410564974557e-01 4.852103277909286305e+00
3.700000000000000000e+01 -3.449766928960790180e-02 3.066353824667343630e+01
3.800000000000000000e+01 -2.284382469318228977e-03 7.114337784963183253e+01
3.800000000000000000e+01 -1.201922376264715278e-02 3.677958930107730140e+01
3.800000000000000000e+01 -8.233889741258909600e-03 8.802965884178230738e+01
3.800000000000000000e+01 -1.970189265298933068e-01 4.870340224826359865e+00
3.800000000000000000e+01 -3.622543581148286035e-02 3.060789278725325246e+01
3.900000000000000000e+01 -2.574907328490585404e-03 6.955985886824912257e+01
3.900000000000000000e+01 -1.140222594947271767e-02 3.608048266527359260e+01
3.900000000000000000e+01 -8.440038035022395108e-03 8.791946802166145858e+01
3.900000000000000000e+01 -2.027018193533999535e-01 4.890555734891834483e+00
3.900000000000000000e+01 -3.811014763353718499e-02 3.054069833632823006e+01
4.000000000000000000e+01 -2.907951766392893357e-03 6.808213815564424465e+01
4.000000000000000000e+01 -1.054171842757917719e-02 3.534950608366554548e+01
4.000000000000000000e+01 -8.646226363711982318e-03 8.780190584236008533e+01
4.000000000000000000e+01 -2.083211746382688800e-01 4.912895807910517831e+00
4.000000000000000000e+01 -4.018075342344375189e-02 3.045723161783825716e+01
4.100000000000000000e+01 -3.285800972522975958e-03 6.670428764157954049e+01
4.100000000000000000e+01 -9.419938276608863514e-03 3.459417157110823382e+01
4.100000000000000000e+01 -8.853538018663007977e-03 8.767468419744584196e+01
4.100000000000000000e+01 -2.137819721950224849e-01 4.939849443795192308e+00
4.100000000000000000e+01 -4.245138843088554909e-02 3.034941579572229386e+01
4.200000000000000000e+01 -3.700677876584972451e-03 6.544258449900699759e+01
4.200000000000000000e+01 -8.112100034185946301e-03 3.383990314859686777e+01
4.200000000000000000e+01 -9.059709017849568169e-03 8.753829798882377133e+01
4.200000000000000000e+01 -2.192143114008510696e-01 4.967225442418905956e+00
4.200000000000000000e+01 -4.484043940510167026e-02 3.020528276043141958e+01
4.300000000000000000e+01 -6.900064823050223485e-03 3.310750897912195256e+01
4.300000000000000000e+01 -4.150574162828601053e-03 6.428616055944135610e+01
4.300000000000000000e+01 -9.265535813248104366e-03 8.739100117338858809e+01
4.300000000000000000e+01 -2.245349660712259721e-01 4.997188818557007473e+00
4.300000000000000000e+01 -4.706613987962612877e-02 3.000602188715205898e+01
4.400000000000000000e+01 -6.456594339666946875e-03 3.242585407404108366e+01
4.400000000000000000e+01 -4.629775269252046910e-03 6.323053700343699290e+01
4.400000000000000000e+01 -9.470795803793624276e-03 8.723194572965594773e+01
4.400000000000000000e+01 -2.297277059757977802e-01 5.029878734425933473e+00
4.400000000000000000e+01 -4.845686037667730484e-02 2.972882450801368748e+01
4.500000000000000000e+01 -7.783760272520436584e-03 3.182356996798122495e+01
4.500000000000000000e+01 -5.131731558869048748e-03 6.226982655614555284e+01
4.500000000000000000e+01 -9.675284919949827395e-03 8.706039572066443100e+01
4.500000000000000000e+01 -2.347764246453489523e-01 5.065428126327108593e+00
4.500000000000000000e+01 -4.801436072877463684e-02 2.935112431495091911e+01
4.600000000000000000e+01 -5.649536956221523978e-03 6.139717685492404087e+01
4.600000000000000000e+01 -1.157345633415608234e-02 3.133116296483212082e+01
4.600000000000000000e+01 -9.878843801212955356e-03 8.687573178818838926e+01
4.600000000000000000e+01 -2.396650608886054246e-01 5.103964811459673179e+00
4.600000000000000000e+01 -4.505157013824612200e-02 2.884959590641156524e+01
4.700000000000000000e+01 -6.339577274726802825e-03 6.059117381230475985e+01
4.700000000000000000e+01 -1.845408388638606137e-02 3.157267055543234946e+01
4.700000000000000000e+01 -1.008498146547759551e-02 8.667837380301278927e+01
4.700000000000000000e+01 -3.516752180391721078e-02 2.773822048108639038e+01
4.700000000000000000e+01 -2.067787572599467105e-01 5.099125870890309997e+00
4.800000000000000000e+01 -6.707836477434449621e-03 5.988634613473746526e+01
4.800000000000000000e+01 -2.259464373277345062e-02 3.074055106706073914e+01
4.800000000000000000e+01 -1.028198193751994963e-02 8.646512764191497524e+01
4.800000000000000000e+01 -3.552778041391223274e-02 2.744726425526159730e+01
4.800000000000000000e+01 -2.489069342717934730e-01 5.190414737955407531e+00
4.900000000000000000e+01 -7.237793600428858720e-03 5.923315958387051694e+01
4.900000000000000000e+01 -2.703770419854060331e-02 3.057561002013074614e+01
4.900000000000000000e+01 -3.176689154426039219e-02 2.662798886114047647e+01
4.900000000000000000e+01 -1.048115327980862939e-02 8.623851134319612299e+01
4.900000000000000000e+01 -2.532361077898787616e-01 5.238501658420401164e+00
5.000000000000000000e+01 -7.762456292002605299e-03 5.863848933453478196e+01
5.000000000000000000e+01 -2.891872286783430182e-02 2.579059101633827567e+01
5.000000000000000000e+01 -1.067877537312595521e-02 8.599743061206243055e+01
5.000000000000000000e+01 -3.053203814116470238e-02 3.044330008678087651e+01
5.000000000000000000e+01 -2.573547101421402306e-01 5.289940470700925879e+00
5.100000000000000000e+01 -8.278691744054210086e-03 5.809562840359071600e+01
5.100000000000000000e+01 -2.670488550736574082e-02 2.495683710464945193e+01
5.100000000000000000e+01 -1.087469768302472446e-02 8.574183437343381797e+01
5.100000000000000000e+01 -3.336167688907364093e-02 3.032559257033828004e+01
5.100000000000000000e+01 -2.612561184189675645e-01 5.344772785698452822e+00
5.200000000000000000e+01 -8.784198506749774094e-03 5.759842212519235716e+01
5.200000000000000000e+01 -2.491193889190483277e-02 2.413837077602643433e+01
5.200000000000000000e+01 -1.106862726053908265e-02 8.547188415707425690e+01
5.200000000000000000e+01 -3.574364612089638016e-02 3.021402587448575972e+01
5.200000000000000000e+01 -2.649352053699964293e-01 5.403027070082639050e+00
5.300000000000000000e+01 -9.277797953193443400e-03 5.714124143778702347e+01
5.300000000000000000e+01 -2.340202934086445599e-02 2.334196775668391766e+01
5.300000000000000000e+01 -1.126067186811411866e-02 8.518781717916459684e+01
5.300000000000000000e+01 -3.781864686255600322e-02 3.010432778885353855e+01
5.300000000000000000e+01 -2.683894274421803061e-01 5.464713600156995810e+00
5.400000000000000000e+01 -2.208764351403160256e-02 2.257182052540260742e+01
5.400000000000000000e+01 -9.758637004928072400e-03 5.671902432595173593e+01
5.400000000000000000e+01 -1.145082163728139597e-02 8.489002896450533342e+01
5.400000000000000000e+01 -3.967622807823414227e-02 2.999414637536344230e+01
5.400000000000000000e+01 -2.716189524708257363e-01 5.529824684977790561e+00
5.500000000000000000e+01 -2.091238145958543987e-02 2.183054257388134900e+01
5.500000000000000000e+01 -1.022636882460707664e-02 5.632724435602047208e+01
5.500000000000000000e+01 -1.163911332871138404e-02 8.457904559608965656e+01
5.500000000000000000e+01 -4.137448682654008836e-02 2.988209235833776845e+01
5.500000000000000000e+01 -2.746266561986782651e-01 5.598336242157677667e+00
5.600000000000000000e+01 -1.983915586271910170e-02 2.111967268727825697e+01
5.600000000000000000e+01 -1.068102588594159463e-02 5.596187641746434593e+01
5.600000000000000000e+01 -1.182562165333647490e-02 8.425551678846792925e+01
5.600000000000000000e+01 -4.295215634464911308e-02 2.976730564211739960e+01
5.600000000000000000e+01 -2.774180378351839282e-01 5.670210087940314558e+00
5.700000000000000000e+01 -1.884321180144404514e-02 2.043996540708949539e+01
5.700000000000000000e+01 -1.112291721191462079e-02 5.561935542818011413e+01
5.700000000000000000e+01 -1.201045682304719558e-02 8.392020443833543197e+01
5.700000000000000000e+01 -4.443576822233719081e-02 2.964924146314419318e+01
5.700000000000000000e+01 -2.800010598519441229e-01 5.745396961284548354e+00
5.800000000000000000e+01 -1.790789863226736195e-02 1.979158083535250512e+01
5.800000000000000000e+01 -1.155254700481740844e-02 5.529653267503918812e+01
5.800000000000000000e+01 -1.219376159871952449e-02 8.357396833562654592e+01
5.800000000000000000e+01 -4.584394475976728833e-02 2.952755634312779875e+01
5.800000000000000000e+01 -2.823859384596495437e-01 5.823840027125724461e+00
5.900000000000000000e+01 -1.702198925332152127e-02 1.917422109086186310e+01
5.900000000000000000e+01 -1.197054987285086670e-02 5.499063235139418282e+01
5.900000000000000000e+01 -1.237570737077261715e-02 8.321774962429705624e+01
5.900000000000000000e+01 -4.719003422343034937e-02 2.940204288471189997e+01
5.900000000000000000e+01 -2.845848913884966858e-01 5.905478909374057395e+00
6.000000000000000000e+01 -1.617788702121016747e-02 1.858723598512846920e+01
6.000000000000000000e+01 -1.237764012104155056e-02 5.469921050133549301e+01
6.000000000000000000e+01 -1.255648990400231972e-02 8.285255319423798426e+01
6.000000000000000000e+01 -4.848377363010858421e-02 2.927258990667692728e+01
6.000000000000000000e+01 -2.866118880967488125e-01 5.990253672019921538e+00
6.100000000000000000e+01 -1.537035070733235032e-02 1.802970711898612066e+01
6.100000000000000000e+01 -1.277457345783096498e-02 5.442011663272157307e+01
6.100000000000000000e+01 -1.273632457729337135e-02 8.247942926208054359e+01
6.100000000000000000e+01 -4.973236524560922106e-02 2.913915673390674499e+01
6.100000000000000000e+01 -2.884824021314938425e-01 6.078108987532144347e+00
6.200000000000000000e+01 -1.459551480503311870e-02 1.750027957807075651e+01
6.200000000000000000e+01 -1.316125427515001979e-02 5.415111192641363402e+01
6.200000000000000000e+01 -1.291496256233437730e-02 8.209943725427935135e+01
6.200000000000000000e+01 -5.093972652031045212e-02 2.900169623358830151e+01
6.200000000000000000e+01 -2.902322500548377704e-01 6.168336226945103640e+00
6.300000000000000000e+01 -1.384992702084320015e-02 1.699821204088765825e+01
6.300000000000000000e+01 -1.354091484298514114e-02 5.389141423267410858e+01
6.300000000000000000e+01 -1.309394204017300112e-02 8.171358128185735836e+01
6.300000000000000000e+01 -5.211402094598018009e-02 2.886038219527844717e+01
6.300000000000000000e+01 -2.918249972903125822e-01 6.262735195513370989e+00
6.400000000000000000e+01 -1.313100101647448996e-02 1.652192189190902027e+01
6.400000000000000000e+01 -1.391262205274473515e-02 5.363904519185445707e+01
6.400000000000000000e+01 -1.327266992942205577e-02 8.132309995267867464e+01
6.400000000000000000e+01 -5.325548817930085554e-02 2.871525309438421303e+01
6.400000000000000000e+01 -2.933184845135349827e-01 6.360034330144161530e+00
6.500000000000000000e+01 -1.243490868705644792e-02 1.606997045248719758e+01
6.500000000000000000e+01 -1.427705064847862096e-02 5.339269454856075470e+01
6.500000000000000000e+01 -1.345137274036450718e-02 8.092905164299358489e+01
6.500000000000000000e+01 -5.436637918729327751e-02 2.856641245219316971e+01
6.500000000000000000e+01 -2.947328437822609448e-01 6.460219539529211907e+00
6.600000000000000000e+01 -1.175615786903530698e-02 1.564071935472879638e+01
6.600000000000000000e+01 -1.463332659363245601e-02 5.315075292542050533e+01
6.600000000000000000e+01 -1.362957553563098542e-02 8.053263368373661990e+01
6.600000000000000000e+01 -5.544606497129600520e-02 2.841393801691304333e+01
6.600000000000000000e+01 -2.961132839896076785e-01 6.562449425227600663e+00
6.700000000000000000e+01 -1.108865461104727168e-02 1.523292322283260880e+01
6.700000000000000000e+01 -1.498484847582083439e-02 5.291295018581224241e+01
6.700000000000000000e+01 -1.380872998633230625e-02 8.013440111595126325e+01
6.700000000000000000e+01 -5.649984317869286704e-02 2.825799690560631561e+01
6.700000000000000000e+01 -2.974357594868525245e-01 6.668339476154518941e+00
6.800000000000000000e+01 -1.042360583917858671e-02 1.484511371847747618e+01
6.800000000000000000e+01 -1.533110474907533119e-02 5.267813866979270188e+01
6.800000000000000000e+01 -1.398858840883013266e-02 7.973550080920962557e+01
6.800000000000000000e+01 -5.752688919583349297e-02 2.809873707600567272e+01
6.800000000000000000e+01 -2.987432999258868849e-01 6.777340841134597227e+00
6.900000000000000000e+01 -9.749319917081186379e-03 1.447588635258644985e+01
6.900000000000000000e+01 -1.567263595131998880e-02 5.244553293922820103e+01
6.900000000000000000e+01 -1.416935487091024529e-02 7.933681161538191873e+01
6.900000000000000000e+01 -5.852766399542697756e-02 2.793630964885630874e+01
6.900000000000000000e+01 -3.000623409228216909e-01 6.889548365032521993e+00
7.000000000000000000e+01 -9.050314397412741879e-03 1.412387617457703293e+01
7.000000000000000000e+01 -1.600992713238760801e-02 5.221443514523347318e+01
7.000000000000000000e+01 -1.435121438974303054e-02 7.893915051187249787e+01
7.000000000000000000e+01 -5.950233516441113396e-02 2.777086807414255887e+01
7.000000000000000000e+01 -3.014222380404851243e-01 7.005084144501851462e+00
7.100000000000000000e+01 -8.302870374544841711e-03 1.378608988456854867e+01
7.100000000000000000e+01 -1.634397294984381299e-02 5.198300924901213449e+01
7.100000000000000000e+01 -1.453356969591696260e-02 7.854090592870515763e+01
7.100000000000000000e+01 -6.044878970890702613e-02 2.760173881383918371e+01
7.100000000000000000e+01 -3.028373157672599736e-01 7.123997922883905431e+00
7.200000000000000000e+01 -7.488325683684901764e-03 1.346506143308162606e+01
7.200000000000000000e+01 -1.667405759801730489e-02 5.175337608296349856e+01
7.200000000000000000e+01 -1.471825459762186351e-02 7.814796985666393425e+01
7.200000000000000000e+01 -6.137117191547677986e-02 2.743089585974442457e+01
7.200000000000000000e+01 -3.043853336390861530e-01 7.246757479114898537e+00
7.300000000000000000e+01 -6.566301787311569320e-03 1.315714590574149945e+01
7.300000000000000000e+01 -1.700003779118496039e-02 5.152294133552769040e+01
7.300000000000000000e+01 -1.490376593455626508e-02 7.775798334491571495e+01
7.300000000000000000e+01 -6.226450581524471672e-02 2.725731859542786140e+01
7.300000000000000000e+01 -3.061042078014306611e-01 7.372696603145471705e+00
7.400000000000000000e+01 -5.498151790347851134e-03 1.286263466971295877e+01
7.400000000000000000e+01 -1.732466847750729205e-02 5.129377441590978748e+01
7.400000000000000000e+01 -1.509275783390288256e-02 7.737259988449798698e+01
7.400000000000000000e+01 -6.313523535598677960e-02 2.708195350689252479e+01
7.400000000000000000e+01 -3.080134151350980010e-01 7.504132473014263560e+00
7.500000000000000000e+01 -4.220142830647124511e-03 1.257832988920172212e+01
7.500000000000000000e+01 -1.764569957421277535e-02 5.106201298795287613e+01
7.500000000000000000e+01 -1.528201713610452712e-02 7.698987687280579451e+01
7.500000000000000000e+01 -6.397304116884151848e-02 2.690361127612175096e+01
7.500000000000000000e+01 -3.102020338593410864e-01 7.638961734498717071e+00
7.600000000000000000e+01 -2.666358064385223464e-03 1.230477995624409715e+01
7.600000000000000000e+01 -1.796317513653371972e-02 5.082862395547508783e+01
7.600000000000000000e+01 -1.547260001525624026e-02 7.661210568799309328e+01
7.600000000000000000e+01 -6.477980020069963596e-02 2.672316601130643576e+01
7.600000000000000000e+01 -3.127507900567255139e-01 7.777799966630487560e+00
7.700000000000000000e+01 -7.504199480540343654e-04 1.204115198511050799e+01
7.700000000000000000e+01 -1.827837358844492527e-02 5.059361212913669448e+01
7.700000000000000000e+01 -1.566517006716636184e-02 7.623888266345645093e+01
7.700000000000000000e+01 -6.555546026045561137e-02 2.654059726689932219e+01
7.700000000000000000e+01 -3.157337035267200887e-01 7.921388099675094274e+00
7.800000000000000000e+01 1.627304582990214687e-03 1.178729978098396991e+01
7.800000000000000000e+01 -1.859048482892303178e-02 5.035644229423565577e+01
7.800000000000000000e+01 -1.585937382465188103e-02 7.587081237479007711e+01
7.800000000000000000e+01 -6.629736109315011172e-02 2.635604071437796136e+01
7.800000000000000000e+01 -3.192616034245755463e-01 8.069227760073369282e+00
7.900000000000000000e+01 4.574038307785509641e-03 1.154341425221340067e+01
7.900000000000000000e+01 -1.889925021053724327e-02 5.011678286378850800e+01
7.900000000000000000e+01 -1.605515663347611630e-02 7.550812313671916343e+01
7.900000000000000000e+01 -6.700331257498233495e-02 2.616957138529050297e+01
7.900000000000000000e+01 -3.234435168221338475e-01 8.220841894787467297e+00
8.000000000000000000e+01 8.189151124400330731e-03 1.131021022370684470e+01
8.000000000000000000e+01 -1.920432055235388874e-02 4.987431227346147722e+01
8.000000000000000000e+01 -1.625244097888621508e-02 7.515098845734158317e+01
8.000000000000000000e+01 -6.767076878430149101e-02 2.598124790460589750e+01
8.000000000000000000e+01 -3.283799745240367218e-01 8.375310421930759475e+00
8.100000000000000000e+01 1.255202917212153158e-02 1.108904039828818355e+01
8.100000000000000000e+01 -1.950596472605265266e-02 4.962960657225833216e+01
8.100000000000000000e+01 -1.645201065051016265e-02 7.479964596247852171e+01
8.100000000000000000e+01 -6.829935259712327511e-02 2.579138459544689965e+01
8.100000000000000000e+01 -3.341407276994997622e-01 8.532058882881608852e+00
8.200000000000000000e+01 1.765415763945125949e-02 1.088144810709553667e+01
8.200000000000000000e+01 -1.980251120729037070e-02 4.938149138021624651e+01
8.200000000000000000e+01 -1.665278616884651244e-02 7.445432963380797275e+01
8.200000000000000000e+01 -6.888331021561540368e-02 2.559983061809881377e+01
8.200000000000000000e+01 -3.407362974036979852e-01 8.688222545977513533e+00
8.300000000000000000e+01 2.341753930800351616e-02 1.068896900441420428e+01
8.300000000000000000e+01 -2.009361137975546399e-02 4.913008566691330969e+01
8.300000000000000000e+01 -1.685507460089312459e-02 7.411504143748163642e+01
8.300000000000000000e+01 -6.942000322224561870e-02 2.540670433670194583e+01
8.300000000000000000e+01 -3.480911782219515693e-01 8.842170100815827993e+00
8.400000000000000000e+01 2.964864166041442789e-02 1.051245603708817811e+01
8.400000000000000000e+01 -2.037795182676013783e-02 4.887430801497477262e+01
8.400000000000000000e+01 -1.705801642330540338e-02 7.378152404734390757e+01
8.400000000000000000e+01 -6.990260504795367535e-02 2.521170792938995930e+01
8.400000000000000000e+01 -3.560356789685389933e-01 8.991398358061871932e+00
8.500000000000000000e+01 3.615314374516653134e-02 1.035221617535996685e+01
8.500000000000000000e+01 -2.065513239154740527e-02 4.861508137469817115e+01
8.500000000000000000e+01 -1.726257457959462158e-02 7.345412923478410505e+01
8.500000000000000000e+01 -7.032981847138441989e-02 2.501528183802207295e+01
8.500000000000000000e+01 -3.643831422728734948e-01 9.135787449094564749e+00
8.600000000000000000e+01 4.269102868431580433e-02 1.020742605383561319e+01
8.600000000000000000e+01 -2.092367241561827670e-02 4.835174354778848738e+01
8.600000000000000000e+01 -1.746823183074911953e-02 7.313272179639153592e+01
8.600000000000000000e+01 -7.069479096768560566e-02 2.481727310722175872e+01
8.600000000000000000e+01 -3.729223775838424459e-01 9.274596483584156559e+00
8.700000000000000000e+01 4.910464936553166071e-02 1.007694441263803142e+01
8.700000000000000000e+01 -2.118220595362019232e-02 4.808512157943496135e+01
8.700000000000000000e+01 -1.767572856967909029e-02 7.281773690186534509e+01
8.700000000000000000e+01 -7.099476941958834941e-02 2.461813100286467915e+01
8.700000000000000000e+01 -3.815080387977346499e-01 9.408929630648243503e+00
8.800000000000000000e+01 5.519726863279701690e-02 9.958736647948374099e+00
8.800000000000000000e+01 -2.142894617299502188e-02 4.781352391974944993e+01
8.800000000000000000e+01 -1.788372646071574590e-02 7.250846006512426811e+01
8.800000000000000000e+01 -7.121762576934398403e-02 2.441720944236796598e+01
8.800000000000000000e+01 -3.899846967258707164e-01 9.538446634368053623e+00
8.900000000000000000e+01 6.089574275920599938e-02 9.851213638116423255e+00
8.900000000000000000e+01 -2.166215074804129712e-02 4.753738266277706970e+01
8.900000000000000000e+01 -1.809264837455527505e-02 7.220509047638094557e+01
8.900000000000000000e+01 -7.135723554619710640e-02 2.421475885472458245e+01
8.900000000000000000e+01 -3.982949906079171765e-01 9.664636224439590251e+00
