1.000000000000000000e+01 1.152114892449725336e-06 5.402810999999999586e-01 2.609967574674143596e-04
1.100000000000000000e+01 1.398234716217582596e-06 5.402810999999999586e-01 3.164652115902074183e-04
1.200000000000000000e+01 1.669476806164317191e-06 5.402810999999999586e-01 3.774801088949247862e-04
1.300000000000000000e+01 1.966320696366454648e-06 5.402810000000000112e-01 4.441162480012398120e-04
1.400000000000000000e+01 2.289288564264426176e-06 5.402808999999999529e-01 5.164543273989223842e-04
1.500000000000000000e+01 2.638960809571973487e-06 5.402808000000000055e-01 5.945842454112764764e-04
1.600000000000000000e+01 3.015949571753156851e-06 5.402806999999999471e-01 6.785989002516720206e-04
1.700000000000000000e+01 3.420938640794572937e-06 5.402805999999999997e-01 7.686028899322196704e-04
1.800000000000000000e+01 3.854662916981858852e-06 5.402803999999999940e-01 8.647076123067493980e-04
1.900000000000000000e+01 4.317914840524394105e-06 5.402801999999999882e-01 9.670323650532272781e-04
2.000000000000000000e+01 4.811558815135372822e-06 5.402799999999999825e-01 1.075707245638427099e-03
2.100000000000000000e+01 5.336496935216412749e-06 5.402797000000000294e-01 1.190865051390366290e-03
2.200000000000000000e+01 5.893726327196965123e-06 5.402793999999999652e-01 1.312653779367099500e-03
2.300000000000000000e+01 6.484305200380751605e-06 5.402789999999999537e-01 1.441228426426790707e-03
2.400000000000000000e+01 7.109372260164249667e-06 5.402786000000000532e-01 1.576754989181083921e-03
2.500000000000000000e+01 7.770136618080280937e-06 5.402780999999999834e-01 1.719407464010571556e-03
2.600000000000000000e+01 8.467902308318736980e-06 5.402774999999999661e-01 1.869372847005417847e-03
2.700000000000000000e+01 9.204058497767299412e-06 5.402768999999999489e-01 2.026848133979515781e-03
2.800000000000000000e+01 9.980085249307407445e-06 5.402761000000000369e-01 2.192041320454860172e-03
2.900000000000000000e+01 1.079756468505880894e-05 5.402753000000000139e-01 2.365172401622359089e-03
3.000000000000000000e+01 1.165819577629123826e-05 5.402744000000000435e-01 2.546476372305856925e-03
3.100000000000000000e+01 1.256378169014156733e-05 5.402732999999999564e-01 2.736199226979267336e-03
3.200000000000000000e+01 1.351624807949217939e-05 5.402721000000000329e-01 2.934600959715328358e-03
3.300000000000000000e+01 1.451766067285597549e-05 5.402708000000000510e-01 3.141958564137406311e-03
3.400000000000000000e+01 1.557020529446164519e-05 5.402692999999999524e-01 3.358560033449561714e-03
3.500000000000000000e+01 1.667624256059202850e-05 5.402675999999999590e-01 3.584715360302602894e-03
3.600000000000000000e+01 1.783826864644937971e-05 5.402658000000000182e-01 3.820746536870078206e-03
3.700000000000000000e+01 1.905894680260944096e-05 5.402637000000000134e-01 4.066992554758358351e-03
3.800000000000000000e+01 2.034114589811031185e-05 5.402614999999999501e-01 4.323816404905091518e-03
3.900000000000000000e+01 2.168790925059174040e-05 5.402588999999999864e-01 4.591596077629537219e-03
4.000000000000000000e+01 2.310250053266472701e-05 5.402561999999999642e-01 4.870732562508414860e-03
4.100000000000000000e+01 2.458841177183535104e-05 5.402531000000000416e-01 5.161649848340996334e-03
4.200000000000000000e+01 2.614936962374340304e-05 5.402497000000000549e-01 5.464792923102693677e-03
4.300000000000000000e+01 2.778936718861364259e-05 5.402458999999999456e-01 5.780632773853834269e-03
4.400000000000000000e+01 2.951267864776562004e-05 5.402417999999999942e-01 6.109665386666273020e-03
4.500000000000000000e+01 3.132387599015610944e-05 5.402371999999999730e-01 6.452413746569447481e-03
4.600000000000000000e+01 3.322787582868754760e-05 5.402322000000000513e-01 6.809432837393702802e-03
4.700000000000000000e+01 3.522991649361951230e-05 5.402266999999999486e-01 7.181301641794080731e-03
4.800000000000000000e+01 3.733565384526979101e-05 5.402206999999999981e-01 7.568639140984568039e-03
4.900000000000000000e+01 3.955113627739330876e-05 5.402141000000000304e-01 7.972093314742452128e-03
5.000000000000000000e+01 4.188287171340336162e-05 5.402067999999999870e-01 8.392352141220707495e-03
5.100000000000000000e+01 4.433783978950159630e-05 5.401987999999999790e-01 8.830138596847237828e-03
5.200000000000000000e+01 4.692356212416641254e-05 5.401901000000000064e-01 9.286219656103936876e-03
5.300000000000000000e+01 4.964811386463980654e-05 5.401804999999999524e-01 9.761402291438238746e-03
5.400000000000000000e+01 5.252018450310253259e-05 5.401700000000000390e-01 1.025653847304534502e-02
5.500000000000000000e+01 5.554923495894926219e-05 5.401586000000000443e-01 1.077255016842079693e-02
5.600000000000000000e+01 5.874523287345268630e-05 5.401460000000000150e-01 1.131036134286818491e-02
5.700000000000000000e+01 6.211917439328173626e-05 5.401321999999999512e-01 1.187100195821241128e-02
5.800000000000000000e+01 6.568282719179371215e-05 5.401171999999999640e-01 1.245554197329271258e-02
5.900000000000000000e+01 6.944886910122283631e-05 5.401006999999999891e-01 1.306510134345295615e-02
6.000000000000000000e+01 7.343102237841849032e-05 5.400827000000000266e-01 1.370087002014616986e-02
6.100000000000000000e+01 7.764425560344795721e-05 5.400629999999999598e-01 1.436413795033917619e-02
6.200000000000000000e+01 8.210454461380643006e-05 5.400414999999999521e-01 1.505621507679416604e-02
6.300000000000000000e+01 8.682940246796244513e-05 5.400179000000000507e-01 1.577854133680341164e-02
6.400000000000000000e+01 9.650503025636445603e-05 5.399671000000000332e-01 1.723066294219793501e-02
6.500000000000000000e+01 1.024026806580249108e-04 5.399348999999999954e-01 1.809280541590015459e-02
6.600000000000000000e+01 1.086983260788048760e-04 5.398992999999999709e-01 1.899732655644137402e-02
6.700000000000000000e+01 1.154249900473601460e-04 5.398600999999999539e-01 1.994668624314600500e-02
6.800000000000000000e+01 1.262667441921372900e-04 5.397942999999999492e-01 2.144591320877965029e-02
6.900000000000000000e+01 1.345300894649513988e-04 5.397423999999999555e-01 2.255914775043898687e-02
7.000000000000000000e+01 1.434294038900981632e-04 5.396847999999999645e-01 2.373374010125034114e-02
7.100000000000000000e+01 1.533871571650007948e-04 5.396182000000000478e-01 2.502033889998628996e-02
7.200000000000000000e+01 1.638318255127469705e-04 5.395463000000000342e-01 2.633979588694744869e-02
7.300000000000000000e+01 1.789993700834338673e-04 5.394381000000000315e-01 2.820906750037791011e-02
7.400000000000000000e+01 1.919460070724159984e-04 5.393428000000000111e-01 2.975868576144550734e-02
7.500000000000000000e+01 2.060637348958785624e-04 5.392356999999999845e-01 3.140641984667352782e-02
7.600000000000000000e+01 2.252113856939225286e-04 5.390857000000000010e-01 3.357963698701188493e-02
7.700000000000000000e+01 2.430660687613654235e-04 5.389414999999999623e-01 3.554286777004956460e-02
7.800000000000000000e+01 2.625632876735491529e-04 5.387794999999999668e-01 3.762507251874174646e-02
7.900000000000000000e+01 2.880497722300389405e-04 5.385609999999999564e-01 4.026146640989675812e-02
8.000000000000000000e+01 3.127945164593903642e-04 5.383426999999999518e-01 4.273271196540108507e-02
8.100000000000000000e+01 3.442569832837203206e-04 5.380565999999999960e-01 4.576682356748313502e-02
8.200000000000000000e+01 3.794019000456783628e-04 5.377273000000000192e-01 4.902540123865237881e-02
8.300000000000000000e+01 4.160870445020438575e-04 5.373738999999999599e-01 5.229482229255300041e-02
8.400000000000000000e+01 4.611868967090226672e-04 5.369268000000000374e-01 5.615435224789260688e-02
8.500000000000000000e+01 5.126521856319758794e-04 5.364018999999999870e-01 6.036711779141129552e-02
8.600000000000000000e+01 5.719332512889109587e-04 5.357800999999999814e-01 6.499931322494904851e-02
8.700000000000000000e+01 6.404840455162889553e-04 5.350407999999999831e-01 7.010109268189551601e-02
8.800000000000000000e+01 7.203465508051130721e-04 5.341555999999999527e-01 7.574846797602723114e-02
8.900000000000000000e+01 8.139537629923862495e-04 5.330896000000000523e-01 8.202134925211784777e-02
9.000000000000000000e+01 9.240142739196031659e-04 5.318021000000000553e-01 8.899171537693036094e-02
