1.000000000000000000e+01 7.357567698339151829e-05 5.402765999999999957e-01 2.094894398969433802e-03
1.100000000000000000e+01 8.940289310087600480e-05 5.402744000000000435e-01 2.542295581804939700e-03
1.200000000000000000e+01 1.068903601115007063e-04 5.402715000000000156e-01 3.035319614927582243e-03
1.300000000000000000e+01 1.260815635591208390e-04 5.402677000000000174e-01 3.574810494853640150e-03
1.400000000000000000e+01 1.470245960240361091e-04 5.402628999999999904e-01 4.161696108419856745e-03
1.500000000000000000e+01 1.697723144478636894e-04 5.402569000000000399e-01 4.796989227899076114e-03
1.600000000000000000e+01 1.943825503469429549e-04 5.402495000000000491e-01 5.481789504878520000e-03
1.700000000000000000e+01 2.209184108119406869e-04 5.402403999999999540e-01 6.217287462186825431e-03
1.800000000000000000e+01 2.494486887032055090e-04 5.402293999999999707e-01 7.004771483836521109e-03
1.900000000000000000e+01 2.800479199327736315e-04 5.402162000000000353e-01 7.845623810585511393e-03
2.000000000000000000e+01 3.127969802290792261e-04 5.402004999999999724e-01 8.741331525802588723e-03
2.100000000000000000e+01 3.477831714012939832e-04 5.401818999999999926e-01 9.693482550016832219e-03
2.200000000000000000e+01 3.851010196642555734e-04 5.401601000000000319e-01 1.070378062218265910e-02
2.300000000000000000e+01 4.248521844863336304e-04 5.401346999999999676e-01 1.177403529676747211e-02
2.400000000000000000e+01 4.671464016676634204e-04 5.401051000000000046e-01 1.290617892118091359e-02
2.500000000000000000e+01 5.121022249373431224e-04 5.400709999999999678e-01 1.410227861719223416e-02
2.600000000000000000e+01 5.598465342339214437e-04 5.400315999999999450e-01 1.536451128286291622e-02
2.700000000000000000e+01 6.105163314415968994e-04 5.399865000000000359e-01 1.669520355421996033e-02
2.800000000000000000e+01 6.642585520896049714e-04 5.399348999999999954e-01 1.809681179964059070e-02
2.900000000000000000e+01 7.212312030741164625e-04 5.398760999999999699e-01 1.957194209231303411e-02
3.000000000000000000e+01 7.816043012937921950e-04 5.398093000000000474e-01 2.112336018355406853e-02
3.100000000000000000e+01 8.455601043014956920e-04 5.397334999999999772e-01 2.275398148865905024e-02
3.200000000000000000e+01 9.132944978738981832e-04 5.396478999999999582e-01 2.446689105063781441e-02
3.300000000000000000e+01 9.933768547697543506e-04 5.395394000000000023e-01 2.647526966667571729e-02
3.400000000000000000e+01 1.070825797287634426e-03 5.394276000000000071e-01 2.839848831039582661e-02
3.500000000000000000e+01 1.152967491414123337e-03 5.393016000000000476e-01 3.041939268695571102e-02
3.600000000000000000e+01 1.240094597768458392e-03 5.391597999999999669e-01 3.254240527670259481e-02
3.700000000000000000e+01 1.332621492817827108e-03 5.390004000000000461e-01 3.477459592486501633e-02
3.800000000000000000e+01 1.430718120381842392e-03 5.388216000000000117e-01 3.711674917841401716e-02
3.900000000000000000e+01 1.534827747732856427e-03 5.386212999999999695e-01 3.957595388587988039e-02
4.000000000000000000e+01 1.651494031753478415e-03 5.383841000000000321e-01 4.230169273774696953e-02
4.100000000000000000e+01 1.770079698143861222e-03 5.381297999999999915e-01 4.503870146944166653e-02
4.200000000000000000e+01 1.896174487027673218e-03 5.378452999999999706e-01 4.791437260593112146e-02
4.300000000000000000e+01 2.030304278790101818e-03 5.375271999999999828e-01 5.093562200720963551e-02
4.400000000000000000e+01 2.173075408114654924e-03 5.371717000000000297e-01 5.411058346738951974e-02
4.500000000000000000e+01 2.325032407401696893e-03 5.367747000000000490e-01 5.744537170748687666e-02
4.600000000000000000e+01 2.492337007821048781e-03 5.363160999999999623e-01 6.106748935734218620e-02
4.700000000000000000e+01 2.665892440709903468e-03 5.358176999999999524e-01 6.477030801716512909e-02
4.800000000000000000e+01 2.850990399882422609e-03 5.352616000000000041e-01 6.866200891058338307e-02
4.900000000000000000e+01 3.048469492872572881e-03 5.346412999999999860e-01 7.275179837887042755e-02
5.000000000000000000e+01 3.259224775375954217e-03 5.339498000000000300e-01 7.704910092618624806e-02
5.100000000000000000e+01 3.489075559215434278e-03 5.331620000000000248e-01 8.166157904655953204e-02
5.200000000000000000e+01 3.730345788059077124e-03 5.322991000000000250e-01 8.642197874387749779e-02
5.300000000000000000e+01 3.988084461664734466e-03 5.313383000000000411e-01 9.142133926924174425e-02
5.400000000000000000e+01 4.263435001853343315e-03 5.302689000000000430e-01 9.666948670358921358e-02
5.500000000000000000e+01 4.557574854076013905e-03 5.290795000000000359e-01 1.021756855983806805e-01
5.600000000000000000e+01 4.876433102918078903e-03 5.277372999999999648e-01 1.080357273851000888e-01
5.700000000000000000e+01 5.212708690942423860e-03 5.262651000000000412e-01 1.140977843776532635e-01
5.800000000000000000e+01 5.571576561966481121e-03 5.246323000000000514e-01 1.204425251141993808e-01
5.900000000000000000e+01 5.954224135668068074e-03 5.228236000000000550e-01 1.270744108720789078e-01
6.000000000000000000e+01 6.365601007375011437e-03 5.208040999999999920e-01 1.340613102566266535e-01
6.100000000000000000e+01 6.799833265157827905e-03 5.185918999999999945e-01 1.412833552440512508e-01
6.200000000000000000e+01 7.261087091096538569e-03 5.161544999999999606e-01 1.487944332634607847e-01
6.300000000000000000e+01 7.750160410818768622e-03 5.134750999999999621e-01 1.565893132810479427e-01
6.400000000000000000e+01 8.267623605572557363e-03 5.105374000000000301e-01 1.646587697708531417e-01
6.500000000000000000e+01 8.813830442179655666e-03 5.073254999999999848e-01 1.729903828207174366e-01
6.600000000000000000e+01 9.391954054098051660e-03 5.038048999999999999e-01 1.816147603353886752e-01
6.700000000000000000e+01 9.995679291277195441e-03 5.000004000000000115e-01 1.904184536005338324e-01
6.800000000000000000e+01 1.062733457852139615e-02 4.958830000000000182e-01 1.994222940452428372e-01
6.900000000000000000e+01 1.128599219185069842e-02 4.914438999999999891e-01 2.085983970600649995e-01
7.000000000000000000e+01 1.197041180383011903e-02 4.866767000000000176e-01 2.179162873670876521e-01
7.100000000000000000e+01 1.267904546468734232e-02 4.815780000000000061e-01 2.273430989679005865e-01
7.200000000000000000e+01 1.341007400881387250e-02 4.761470999999999898e-01 2.368444744208427488e-01
7.300000000000000000e+01 1.416144250938473730e-02 4.703860999999999737e-01 2.463848637857631585e-01
7.400000000000000000e+01 1.493094359288271722e-02 4.643000999999999934e-01 2.559292227508385698e-01
7.500000000000000000e+01 1.571623446041530911e-02 4.578962999999999783e-01 2.654426117943587959e-01
7.600000000000000000e+01 1.651356389965327395e-02 4.511969000000000118e-01 2.748746311295576783e-01
7.700000000000000000e+01 1.732363487995377746e-02 4.441854000000000080e-01 2.842328608407410084e-01
7.800000000000000000e+01 1.814234351488078212e-02 4.368901000000000034e-01 2.934655126034320105e-01
7.900000000000000000e+01 1.896742730690437889e-02 4.293254000000000237e-01 3.025458490899981534e-01
8.000000000000000000e+01 1.979675296581469984e-02 4.215060999999999947e-01 3.114498301065574681e-01
8.100000000000000000e+01 2.062768541134074596e-02 4.134551000000000198e-01 3.201483298734472127e-01
8.200000000000000000e+01 2.146004865567826755e-02 4.051693000000000100e-01 3.286425552677501027e-01
8.300000000000000000e+01 2.229108071175767841e-02 3.966764999999999874e-01 3.369031848195775392e-01
8.400000000000000000e+01 2.311931202910085664e-02 3.879920000000000035e-01 3.449169617398237797e-01
8.500000000000000000e+01 2.394379734150264491e-02 3.791274000000000033e-01 3.526756139786945687e-01
8.600000000000000000e+01 2.476298203940948545e-02 3.701000999999999874e-01 3.601672885707744576e-01
8.700000000000000000e+01 2.557584594981353321e-02 3.609260000000000246e-01 3.673831157163456318e-01
8.800000000000000000e+01 2.638406567214232959e-02 3.515870999999999857e-01 3.743404474733368903e-01
8.900000000000000000e+01 2.717961624709929955e-02 3.421880999999999950e-01 3.809682206189933806e-01
9.000000000000000000e+01 2.796905178321954302e-02 3.326527000000000234e-01 3.873280439486394555e-01
