1.000000000000000000e+01 -1.207352810498706103e-05 1.122065168873713503e+02
1.000000000000000000e+01 -3.694147528279473607e-03 4.333237471349593051e+01
1.000000000000000000e+01 -4.397553063546680296e-02 4.719554857467816333e+00
1.000000000000000000e+01 -7.169029299188737527e-03 3.108805813280777741e+01
1.000000000000000000e+01 -3.943909801942597181e-03 8.814074526953334043e+01
1.000000000000000000e+01 -5.559111116605418568e-01 7.479052815924174702e+00
1.000000000000000000e+01 -1.000000000000000000e+00 4.546910367439502387e+00
1.000000000000000000e+01 -8.669412494314840956e-01 6.500415329940994802e+00
1.000000000000000000e+01 -1.000000000000000000e+00 6.706918629523943132e+00
1.000000000000000000e+01 -1.000000000000000000e+00 6.861102927202341384e+00
1.000000000000000000e+01 -8.704918921065943893e-01 7.953036938847457549e+00
1.100000000000000000e+01 -1.176453010681767597e-05 1.125098038744792746e+02
1.100000000000000000e+01 -4.050584168523559993e-03 4.332198894994569827e+01
1.100000000000000000e+01 -4.885786078195849397e-02 4.720885031387974884e+00
1.100000000000000000e+01 -7.850436692653646811e-03 3.109979361213742877e+01
1.100000000000000000e+01 -3.950383022442520951e-03 8.829243844162139965e+01
1.100000000000000000e+01 -5.563324576605694904e-01 8.168210859358543630e+00
1.100000000000000000e+01 -1.000000000000000000e+00 4.995239641530332619e+00
1.100000000000000000e+01 -8.618393792348780780e-01 7.178045068600289902e+00
1.100000000000000000e+01 -1.000000000000000000e+00 7.421595233788057300e+00
1.100000000000000000e+01 -1.000000000000000000e+00 7.549636230858059349e+00
1.100000000000000000e+01 -8.762627880894202637e-01 8.732580840226820129e+00
1.200000000000000000e+01 -1.184360728664059487e-05 1.127366984429265813e+02
1.200000000000000000e+01 -4.417505148637097812e-03 4.330424335029171345e+01
1.200000000000000000e+01 -5.378286922767413353e-02 4.722087887897486347e+00
1.200000000000000000e+01 -8.560364234593179078e-03 3.111002542395340242e+01
1.200000000000000000e+01 -3.991596468604789553e-03 8.840936879989925501e+01
1.200000000000000000e+01 -5.573778249706575760e-01 8.852791507509493840e+00
1.200000000000000000e+01 -1.000000000000000000e+00 5.442368879453363562e+00
1.200000000000000000e+01 -8.566905568494512790e-01 7.839551754578751641e+00
1.300000000000000000e+01 -1.235130412165204663e-05 1.129074092992197080e+02
1.300000000000000000e+01 -4.794271830152156341e-03 4.328035238470565815e+01
1.300000000000000000e+01 -5.875224501684457590e-02 4.723174089297042855e+00
1.300000000000000000e+01 -9.295909456187131242e-03 3.111919439941929966e+01
1.300000000000000000e+01 -4.060170365931922883e-03 8.850157805040706194e+01
1.300000000000000000e+01 -5.592960517293178446e-01 9.528505360988159367e+00
1.300000000000000000e+01 -1.000000000000000000e+00 5.888444469722727170e+00
1.300000000000000000e+01 -8.519767134733516878e-01 8.477497756739895252e+00
1.400000000000000000e+01 -1.334951038038954601e-05 1.130351310900256721e+02
1.400000000000000000e+01 -5.180403266104274991e-03 4.325108749571584354e+01
1.400000000000000000e+01 -6.376690275105359462e-02 4.724150695916820908e+00
1.400000000000000000e+01 -1.005499267612180656e-02 3.112758718356122145e+01
1.400000000000000000e+01 -4.150706747913884137e-03 8.857573398813322285e+01
1.400000000000000000e+01 -5.622791810921060618e-01 1.019683540642565411e+01
1.400000000000000000e+01 -1.000000000000000000e+00 6.333565700720723335e+00
1.400000000000000000e+01 -8.482797378600901439e-01 9.084850034735202584e+00
1.500000000000000000e+01 -1.492053264073184869e-05 1.131286233481806391e+02
1.500000000000000000e+01 -5.575484419867902941e-03 4.321694585682022449e+01
1.500000000000000000e+01 -6.882753363676846758e-02 4.725023940063930006e+00
1.500000000000000000e+01 -1.083609525543271015e-02 3.113539506487308373e+01
1.500000000000000000e+01 -4.259174878831259621e-03 8.863640021870268981e+01
1.500000000000000000e+01 -5.662293341651231104e-01 1.086561837083016790e+01
1.500000000000000000e+01 -1.000000000000000000e+00 6.777748841818268311e+00
1.600000000000000000e+01 -1.716676713157491938e-05 1.131937395997167641e+02
1.600000000000000000e+01 -5.979107499612513685e-03 4.317824854254564571e+01
1.600000000000000000e+01 -7.393496553320226539e-02 4.725800529504685876e+00
1.600000000000000000e+01 -1.163809029334118665e-02 3.114274827389120759e+01
1.600000000000000000e+01 -4.382509225142138150e-03 8.868678310071597082e+01
1.600000000000000000e+01 -5.707224774329064942e-01 1.154507032322948312e+01
1.600000000000000000e+01 -1.000000000000000000e+00 7.220927687555577457e+00
1.700000000000000000e+01 -2.021082291719085655e-05 1.132343645361989104e+02
1.700000000000000000e+01 -6.390840139362205866e-03 4.313520005504663146e+01
1.700000000000000000e+01 -7.909034707792901575e-02 4.726487835992556619e+00
1.700000000000000000e+01 -1.246013541653038549e-02 3.114973718902257360e+01
1.700000000000000000e+01 -4.518341130299527615e-03 8.872918729943276617e+01
1.700000000000000000e+01 -5.751986497268619658e-01 1.224266292628775510e+01
1.700000000000000000e+01 -1.000000000000000000e+00 7.662973412603963475e+00
1.800000000000000000e+01 -2.419568757655029962e-05 1.132530082675337582e+02
1.800000000000000000e+01 -6.810212921681735657e-03 4.308792538162070684e+01
1.800000000000000000e+01 -8.429521615412910451e-02 4.727093853485889952e+00
1.800000000000000000e+01 -4.664814140355659153e-03 8.876530273198230248e+01
1.800000000000000000e+01 -1.330160787516473063e-02 3.115642593829662133e+01
1.800000000000000000e+01 -5.792541334917553630e-01 1.296096005268817208e+01
1.900000000000000000e+01 -2.928491369096650025e-05 1.132511922789956316e+02
1.900000000000000000e+01 -7.236717240417205391e-03 4.303649361532439599e+01
1.900000000000000000e+01 -8.955150536654456206e-02 4.727627015066880212e+00
1.900000000000000000e+01 -4.820455191851152552e-03 8.879639025424557985e+01
1.900000000000000000e+01 -1.416206683979035104e-02 3.116286146023078629e+01
2.000000000000000000e+01 -3.566251451073241142e-05 1.132297081159601362e+02
2.000000000000000000e+01 -7.669806338424426870e-03 4.298093325074790272e+01
2.000000000000000000e+01 -4.984081121027136678e-03 8.882340477994630135e+01
2.000000000000000000e+01 -9.486153075669305490e-02 4.728095395797007328e+00
2.000000000000000000e+01 -1.504122978170402761e-02 3.116907875970933972e+01
2.100000000000000000e+01 -4.353290794164184206e-05 1.131887925052193111e+02
2.100000000000000000e+01 -8.108884523481380002e-03 4.292122665068745846e+01
2.100000000000000000e+01 -5.154714797719224355e-03 8.884707536754903856e+01
2.100000000000000000e+01 -1.002305494250382706e-01 4.728396864201100058e+00
2.100000000000000000e+01 -1.593899328486027972e-02 3.117509499826487485e+01
2.200000000000000000e+01 -5.311904368940620943e-05 1.131282518930343031e+02
2.200000000000000000e+01 -8.553368022352205585e-03 4.285735083452544103e+01
2.200000000000000000e+01 -5.331603495883940544e-03 8.886797772891976877e+01
2.200000000000000000e+01 -1.056594128948792066e-01 4.728618986166486238e+00
2.200000000000000000e+01 -1.685529869639814868e-02 3.118093936490356910e+01
2.300000000000000000e+01 -6.466237412899675664e-05 1.130475513201748612e+02
2.300000000000000000e+01 -9.002568829903249276e-03 4.278929616920370194e+01
2.300000000000000000e+01 -5.514074864361675002e-03 8.888655852017268444e+01
2.300000000000000000e+01 -1.111488472478539546e-01 4.728910233927937412e+00
2.300000000000000000e+01 -1.779026779254038598e-02 3.118664288691708819e+01
2.400000000000000000e+01 -7.841950916595594818e-05 1.129458797404130621e+02
2.400000000000000000e+01 -9.455776467851288031e-03 4.271696844012105743e+01
2.400000000000000000e+01 -5.701584617544901493e-03 8.890316822709442590e+01
2.400000000000000000e+01 -1.167058606211456018e-01 4.729107813626160173e+00
2.400000000000000000e+01 -1.874415465134077197e-02 3.119220440943690420e+01
2.500000000000000000e+01 -9.465953783640547404e-05 1.128222016250504112e+02
2.500000000000000000e+01 -9.912217522872185729e-03 4.264030238994711652e+01
2.500000000000000000e+01 -5.893673615828102369e-03 8.891809064103638605e+01
2.500000000000000000e+01 -1.223332939436227867e-01 4.729266068051967586e+00
2.500000000000000000e+01 -1.971731292557799345e-02 3.119764298849474926e+01
2.600000000000000000e+01 -1.136599791308788370e-04 1.126752966309991990e+02
2.600000000000000000e+01 -1.037105231252871858e-02 4.255921242836290475e+01
2.600000000000000000e+01 -6.089955001205927913e-03 8.893155205250451445e+01
2.600000000000000000e+01 -1.280353288500435116e-01 4.729385671985354200e+00
2.600000000000000000e+01 -2.071022884562525104e-02 3.120297084748862915e+01
2.700000000000000000e+01 -1.357015886453410557e-04 1.125037950315330448e+02
2.700000000000000000e+01 -1.083136898936893494e-02 4.247360144352450817e+01
2.700000000000000000e+01 -6.290098406643424706e-03 8.894373663848372757e+01
2.700000000000000000e+01 -1.338133680216352650e-01 4.729576750571853339e+00
2.700000000000000000e+01 -2.172349035966986489e-02 3.120820821840340642e+01
2.800000000000000000e+01 -1.610625031163269850e-04 1.123062059756751268e+02
2.800000000000000000e+01 -1.129217026491131579e-02 4.238336633273284093e+01
2.800000000000000000e+01 -6.493825191551530658e-03 8.895479197893472190e+01
2.800000000000000000e+01 -1.396715066060999488e-01 4.729842912900545926e+00
2.800000000000000000e+01 -2.275786233499747443e-02 3.121336552297718825e+01
2.900000000000000000e+01 -1.900111244611204673e-04 1.120809446924788233e+02
2.900000000000000000e+01 -1.175237132503464954e-02 4.228837936679112630e+01
2.900000000000000000e+01 -6.700897297298786214e-03 8.896483576114989944e+01
2.900000000000000000e+01 -1.456167916963805875e-01 4.730098313911487828e+00
2.900000000000000000e+01 -2.381430307131015417e-02 3.121844528568392718e+01
3.000000000000000000e+01 -2.227979449461754539e-04 1.118263602230497611e+02
3.000000000000000000e+01 -1.221079701430211571e-02 4.218853247938614714e+01
3.000000000000000000e+01 -6.911110094883649371e-03 8.897396755224879428e+01
3.000000000000000000e+01 -1.516498282268667341e-01 4.730481892245263609e+00
3.000000000000000000e+01 -2.489386502634632209e-02 3.122347208818132458e+01
3.100000000000000000e+01 -2.596474907488017874e-04 1.115407567822007167e+02
3.100000000000000000e+01 -1.266616622171228695e-02 4.208361919331614587e+01
3.100000000000000000e+01 -7.124299598317037144e-03 8.898225737052649720e+01
3.100000000000000000e+01 -1.577864096273824956e-01 4.730661441627272090e+00
3.100000000000000000e+01 -2.599798962231578137e-02 3.122841461302968469e+01
3.200000000000000000e+01 -3.007481612577410346e-04 1.112224237884642832e+02
3.200000000000000000e+01 -1.311710391286064446e-02 4.197352424447781516e+01
3.200000000000000000e+01 -7.340324126403625048e-03 8.898977221980372576e+01
3.200000000000000000e+01 -1.640260629966750761e-01 4.730835237220274436e+00
3.200000000000000000e+01 -2.712811079223640537e-02 3.123330158143784985e+01
3.300000000000000000e+01 -3.462430806075674806e-04 1.108696556229224228e+02
3.300000000000000000e+01 -1.356212732402079825e-02 4.185808570023332464e+01
3.300000000000000000e+01 -7.559069711761901879e-03 8.899656084749572926e+01
3.300000000000000000e+01 -1.703742507716544397e-01 4.731013655163359921e+00
3.300000000000000000e+01 -2.828594237007966972e-02 3.123813764512118141e+01
3.400000000000000000e+01 -3.962181875348865390e-04 1.104807818746776888e+02
3.400000000000000000e+01 -1.399978905236734517e-02 4.173733232192677889e+01
3.400000000000000000e+01 -7.780417205652858867e-03 8.900269102468996607e+01
3.400000000000000000e+01 -1.767935976211315596e-01 4.732328226863616649e+00
3.400000000000000000e+01 -2.947271168127139213e-02 3.124308451750014015e+01
3.500000000000000000e+01 -4.507001481604226830e-04 1.100541810577552155e+02
3.500000000000000000e+01 -1.442815179902236060e-02 4.161070077344859186e+01
3.500000000000000000e+01 -8.004366888917485365e-03 8.900813557165329826e+01
3.500000000000000000e+01 -1.833664586585226908e-01 4.732743950511379971e+00
3.500000000000000000e+01 -3.069186194325446149e-02 3.124784637381587515e+01
3.600000000000000000e+01 -5.096367707665086120e-04 1.095883162050183444e+02
3.600000000000000000e+01 -1.484526879527936320e-02 4.147811794454293022e+01
3.600000000000000000e+01 -8.230857414651682191e-03 8.901294148270929441e+01
3.600000000000000000e+01 -1.900707106551883796e-01 4.733057843496506045e+00
3.600000000000000000e+01 -3.194520289018768638e-02 3.125254914594271938e+01
3.700000000000000000e+01 -5.728954215864136973e-04 1.090817547308057129e+02
3.700000000000000000e+01 -1.524901949219069353e-02 4.133939119716823285e+01
3.700000000000000000e+01 -8.459885477330141013e-03 8.901712237975083042e+01
3.700000000000000000e+01 -1.969085909131541579e-01 4.733395771977366273e+00
3.700000000000000000e+01 -3.323535072045111227e-02 3.125719383267575324e+01
3.800000000000000000e+01 -6.402547699122152934e-04 1.085331853448167010e+02
3.800000000000000000e+01 -1.563697790594462123e-02 4.119427418348340098e+01
3.800000000000000000e+01 -8.691487106114682490e-03 8.902068481447015813e+01
3.800000000000000000e+01 -2.038875939165899209e-01 4.733756038747030992e+00
3.800000000000000000e+01 -3.456527124264410084e-02 3.126177426008813143e+01
3.900000000000000000e+01 -7.112909473427187585e-04 1.079414423538785428e+02
3.900000000000000000e+01 -1.600685386303747973e-02 4.104251354041665678e+01
3.900000000000000000e+01 -8.925676132138593913e-03 8.902361424479977359e+01
3.900000000000000000e+01 -2.110151152793157125e-01 4.734147722309200113e+00
3.900000000000000000e+01 -3.593847561468787449e-02 3.126628083336330377e+01
4.000000000000000000e+01 -7.858159198772136098e-04 1.073055324692103341e+02
4.000000000000000000e+01 -1.635354110158331736e-02 4.088377702817284387e+01
4.000000000000000000e+01 -9.162693979107676412e-03 8.902595450658388643e+01
4.000000000000000000e+01 -2.182990791858656354e-01 4.734577507388793016e+00
4.000000000000000000e+01 -3.735777667579941869e-02 3.127069405989408679e+01
4.100000000000000000e+01 -8.630739869444029478e-04 1.066246292459071725e+02
4.100000000000000000e+01 -1.667465646280299682e-02 4.071780909259010173e+01
4.100000000000000000e+01 -9.402608501760998869e-03 8.902765508892008484e+01
4.100000000000000000e+01 -2.257480112857094268e-01 4.735049648763964392e+00
4.100000000000000000e+01 -3.882811751461530403e-02 3.127500560325175272e+01
4.200000000000000000e+01 -9.424137414723745112e-04 1.058981147167370409e+02
4.200000000000000000e+01 -1.696515064831914318e-02 4.054426365059639181e+01
4.200000000000000000e+01 -9.645672643476545585e-03 8.902871394252287018e+01
4.200000000000000000e+01 -2.333707782004443565e-01 4.735569940377162723e+00
4.200000000000000000e+01 -4.035394592812677206e-02 3.127919282193876782e+01
4.300000000000000000e+01 -1.033637234817408367e-03 1.049694375135480442e+02
4.300000000000000000e+01 -1.720685382753111767e-02 4.035566458595143757e+01
4.300000000000000000e+01 -9.894418924040823335e-03 8.902796695612867950e+01
4.300000000000000000e+01 -2.411366430605830780e-01 4.737066077577613221e+00
4.300000000000000000e+01 -4.194730935273496136e-02 3.128284639238598075e+01
4.400000000000000000e+01 -1.115050240260737112e-03 1.041270490779407538e+02
4.400000000000000000e+01 -1.741408966261996302e-02 4.016454025545422013e+01
4.400000000000000000e+01 -1.014560422277568756e-02 8.902748761044281878e+01
4.400000000000000000e+01 -2.491147032496346947e-01 4.738084078583695735e+00
4.400000000000000000e+01 -4.360241197385993778e-02 3.128668025465725577e+01
4.500000000000000000e+01 -1.195203727141088378e-03 1.032359430736257195e+02
4.500000000000000000e+01 -1.756947194467425866e-02 3.996450357495219663e+01
4.500000000000000000e+01 -1.040166068698140586e-02 8.902628193669315237e+01
4.500000000000000000e+01 -2.572920031238149496e-01 4.739224563338273022e+00
4.500000000000000000e+01 -4.533211821006726677e-02 3.129029543456538320e+01
4.600000000000000000e+01 -1.272425938575688078e-03 1.022963020475541072e+02
4.600000000000000000e+01 -1.766413705386610591e-02 3.975558507950157860e+01
4.600000000000000000e+01 -1.066355039616990151e-02 8.902439495644998146e+01
4.600000000000000000e+01 -2.655711000105837605e-01 4.742564205550464429e+00
4.600000000000000000e+01 -4.714186069527111916e-02 3.129415659494613067e+01
4.700000000000000000e+01 -1.344629731872642097e-03 1.013085021532981926e+02
4.700000000000000000e+01 -1.768571520430498034e-02 3.953651154216154850e+01
4.700000000000000000e+01 -1.093285613068822881e-02 8.902167041276523207e+01
4.700000000000000000e+01 -2.741576213923027638e-01 4.744315353475156094e+00
4.700000000000000000e+01 -4.904720678853604493e-02 3.129724674346725521e+01
4.800000000000000000e+01 -1.409076321724618292e-03 1.002702700691607589e+02
4.800000000000000000e+01 -1.762077888513436524e-02 3.930698781415772913e+01
4.800000000000000000e+01 -1.121178358164355744e-02 8.901812464593501772e+01
4.800000000000000000e+01 -2.829831372567717107e-01 4.746089773435998360e+00
4.800000000000000000e+01 -5.105773197356777704e-02 3.129987213120116962e+01
4.900000000000000000e+01 -1.461667841252689733e-03 9.918781032195045100e+01
4.900000000000000000e+01 -1.745412953453362448e-02 3.906692974020616305e+01
4.900000000000000000e+01 -1.150344157413070618e-02 8.901378482711952245e+01
4.900000000000000000e+01 -2.920554134121352563e-01 4.747990898700647833e+00
4.900000000000000000e+01 -5.318692934563135077e-02 3.130192269478603961e+01
5.000000000000000000e+01 -1.496709863229359668e-03 9.805994679399726976e+01
5.000000000000000000e+01 -1.716685898632963961e-02 3.881580578204092546e+01
5.000000000000000000e+01 -1.181307741915908933e-02 8.900861541637611651e+01
5.000000000000000000e+01 -3.013845688554911972e-01 4.750088049950753621e+00
5.000000000000000000e+01 -5.545141708770755240e-02 3.130320718346753850e+01
5.100000000000000000e+01 -1.501390118214228570e-03 9.677044623356619013e+01
5.100000000000000000e+01 -1.671670295608814957e-02 3.854457402247336972e+01
5.100000000000000000e+01 -1.215886223360980976e-02 8.900127890829357113e+01
5.100000000000000000e+01 -3.110020398082304349e-01 4.751890609447358749e+00
5.100000000000000000e+01 -5.789103695780204589e-02 3.130236313725047737e+01
5.200000000000000000e+01 -1.461178493342199167e-03 9.554016273047288621e+01
5.200000000000000000e+01 -1.611083196537532736e-02 3.826888798952877124e+01
5.200000000000000000e+01 -1.254313337578855624e-02 8.899409795699266112e+01
5.200000000000000000e+01 -3.208218333925566546e-01 4.755463810032452443e+00
5.200000000000000000e+01 -6.049258085050900069e-02 3.130125078180336118e+01
5.300000000000000000e+01 -1.342065194972244437e-03 9.426885717337927417e+01
5.300000000000000000e+01 -1.530338267637869863e-02 3.798102792754723822e+01
5.300000000000000000e+01 -1.300518631233055569e-02 8.898549238738699785e+01
5.300000000000000000e+01 -3.309583043007343073e-01 4.758933935507405621e+00
5.300000000000000000e+01 -6.330187701603075257e-02 3.129797816201139327e+01
5.400000000000000000e+01 -1.070530487942094157e-03 9.296100278486603941e+01
5.400000000000000000e+01 -1.425886423584726836e-02 3.768113110323128723e+01
5.400000000000000000e+01 -1.361821999902631045e-02 8.897345259040210408e+01
5.400000000000000000e+01 -3.414063585621267549e-01 4.762681604046306916e+00
5.400000000000000000e+01 -6.634995783309624584e-02 3.129185376798868035e+01
5.500000000000000000e+01 -4.730917303225947996e-04 9.163051471304943618e+01
5.500000000000000000e+01 -1.293757840719590366e-02 3.736961356931651324e+01
5.500000000000000000e+01 -1.455555972551883515e-02 8.894696617828456908e+01
5.500000000000000000e+01 -3.521746672251209742e-01 4.766849641534727233e+00
5.500000000000000000e+01 -6.967204769570572997e-02 3.128175622464511463e+01
5.600000000000000000e+01 6.409159404393116426e-04 9.034127639426445455e+01
5.600000000000000000e+01 -1.129752663867026642e-02 3.704786577239640621e+01
5.600000000000000000e+01 -1.600775652756178044e-02 8.884570633213262170e+01
5.600000000000000000e+01 -3.631358931347928309e-01 4.773763428516340390e+00
5.600000000000000000e+01 -7.329787361625697550e-02 3.126753891339886593e+01
5.700000000000000000e+01 7.017354964290820757e-04 8.921314670611303654e+01
5.700000000000000000e+01 -9.297250615890081948e-03 3.671623975793329464e+01
5.700000000000000000e+01 -1.640589410822839572e-02 8.854904202625509413e+01
5.700000000000000000e+01 -3.745566218075406795e-01 4.779408980124807194e+00
5.700000000000000000e+01 -7.727549203832415059e-02 3.124446918652171234e+01
5.800000000000000000e+01 -6.853913927836173883e-03 3.636662934164353089e+01
5.800000000000000000e+01 -5.632500417556695303e-03 8.771513891356849513e+01
5.800000000000000000e+01 -1.041159771782428078e-02 8.849408056724087146e+01
5.800000000000000000e+01 -3.863820558233005409e-01 4.784350506005640824e+00
5.800000000000000000e+01 -8.167991783656840254e-02 3.120726152335110015e+01
5.900000000000000000e+01 -4.046397168364209915e-03 3.602155586476806803e+01
5.900000000000000000e+01 -4.736230367666353219e-03 8.601753634905072943e+01
5.900000000000000000e+01 -1.164496253075691240e-02 8.870470726368962744e+01
5.900000000000000000e+01 -3.985341284085160973e-01 4.791238405665334987e+00
5.900000000000000000e+01 -8.641566852685518552e-02 3.115798488855071469e+01
6.000000000000000000e+01 -8.578882446652365398e-04 3.567523849210789422e+01
6.000000000000000000e+01 -4.362669008882114237e-03 8.448412693351774294e+01
6.000000000000000000e+01 -1.235715334438165086e-02 8.873051763682568094e+01
6.000000000000000000e+01 -4.110252751239351077e-01 4.799639572055331094e+00
6.000000000000000000e+01 -9.149213093141884967e-02 3.109039437022777008e+01
6.100000000000000000e+01 2.642101881998466448e-03 3.533038412882008572e+01
6.100000000000000000e+01 -4.204770070761398512e-03 8.296710791737349666e+01
6.100000000000000000e+01 -1.285711908014402528e-02 8.872371946355863770e+01
6.100000000000000000e+01 -4.239615013241980757e-01 4.808266761250616916e+00
6.100000000000000000e+01 -9.683597931620858967e-02 3.099914250081121736e+01
6.200000000000000000e+01 6.344469601029347101e-03 3.498925208958245747e+01
6.200000000000000000e+01 -4.148852549325217874e-03 8.145260897780795517e+01
6.200000000000000000e+01 -1.326042766415832380e-02 8.870302381025204852e+01
6.200000000000000000e+01 -4.373159185560884232e-01 4.817814312467406879e+00
6.200000000000000000e+01 -1.023245179699045493e-01 3.088102772512144156e+01
6.300000000000000000e+01 1.017847238073613450e-02 3.464427435747217743e+01
6.300000000000000000e+01 -4.150510354132399236e-03 7.987673254815005919e+01
6.300000000000000000e+01 -1.361703138535207830e-02 8.867229243120101501e+01
6.300000000000000000e+01 -4.508861498362241038e-01 4.830723722368961859e+00
6.300000000000000000e+01 -1.078586111782199597e-01 3.073145250556549968e+01
6.400000000000000000e+01 1.387003379752251714e-02 3.431017927746973584e+01
6.400000000000000000e+01 -4.198757534287299309e-03 7.836277452758619688e+01
6.400000000000000000e+01 -1.393620263969719102e-02 8.863567937433052180e+01
6.400000000000000000e+01 -4.650616051376000870e-01 4.842971730503430550e+00
6.400000000000000000e+01 -1.131774305855251517e-01 3.055245807527990465e+01
6.500000000000000000e+01 1.733308162105820852e-02 3.397805257576801807e+01
6.500000000000000000e+01 -4.282167977424150215e-03 7.685812059658218232e+01
6.500000000000000000e+01 -1.423513152060630615e-02 8.859286298033822504e+01
6.500000000000000000e+01 -4.796772998859966664e-01 4.856636550816731734e+00
6.500000000000000000e+01 -1.181668979708619394e-01 3.034226439269006903e+01
6.600000000000000000e+01 2.043408039350659219e-02 3.364580882089148872e+01
6.600000000000000000e+01 -4.398365886754550431e-03 7.536855875285532136e+01
6.600000000000000000e+01 -1.451970453113633937e-02 8.854395921326143082e+01
6.600000000000000000e+01 -4.947402752981623353e-01 4.871856090922092264e+00
6.600000000000000000e+01 -1.226746200214105936e-01 3.010110193172762649e+01
6.700000000000000000e+01 2.305051681411100090e-02 3.331120934337917561e+01
6.700000000000000000e+01 -4.547694159995873883e-03 7.389914981927344684e+01
6.700000000000000000e+01 -1.479397464245557278e-02 8.848879872048610196e+01
6.700000000000000000e+01 -5.102576364022960442e-01 4.888801669457512489e+00
6.700000000000000000e+01 -1.265584894308714181e-01 2.982925541541569814e+01
6.800000000000000000e+01 2.508458678590912497e-02 3.296478413332079072e+01
6.800000000000000000e+01 -4.735635343152021746e-03 7.241106563212994729e+01
6.800000000000000000e+01 -1.506148966056691275e-02 8.842493954179492732e+01
6.800000000000000000e+01 -5.259824766434314514e-01 4.909874261766677073e+00
6.800000000000000000e+01 -1.296672778805236237e-01 2.952283742900865349e+01
6.900000000000000000e+01 2.634665503596770458e-02 3.261945449960869325e+01
6.900000000000000000e+01 -4.958702821812845801e-03 7.099397024612655116e+01
6.900000000000000000e+01 -1.532101285132816786e-02 8.835560283038253715e+01
6.900000000000000000e+01 -5.423507611012958751e-01 4.931252698333277174e+00
6.900000000000000000e+01 -1.318327203104435741e-01 2.918866349001084615e+01
7.000000000000000000e+01 2.672263916024461214e-02 3.226852589806412652e+01
7.000000000000000000e+01 -5.221718425588071054e-03 6.961267577192700173e+01
7.000000000000000000e+01 -1.557469945539852879e-02 8.827853692796252005e+01
7.000000000000000000e+01 -5.591474516930076133e-01 4.955039925148991387e+00
7.000000000000000000e+01 -1.328858762805072147e-01 2.882289478463511401e+01
7.100000000000000000e+01 2.604759286876133853e-02 3.191311233706289485e+01
7.100000000000000000e+01 -5.526902834103613639e-03 6.827160416622491823e+01
7.100000000000000000e+01 -1.582355811363659812e-02 8.819312688049096494e+01
7.100000000000000000e+01 -5.763633585604743814e-01 4.981472669572569067e+00
7.100000000000000000e+01 -1.326277192376102976e-01 2.842392494112481316e+01
7.200000000000000000e+01 2.408711781896070991e-02 3.154996593597875432e+01
7.200000000000000000e+01 -5.882196666275449001e-03 6.694732090519441670e+01
7.200000000000000000e+01 -1.606814786204164083e-02 8.809638090775962382e+01
7.200000000000000000e+01 -5.937222780364089791e-01 5.012745008854361473e+00
7.200000000000000000e+01 -1.307459155776573567e-01 2.798441538997688482e+01
7.300000000000000000e+01 2.069553351414324394e-02 3.119712668594809912e+01
7.300000000000000000e+01 -6.276217142938985034e-03 6.569711853314737482e+01
7.300000000000000000e+01 -1.630772043648869365e-02 8.799157575220856131e+01
7.300000000000000000e+01 -6.116410502076305988e-01 5.045565422251609533e+00
7.300000000000000000e+01 -1.271112725478929506e-01 2.750801373975836484e+01
7.400000000000000000e+01 1.567227269377684598e-02 3.085932844824180066e+01
7.400000000000000000e+01 -6.712823165249773641e-03 6.449795524852235928e+01
7.400000000000000000e+01 -1.654260340196682735e-02 8.787600121076597759e+01
7.400000000000000000e+01 -6.298600748198509569e-01 5.081885137208794312e+00
7.400000000000000000e+01 -1.214406112379511626e-01 2.698357460074680603e+01
7.500000000000000000e+01 8.885443095080823236e-03 3.054840149174564701e+01
7.500000000000000000e+01 -7.195871845723706729e-03 6.333590182693232151e+01
7.500000000000000000e+01 -1.677321182752009032e-02 8.774679661411130382e+01
7.500000000000000000e+01 -1.135097061983406930e-01 2.639586318051708957e+01
7.500000000000000000e+01 -6.482132395825992432e-01 5.122738761156917064e+00
7.600000000000000000e+01 7.610657046575300313e-04 3.029102597935621688e+01
7.600000000000000000e+01 -7.709230899750857229e-03 6.224368469369650825e+01
7.600000000000000000e+01 -1.699887141967529672e-02 8.760664573489336249e+01
7.600000000000000000e+01 -1.037429570605542667e-01 2.574034295512906567e+01
7.600000000000000000e+01 -6.668506751034700697e-01 5.166932670781370085e+00
7.700000000000000000e+01 -8.009721029646341833e-03 3.009659362976690744e+01
7.700000000000000000e+01 -8.252452138776249571e-03 6.120674164698314001e+01
7.700000000000000000e+01 -1.721942736767153800e-02 8.745293966776374361e+01
7.700000000000000000e+01 -9.273244598467267341e-02 2.500909382219449029e+01
7.700000000000000000e+01 -6.855089388948339968e-01 5.215895068498059395e+00
7.800000000000000000e+01 -1.647213575587489279e-02 2.996064788947630930e+01
7.800000000000000000e+01 -8.818703079145499835e-03 6.022499998033332247e+01
7.800000000000000000e+01 -1.743486956244615083e-02 8.728476815872086547e+01
7.800000000000000000e+01 -8.137060405016088849e-02 2.421468951452552076e+01
7.800000000000000000e+01 -7.041849626235922033e-01 5.269213395562633906e+00
7.900000000000000000e+01 -9.409033045706748088e-03 5.929356497826469052e+01
7.900000000000000000e+01 -2.401302969089499917e-02 2.985805281773085085e+01
7.900000000000000000e+01 -1.764399432501606579e-02 8.709985977370929788e+01
7.900000000000000000e+01 -7.015643432553131387e-02 2.340832425888664403e+01
7.900000000000000000e+01 -7.268807008298461270e-01 5.295044131451779101e+00
8.000000000000000000e+01 -9.998842755141847463e-03 5.841995873971873721e+01
8.000000000000000000e+01 -3.054234745210710270e-02 2.978293971448443145e+01
8.000000000000000000e+01 -5.927982745360405037e-02 2.256220136942730292e+01
8.000000000000000000e+01 -1.784809074929106024e-02 8.689974215676291180e+01
8.000000000000000000e+01 -7.459402502372718402e-01 5.351458171189191759e+00
8.100000000000000000e+01 -1.058779156349162927e-02 5.759767243781912072e+01
8.100000000000000000e+01 -4.856282523530255912e-02 2.171831740358186735e+01
8.100000000000000000e+01 -3.613455060941408309e-02 2.971520583116140557e+01
8.100000000000000000e+01 -1.804625797379354191e-02 8.668254777862911453e+01
8.100000000000000000e+01 -7.647391488220175448e-01 5.411790858572914864e+00
8.200000000000000000e+01 -1.116831199998929124e-02 5.682444814509499764e+01
8.200000000000000000e+01 -3.782611668519082759e-02 2.089058927493079310e+01
8.200000000000000000e+01 -4.096744367939721826e-02 2.964609451873469581e+01
8.200000000000000000e+01 -1.823821511642298790e-02 8.644760544096574506e+01
8.200000000000000000e+01 -7.830309085786074652e-01 5.475884646953153911e+00
8.300000000000000000e+01 -2.686648313478057909e-02 2.008369534294937608e+01
8.300000000000000000e+01 -1.173739732859633775e-02 5.609355845092630233e+01
8.300000000000000000e+01 -4.523436078188659143e-02 2.957147848374545163e+01
8.300000000000000000e+01 -1.842381295408723058e-02 8.619251496079587582e+01
8.300000000000000000e+01 -8.005042942563233010e-01 5.544334124979772405e+00
8.400000000000000000e+01 -1.570430665161676176e-02 1.930967054729279297e+01
8.400000000000000000e+01 -1.228124536577152558e-02 5.541060803849524063e+01
8.400000000000000000e+01 -4.900162230298627658e-02 2.949036191498747428e+01
8.400000000000000000e+01 -1.860297971307384168e-02 8.592047301826366379e+01
8.400000000000000000e+01 -8.173798495789075247e-01 5.615219381444350510e+00
8.500000000000000000e+01 -4.260472739343114032e-03 1.857013775173540182e+01
8.500000000000000000e+01 -1.279882806269204074e-02 5.476831103075843998e+01
8.500000000000000000e+01 -5.238998765850198108e-02 2.940122376441468433e+01
8.500000000000000000e+01 -1.877569201043776878e-02 8.562966276404183930e+01
8.500000000000000000e+01 -8.332840276268035362e-01 5.689056470414181277e+00
8.600000000000000000e+01 7.441702451029950059e-03 1.786813971520862765e+01
8.600000000000000000e+01 -1.328635847001877722e-02 5.416358254854464604e+01
8.600000000000000000e+01 -1.894203183557761558e-02 8.532019554574651465e+01
8.600000000000000000e+01 -5.546651890669398316e-02 2.930356436983093005e+01
8.600000000000000000e+01 -8.481046855118234973e-01 5.765451097828544036e+00
8.700000000000000000e+01 1.934162806621949129e-02 1.720566095953197205e+01
8.700000000000000000e+01 -1.374112604319701995e-02 5.359332697625659137e+01
8.700000000000000000e+01 -1.910219063330618333e-02 8.499241005629944823e+01
8.700000000000000000e+01 -5.827996968111587989e-02 2.919718613472629798e+01
8.700000000000000000e+01 -8.617275871569458623e-01 5.844052572563171566e+00
8.800000000000000000e+01 3.135584737669409872e-02 1.658352916409973687e+01
8.800000000000000000e+01 -1.416140299075507349e-02 5.305445129009780203e+01
8.800000000000000000e+01 -1.925647165571985411e-02 8.464691459919849592e+01
8.800000000000000000e+01 -6.086708199816101561e-02 2.908204758380789912e+01
8.800000000000000000e+01 -8.741047962365469104e-01 5.924512248527912917e+00
8.900000000000000000e+01 4.337850523331052144e-02 1.600201236922967851e+01
8.900000000000000000e+01 -1.454641913834910788e-02 5.254406409164890590e+01
8.900000000000000000e+01 -1.940521405778195332e-02 8.428452201877709626e+01
8.900000000000000000e+01 -6.325270417092050679e-02 2.895818276673258040e+01
8.900000000000000000e+01 -8.851204371448255781e-01 6.006660849627460941e+00
9.000000000000000000e+01 5.530730194233968861e-02 1.546024569311300745e+01
9.000000000000000000e+01 -1.489598243730694965e-02 5.205926555789779542e+01
9.000000000000000000e+01 -1.954894146570160599e-02 8.390632580475457303e+01
9.000000000000000000e+01 -6.545780344126315986e-02 2.882578007600853809e+01
9.000000000000000000e+01 -8.948023019675936940e-01 6.090238858543777667e+00
