1.000000000000000000e+01 2.934706876862005673e-04 5.402626999999999846e-01 4.175146967851280262e-03
1.100000000000000000e+01 3.565929413593059666e-04 5.402540000000000120e-01 5.066725622813162376e-03
1.200000000000000000e+01 4.263309346631881467e-04 5.402424000000000115e-01 6.049150082922638907e-03
1.300000000000000000e+01 5.028548930910603683e-04 5.402274000000000242e-01 7.124063476427387916e-03
1.400000000000000000e+01 5.863518482654490232e-04 5.402082999999999746e-01 8.293256117776962380e-03
1.500000000000000000e+01 6.770268032874601554e-04 5.401842999999999506e-01 9.558676452994506814e-03
1.600000000000000000e+01 7.751030262396399863e-04 5.401546999999999876e-01 1.092242803182734250e-02
1.700000000000000000e+01 8.808219510866578368e-04 5.401184999999999459e-01 1.238676049269958612e-02
1.800000000000000000e+01 9.944467188809562406e-04 5.400747000000000186e-01 1.395411242008854844e-02
1.900000000000000000e+01 1.116257906389361409e-03 5.400220999999999494e-01 1.562704046983348638e-02
2.000000000000000000e+01 1.246559797849859695e-03 5.399597000000000424e-01 1.740830012836539625e-02
2.100000000000000000e+01 1.385676967707492879e-03 5.398859000000000297e-01 1.930078580515151923e-02
2.200000000000000000e+01 1.533957779143781466e-03 5.397994000000000403e-01 2.130757068573024132e-02
2.300000000000000000e+01 1.691773189190158913e-03 5.396984000000000226e-01 2.343187674200876772e-02
2.400000000000000000e+01 1.859518951884327979e-03 5.395811999999999831e-01 2.567709462704138856e-02
2.500000000000000000e+01 2.037615190777912130e-03 5.394459000000000337e-01 2.804676365608468197e-02
2.600000000000000000e+01 2.226508721800500752e-03 5.392902000000000529e-01 3.054459169300501042e-02
2.700000000000000000e+01 2.437237560467169287e-03 5.391019999999999701e-01 3.331349690623817278e-02
2.800000000000000000e+01 2.651267758847992376e-03 5.388956000000000301e-01 3.610584894354412766e-02
2.900000000000000000e+01 2.877931123136615726e-03 5.386606000000000449e-01 3.904230075555287227e-02
3.000000000000000000e+01 3.117862123443799777e-03 5.383934999999999693e-01 4.212802067366231557e-02
3.100000000000000000e+01 3.371621598968915692e-03 5.380911999999999917e-01 4.536695919892960033e-02
3.200000000000000000e+01 3.639896681713305267e-03 5.377496999999999971e-01 4.876441129772124405e-02
3.300000000000000000e+01 3.923374725094055417e-03 5.373649999999999816e-01 5.232537118835147577e-02
3.400000000000000000e+01 4.228678263259304584e-03 5.369235999999999454e-01 5.612873910319141763e-02
3.500000000000000000e+01 4.545935626977122210e-03 5.364360999999999713e-01 6.004611086896410876e-02
3.600000000000000000e+01 4.880812282547720461e-03 5.358901999999999832e-01 6.414419377833056879e-02
3.700000000000000000e+01 5.234117076468137314e-03 5.352801999999999838e-01 6.842811389584697868e-02
3.800000000000000000e+01 5.606687186784538313e-03 5.345997999999999584e-01 7.290298528051565585e-02
3.900000000000000000e+01 5.999338190399351560e-03 5.338424000000000502e-01 7.757329196344220357e-02
4.000000000000000000e+01 6.412920474089681480e-03 5.330008999999999997e-01 8.244358571252158319e-02
4.100000000000000000e+01 6.848270795970221210e-03 5.320675999999999739e-01 8.751789797887060685e-02
4.200000000000000000e+01 7.311330616990544158e-03 5.310224999999999529e-01 9.285923779395839628e-02
4.300000000000000000e+01 7.793489429385351726e-03 5.298785000000000300e-01 9.836046480793642077e-02
4.400000000000000000e+01 8.299864721209361876e-03 5.286167000000000504e-01 1.040748518127272149e-01
4.500000000000000000e+01 8.831157786293798370e-03 5.272280000000000300e-01 1.100036328947184561e-01
4.600000000000000000e+01 9.387982725798103487e-03 5.257024999999999615e-01 1.161467550873548776e-01
4.700000000000000000e+01 9.970875304627037708e-03 5.240304999999999547e-01 1.225031784844066440e-01
4.800000000000000000e+01 1.058024172117446975e-02 5.222018999999999966e-01 1.290702683327800415e-01
4.900000000000000000e+01 1.121636955862499382e-02 5.202067000000000219e-01 1.358440949992973101e-01
5.000000000000000000e+01 1.188270620317118803e-02 5.180232999999999643e-01 1.428544906761749222e-01
5.100000000000000000e+01 1.257282493246273357e-02 5.156635999999999997e-01 1.500254184467944285e-01
5.200000000000000000e+01 1.328953414679659266e-02 5.131080000000000085e-01 1.573805400458507253e-01
5.300000000000000000e+01 1.403242263342459328e-02 5.103478999999999655e-01 1.649091580998309492e-01
5.400000000000000000e+01 1.480084391510419484e-02 5.073750999999999678e-01 1.725983863143423225e-01
5.500000000000000000e+01 1.559395410642558030e-02 5.041826000000000363e-01 1.804338485362688704e-01
5.600000000000000000e+01 1.641070493816425974e-02 5.007639999999999869e-01 1.883995789973662016e-01
5.700000000000000000e+01 1.724984873049937445e-02 4.971144000000000118e-01 1.964782224548799472e-01
5.800000000000000000e+01 1.810993939057775268e-02 4.932301000000000046e-01 2.046510341217891438e-01
5.900000000000000000e+01 1.898937725909029609e-02 4.891085000000000016e-01 2.128984779959670615e-01
6.000000000000000000e+01 1.988642007617556426e-02 4.847487999999999797e-01 2.212003263375603990e-01
6.100000000000000000e+01 2.079919793757955063e-02 4.801510999999999973e-01 2.295357588673423432e-01
6.200000000000000000e+01 2.172575217044972820e-02 4.753172999999999981e-01 2.378837610250115753e-01
6.300000000000000000e+01 2.266409513607121895e-02 4.702504000000000128e-01 2.462238214967062966e-01
6.400000000000000000e+01 2.361219529560996261e-02 4.649545999999999957e-01 2.545355322825497701e-01
6.500000000000000000e+01 2.456752363971285297e-02 4.594386999999999777e-01 2.627942096690311646e-01
6.600000000000000000e+01 2.552941624338300741e-02 4.537006000000000094e-01 2.709936849425406691e-01
6.700000000000000000e+01 2.649506888640509178e-02 4.477530000000000121e-01 2.791076897271486112e-01
6.800000000000000000e+01 2.746264029454246677e-02 4.416042000000000023e-01 2.871195117534044994e-01
6.900000000000000000e+01 2.843039982095441065e-02 4.352625999999999995e-01 2.950138344346940888e-01
7.000000000000000000e+01 2.939782417527220248e-02 4.287303000000000086e-01 3.027847799558457953e-01
7.100000000000000000e+01 3.036161232117955827e-02 4.220273999999999970e-01 3.104065156584553953e-01
7.200000000000000000e+01 3.131919317640979167e-02 4.151741999999999932e-01 3.178567666315919027e-01
7.300000000000000000e+01 3.227274913099788950e-02 4.081554000000000015e-01 3.251529230008942672e-01
7.400000000000000000e+01 3.321967009546551025e-02 4.009915000000000007e-01 3.322741160017387840e-01
7.500000000000000000e+01 3.415896706305201341e-02 3.936921999999999922e-01 3.392124955012203458e-01
7.600000000000000000e+01 3.508980156425564600e-02 3.862672999999999801e-01 3.459615040143109166e-01
7.700000000000000000e+01 3.601141188359870127e-02 3.787261000000000100e-01 3.525153806423365621e-01
7.800000000000000000e+01 3.692317389643262615e-02 3.710781000000000218e-01 3.588693573072333498e-01
7.900000000000000000e+01 3.782456316150412112e-02 3.633323999999999998e-01 3.650196614022935271e-01
8.000000000000000000e+01 3.871513399401303041e-02 3.554977000000000276e-01 3.709632165229501677e-01
8.100000000000000000e+01 3.959457331946907022e-02 3.475825000000000164e-01 3.766978391893286426e-01
8.200000000000000000e+01 4.046260991726620404e-02 3.395950999999999831e-01 3.822219444599841975e-01
8.300000000000000000e+01 4.131909422580667957e-02 3.315431999999999824e-01 3.875345403513845710e-01
8.400000000000000000e+01 4.216373507320344410e-02 3.234365000000000157e-01 3.926340433172145761e-01
8.500000000000000000e+01 4.299914371442135896e-02 3.152510000000000034e-01 3.975390164242334490e-01
8.600000000000000000e+01 4.381887317114933206e-02 3.070683000000000162e-01 4.022050010920471541e-01
8.700000000000000000e+01 4.462856778419174719e-02 2.988318999999999837e-01 4.066709985964922502e-01
8.800000000000000000e+01 4.542711274420297568e-02 2.905595000000000261e-01 4.109306712644845705e-01
8.900000000000000000e+01 4.621441631909626452e-02 2.822603000000000195e-01 4.149834240454176038e-01
9.000000000000000000e+01 4.699070082693623807e-02 2.739390999999999909e-01 4.188311460329041669e-01
