1.000000000000000000e+01 -2.240095903130116643e-05 1.120350932093235627e+02
1.000000000000000000e+01 -3.857984700226940299e-03 4.349106677476365945e+01
1.000000000000000000e+01 -4.409457322600059820e-02 4.712593007940101053e+00
1.000000000000000000e+01 -6.849612399672276759e-03 3.097632996580194131e+01
1.000000000000000000e+01 -3.727978657980719670e-03 8.766476583258089761e+01
1.000000000000000000e+01 -5.701354980065270750e-01 7.391705862726794862e+00
1.000000000000000000e+01 -1.000000000000000000e+00 4.549546740317049753e+00
1.000000000000000000e+01 -8.780164144340630861e-01 6.202766852613248894e+00
1.000000000000000000e+01 -9.988300076291245500e-01 6.664316719293227109e+00
1.000000000000000000e+01 -1.000000000000000000e+00 6.957753571608741083e+00
1.000000000000000000e+01 -8.817372899104671813e-01 8.042335127424221852e+00
1.100000000000000000e+01 -2.740435306006272631e-05 1.122556069501800806e+02
1.100000000000000000e+01 -4.225600340244584606e-03 4.348034170622825201e+01
1.100000000000000000e+01 -4.901897666843833823e-02 4.712931346721488168e+00
1.100000000000000000e+01 -7.514743874130277654e-03 3.098449413872587144e+01
1.100000000000000000e+01 -3.720505387095456203e-03 8.781198197311302067e+01
1.100000000000000000e+01 -5.709674154412123226e-01 8.096032264974658332e+00
1.100000000000000000e+01 -1.000000000000000000e+00 4.997629740942533871e+00
1.100000000000000000e+01 -8.768414174079952605e-01 6.834628416525376338e+00
1.100000000000000000e+01 -9.984660869999654187e-01 7.388723000806304064e+00
1.100000000000000000e+01 -1.000000000000000000e+00 7.623496098798104192e+00
1.100000000000000000e+01 -8.852805838867622290e-01 8.850659441110950709e+00
1.200000000000000000e+01 -3.482045033146385991e-05 1.123731090073350032e+02
1.200000000000000000e+01 -4.602967554300545043e-03 4.346162954475196472e+01
1.200000000000000000e+01 -5.399281969327357489e-02 4.713044389316534577e+00
1.200000000000000000e+01 -8.211498982803371038e-03 3.099071401588467367e+01
1.200000000000000000e+01 -3.747125596052894997e-03 8.792457075202852934e+01
1.200000000000000000e+01 -5.718040301072176979e-01 8.799760102363878289e+00
1.200000000000000000e+01 -1.000000000000000000e+00 5.444448364979185051e+00
1.200000000000000000e+01 -8.772065259635958290e-01 7.476570319792656960e+00
1.300000000000000000e+01 -4.520387807593075318e-05 1.124027443709986045e+02
1.300000000000000000e+01 -4.989398897856896394e-03 4.343599506990503301e+01
1.300000000000000000e+01 -8.937091836354507657e-03 3.099541023009133411e+01
1.300000000000000000e+01 -5.901800935961257905e-02 4.712952910360255210e+00
1.300000000000000000e+01 -3.800580279194873401e-03 8.801237894142185780e+01
1.300000000000000000e+01 -5.725872287957858298e-01 9.506111899141542310e+00
1.300000000000000000e+01 -1.000000000000000000e+00 5.889815613848654152e+00
1.300000000000000000e+01 -8.786622340829135513e-01 8.114639444796576839e+00
1.400000000000000000e+01 -5.918041677902291400e-05 1.123523400793946792e+02
1.400000000000000000e+01 -5.384309664605993820e-03 4.340403033977496960e+01
1.400000000000000000e+01 -9.689522793614778820e-03 3.099885555223306710e+01
1.400000000000000000e+01 -6.409568053791685205e-02 4.712671145259033523e+00
1.400000000000000000e+01 -3.875568208999151994e-03 8.808191922190553669e+01
1.400000000000000000e+01 -5.734790447611086694e-01 1.021461984886292917e+01
1.400000000000000000e+01 -1.000000000000000000e+00 6.333831028013467979e+00
1.400000000000000000e+01 -8.807358708347139409e-01 8.748136129808855799e+00
1.500000000000000000e+01 -7.742552814918462231e-05 1.122250842070141488e+02
1.500000000000000000e+01 -5.787168770454818520e-03 4.336602947910786554e+01
1.500000000000000000e+01 -1.046731939811407393e-02 3.100122474342002832e+01
1.500000000000000000e+01 -6.922676628305982072e-02 4.712210574950533193e+00
1.500000000000000000e+01 -3.968114132011567492e-03 8.813761843313210420e+01
1.500000000000000000e+01 -5.745328495463383200e-01 1.092571322821202173e+01
1.500000000000000000e+01 -1.000000000000000000e+00 6.776526901104118039e+00
1.600000000000000000e+01 -1.006370918131842447e-04 1.120211776293014054e+02
1.600000000000000000e+01 -6.197459923502981333e-03 4.332208707224110356e+01
1.600000000000000000e+01 -1.126937580569649724e-02 3.100262502405040976e+01
1.600000000000000000e+01 -7.441234951397877884e-02 4.711582286006279929e+00
1.600000000000000000e+01 -4.075164401107149274e-03 8.818255234666384013e+01
1.600000000000000000e+01 -5.757237705537826544e-01 1.164148425063495118e+01
1.600000000000000000e+01 -1.000000000000000000e+00 7.217842097628188291e+00
1.700000000000000000e+01 -1.295026540273208886e-04 1.117389243825690812e+02
1.700000000000000000e+01 -6.614651242426584921e-03 4.327215533458888075e+01
1.700000000000000000e+01 -4.194323712233040576e-03 8.821889383986834332e+01
1.700000000000000000e+01 -1.209485596493032819e-02 3.100311793415346528e+01
1.700000000000000000e+01 -7.965382269700214957e-02 4.710798547814553316e+00
1.700000000000000000e+01 -5.770051321919098530e-01 1.236552129925828147e+01
1.700000000000000000e+01 -1.000000000000000000e+00 7.657653908142062704e+00
1.800000000000000000e+01 -1.646632876921659398e-04 1.113754972889785364e+02
1.800000000000000000e+01 -7.038170990289604502e-03 4.321607776625512543e+01
1.800000000000000000e+01 -4.323677531402543225e-03 8.824819398016465755e+01
1.800000000000000000e+01 -8.495293409695151010e-02 4.709873523414021435e+00
1.800000000000000000e+01 -1.294313902902429446e-02 3.100273508746545659e+01
1.800000000000000000e+01 -5.783500815738825684e-01 1.310297524731442032e+01
1.900000000000000000e+01 -2.066768889116608703e-04 1.109275139367724705e+02
1.900000000000000000e+01 -7.467388016645668501e-03 4.315360882059184178e+01
1.900000000000000000e+01 -4.461675787998160662e-03 8.827156159573027594e+01
1.900000000000000000e+01 -9.031180958542191217e-02 4.708821660573940804e+00
1.900000000000000000e+01 -1.381379345640967003e-02 3.100148772629940908e+01
2.000000000000000000e+01 -2.559824151069673846e-04 1.103914864889425900e+02
2.000000000000000000e+01 -7.901630690779787303e-03 4.308442526652584803e+01
2.000000000000000000e+01 -4.607043774740469597e-03 8.828978432357136796e+01
2.000000000000000000e+01 -9.573290316068103212e-02 4.707658659036328963e+00
2.000000000000000000e+01 -1.470656116591955234e-02 3.099937438353452279e+01
2.100000000000000000e+01 -3.128641510885127319e-04 1.097641926324797623e+02
2.100000000000000000e+01 -8.340229428619399740e-03 4.300813763745598095e+01
2.100000000000000000e+01 -4.758608585137369222e-03 8.830340321216054633e+01
2.100000000000000000e+01 -1.012189772691223649e-01 4.706400130515103974e+00
2.100000000000000000e+01 -1.562132262907242955e-02 3.099638237019915010e+01
2.200000000000000000e+01 -3.774643958369227454e-04 1.090429694933371678e+02
2.200000000000000000e+01 -8.782362684133574598e-03 4.292429360167846397e+01
2.200000000000000000e+01 -4.915278243961038358e-03 8.831275307454778556e+01
2.200000000000000000e+01 -1.067730627070025695e-01 4.705061470650721667e+00
2.200000000000000000e+01 -1.655809913757492341e-02 3.099249095045906088e+01
2.300000000000000000e+01 -4.498130177903172044e-04 1.082259508802413990e+02
2.300000000000000000e+01 -9.227200037855685238e-03 4.283236958753571599e+01
2.300000000000000000e+01 -5.076110329492018736e-03 8.831800136769413712e+01
2.300000000000000000e+01 -1.123984230799397604e-01 4.703657669299308175e+00
2.300000000000000000e+01 -1.751708839876466028e-02 3.098767443422173784e+01
2.400000000000000000e+01 -5.298589053996540345e-04 1.073122518763147042e+02
2.400000000000000000e+01 -9.673738783951812623e-03 4.273176976662265503e+01
2.400000000000000000e+01 -5.240238273755269682e-03 8.831915998216393859e+01
2.400000000000000000e+01 -1.180985079365063778e-01 4.702203808150820841e+00
2.400000000000000000e+01 -1.849863383834797481e-02 3.098190043131311100e+01
2.500000000000000000e+01 -6.175278814484314819e-04 1.063021227893331258e+02
2.500000000000000000e+01 -1.012076656787748268e-02 4.262182282697503410e+01
2.500000000000000000e+01 -5.406675222413853503e-03 8.831607562876786233e+01
2.500000000000000000e+01 -1.238769825084889836e-01 4.700712760600151974e+00
2.500000000000000000e+01 -1.950303446452756467e-02 3.097512971555025629e+01
2.600000000000000000e+01 -7.128507237871991274e-04 1.051970570487583103e+02
2.600000000000000000e+01 -1.056688389105844492e-02 4.250181394448242855e+01
2.600000000000000000e+01 -5.573668084774551466e-03 8.830836171422774328e+01
2.600000000000000000e+01 -1.297376148893418513e-01 4.699198769773732742e+00
2.600000000000000000e+01 -2.053110595516557946e-02 3.096731786372149742e+01
2.700000000000000000e+01 -8.161197482248563374e-04 1.039998201008003065e+02
2.700000000000000000e+01 -1.101068176261583986e-02 4.237092318634128674e+01
2.700000000000000000e+01 -5.740285628397471564e-03 8.829547820710867256e+01
2.700000000000000000e+01 -1.356843118149941574e-01 4.697675145380936890e+00
2.700000000000000000e+01 -2.158386224946801449e-02 3.095840494024187706e+01
2.800000000000000000e+01 -9.282237499405118645e-04 1.027146220454008159e+02
2.800000000000000000e+01 -1.145045692652139555e-02 4.222825641975350663e+01
2.800000000000000000e+01 -5.904254926550394841e-03 8.827650500810102585e+01
2.800000000000000000e+01 -1.417210827157875663e-01 4.696154968520726669e+00
2.800000000000000000e+01 -2.266231603502063749e-02 3.094832805705841139e+01
2.900000000000000000e+01 -1.058064131028802878e-03 1.012492619325720966e+02
2.900000000000000000e+01 -1.188526551135700438e-02 4.206775475087277272e+01
2.900000000000000000e+01 -6.061026723917961774e-03 8.824743321557897957e+01
2.900000000000000000e+01 -1.477751406428373104e-01 4.697903130644157876e+00
2.900000000000000000e+01 -2.377247894754228388e-02 3.093690663630358628e+01
3.000000000000000000e+01 -1.197742069185702427e-03 9.978937086877147067e+01
3.000000000000000000e+01 -1.230979698138123454e-02 4.189701836298797843e+01
3.000000000000000000e+01 -6.206885208429519830e-03 8.821013351017023751e+01
3.000000000000000000e+01 -1.539791156883541789e-01 4.697190388311944353e+00
3.000000000000000000e+01 -2.490744406920920515e-02 3.092423467483654065e+01
3.100000000000000000e+01 -1.361052690041049439e-03 9.826320509794889801e+01
3.100000000000000000e+01 -1.272274139914325759e-02 4.171090296062914859e+01
3.100000000000000000e+01 -6.332084006327601614e-03 8.815890027912863047e+01
3.100000000000000000e+01 -1.602788516027784660e-01 4.696665712727371655e+00
3.100000000000000000e+01 -2.607322112257347627e-02 3.091012335577836723e+01
3.200000000000000000e+01 -1.564722265783210923e-03 9.668415068699697201e+01
3.200000000000000000e+01 -1.312071750624559802e-02 4.150802212070573916e+01
3.200000000000000000e+01 -6.419203609809736623e-03 8.808697283011574086e+01
3.200000000000000000e+01 -1.666763938019713565e-01 4.696389357104172824e+00
3.200000000000000000e+01 -2.727225280995383000e-02 3.089444726497569604e+01
3.300000000000000000e+01 -1.844137431652892499e-03 9.507368590766293437e+01
3.300000000000000000e+01 -1.349964766882873202e-02 4.128695385647881722e+01
3.300000000000000000e+01 -6.432337333281961701e-03 8.798168529248049197e+01
3.300000000000000000e+01 -1.731752883297380530e-01 4.696357580259486575e+00
3.300000000000000000e+01 -2.850733625385347414e-02 3.087705905378804161e+01
3.400000000000000000e+01 -2.279803647449264292e-03 9.346639617532314048e+01
3.400000000000000000e+01 -6.290837450372213126e-03 8.781673275037206849e+01
3.400000000000000000e+01 -1.385472266921873412e-02 4.104608501129604292e+01
3.400000000000000000e+01 -1.797771672804641396e-01 4.696629746440151187e+00
3.400000000000000000e+01 -2.978187333263867739e-02 3.085778124519053378e+01
3.500000000000000000e+01 -3.054657236733228625e-03 9.193113704073604708e+01
3.500000000000000000e+01 -5.811960580263218247e-03 8.753257390726784593e+01
3.500000000000000000e+01 -1.418013819596317809e-02 4.078370974425469342e+01
3.500000000000000000e+01 -1.864836905744964024e-01 4.697251059363524384e+00
3.500000000000000000e+01 -3.109985319824391803e-02 3.083640274816758620e+01
3.600000000000000000e+01 -4.673000470682595400e-03 8.697473295120603609e+01
3.600000000000000000e+01 -4.494708750401931602e-03 9.057815830445626659e+01
3.600000000000000000e+01 -1.446902769262352166e-02 4.049288476153400751e+01
3.600000000000000000e+01 -1.931890352046410353e-01 4.701421607921092871e+00
3.600000000000000000e+01 -3.247013735999338541e-02 3.081255633986702946e+01
3.700000000000000000e+01 -3.229309903473039089e-03 8.598456240190218125e+01
3.700000000000000000e+01 -6.240697750770716340e-03 8.967696239974718253e+01
3.700000000000000000e+01 -1.471127202145955035e-02 4.018050989011451435e+01
3.700000000000000000e+01 -2.000781835315157409e-01 4.703566073028069283e+00
3.700000000000000000e+01 -3.389094371453801186e-02 3.078611910464675461e+01
3.800000000000000000e+01 -2.347303855521557913e-03 8.457823706321248380e+01
3.800000000000000000e+01 -1.489700605504857590e-02 3.984063607609751756e+01
3.800000000000000000e+01 -7.430245016096556632e-03 8.917535913216428867e+01
3.800000000000000000e+01 -2.070666597063243741e-01 4.706339224637000385e+00
3.800000000000000000e+01 -3.537256195021296068e-02 3.075662517073688207e+01
3.900000000000000000e+01 -2.019368970932427457e-03 8.294668304406472714e+01
3.900000000000000000e+01 -1.501307718663983173e-02 3.947127416884013229e+01
3.900000000000000000e+01 -8.073242561122066785e-03 8.889308581720104030e+01
3.900000000000000000e+01 -2.141522303746065947e-01 4.709820381143154933e+00
3.900000000000000000e+01 -3.692338987599776134e-02 3.072359636383929171e+01
4.000000000000000000e+01 -1.946642512081174069e-03 8.121943223201559192e+01
4.000000000000000000e+01 -1.504325861364655056e-02 3.907050720903419005e+01
4.000000000000000000e+01 -8.471459719641052238e-03 8.871152990460065269e+01
4.000000000000000000e+01 -2.213311882233834349e-01 4.714105817269894416e+00
4.000000000000000000e+01 -3.855366544821216268e-02 3.068642622019519806e+01
4.100000000000000000e+01 -1.985924480136942380e-03 7.946121489769807056e+01
4.100000000000000000e+01 -1.496777971105598196e-02 3.863669159476241788e+01
4.100000000000000000e+01 -8.771611697368118452e-03 8.857720041299491243e+01
4.100000000000000000e+01 -2.285996627955551586e-01 4.719273173118806675e+00
4.100000000000000000e+01 -4.027593189127223056e-02 3.064433036845612079e+01
4.200000000000000000e+01 -2.084968688870073375e-03 7.770694225863418581e+01
4.200000000000000000e+01 -1.476277867262165179e-02 3.816852563747481497e+01
4.200000000000000000e+01 -9.030061423333290982e-03 8.846574256383104284e+01
4.200000000000000000e+01 -2.359515410735447682e-01 4.725431783820788212e+00
4.200000000000000000e+01 -4.210555243961235788e-02 3.059626693777862627e+01
4.300000000000000000e+01 -2.227726205467843012e-03 7.594963263480188687e+01
4.300000000000000000e+01 -1.439362335933964433e-02 3.765865754610942417e+01
4.300000000000000000e+01 -9.270685499241907226e-03 8.836321363753529567e+01
4.300000000000000000e+01 -2.432555651857341295e-01 4.735435058647746942e+00
4.300000000000000000e+01 -4.406665853143729855e-02 3.054052540518725323e+01
4.400000000000000000e+01 -2.406735255358244657e-03 7.426128310264542165e+01
4.400000000000000000e+01 -1.383782893325812696e-02 3.711921378860826337e+01
4.400000000000000000e+01 -9.500236596066698180e-03 8.826618463533002057e+01
4.400000000000000000e+01 -2.507196629067995342e-01 4.744481695271405286e+00
4.400000000000000000e+01 -4.617088902768094055e-02 3.047560496127704965e+01
4.500000000000000000e+01 -2.623302794951693547e-03 7.262819959978739348e+01
4.500000000000000000e+01 -1.305760398097198342e-02 3.654652120779226721e+01
4.500000000000000000e+01 -9.724645031685033580e-03 8.816883757037351188e+01
4.500000000000000000e+01 -2.582339783820086221e-01 4.754971776675855466e+00
4.500000000000000000e+01 -4.844447231254001701e-02 3.039848684920026045e+01
4.600000000000000000e+01 -2.879586883954373192e-03 7.106050073422208868e+01
4.600000000000000000e+01 -1.202419955971942810e-02 3.594422694298231136e+01
4.600000000000000000e+01 -9.946033464690692133e-03 8.806835995926866190e+01
4.600000000000000000e+01 -2.657850683770633937e-01 4.767054233827082044e+00
4.600000000000000000e+01 -5.090410234173057408e-02 3.030512729166687436e+01
4.700000000000000000e+01 -3.177924485781990962e-03 6.956614892114050974e+01
4.700000000000000000e+01 -1.072904398883899220e-02 3.531860629784990380e+01
4.700000000000000000e+01 -1.016542861009006767e-02 8.796267840390987658e+01
4.700000000000000000e+01 -2.733574218414515644e-01 4.780888114710939440e+00
4.700000000000000000e+01 -5.354675041897415111e-02 3.018970919314166323e+01
4.800000000000000000e+01 -3.519882689003569261e-03 6.815105383959181040e+01
4.800000000000000000e+01 -9.214568300165227113e-03 3.467916698982090651e+01
4.800000000000000000e+01 -1.038329904333528883e-02 8.785014285543988422e+01
4.800000000000000000e+01 -2.809330127595603965e-01 4.796649074349280006e+00
4.800000000000000000e+01 -5.631969449393837979e-02 3.004407698424743955e+01
4.900000000000000000e+01 -7.625826174850218984e-03 3.403884807285376013e+01
4.900000000000000000e+01 -3.905630306050922231e-03 6.681929474790963752e+01
4.900000000000000000e+01 -1.059980413810015717e-02 8.772937125780703127e+01
4.900000000000000000e+01 -2.884925662627339515e-01 4.814503871583720063e+00
4.900000000000000000e+01 -5.906985500563480262e-02 2.985754912060637878e+01
5.000000000000000000e+01 -6.261783084771052089e-03 3.340707633300813484e+01
5.000000000000000000e+01 -4.338313931121686590e-03 6.556035094541458363e+01
5.000000000000000000e+01 -1.081577316559242420e-02 8.759761714545703626e+01
5.000000000000000000e+01 -2.958633862422598293e-01 4.837337270081468965e+00
5.000000000000000000e+01 -6.148695924500353904e-02 2.961615560065609287e+01
5.100000000000000000e+01 -5.628666711273316338e-03 3.281086928819352266e+01
5.100000000000000000e+01 -4.806380555481688278e-03 6.439966387464048125e+01
5.100000000000000000e+01 -1.102952374295726803e-02 8.745652312806411999e+01
5.100000000000000000e+01 -3.032924153374751408e-01 4.860409075564535719e+00
5.100000000000000000e+01 -6.307389656336152839e-02 2.931008431358941380e+01
5.200000000000000000e+01 -6.284949629593062324e-03 3.225969532751358315e+01
5.200000000000000000e+01 -5.308755242743657711e-03 6.332368101287855211e+01
5.200000000000000000e+01 -1.124163639040080820e-02 8.730378622842316361e+01
5.200000000000000000e+01 -3.106291354448788566e-01 4.886206568785336657e+00
5.200000000000000000e+01 -6.326876866206727901e-02 2.892759917249148316e+01
5.300000000000000000e+01 -8.661923295957479202e-03 3.176908869599354546e+01
5.300000000000000000e+01 -5.839433333023894696e-03 6.232977054331735900e+01
5.300000000000000000e+01 -1.145192592756914818e-02 8.713844958219873149e+01
5.300000000000000000e+01 -3.178458846220558742e-01 4.914931951626360096e+00
5.300000000000000000e+01 -6.164296585550311375e-02 2.845844181638084081e+01
5.400000000000000000e+01 -6.391663543338932559e-03 6.141418252604194095e+01
5.400000000000000000e+01 -1.274598898886161041e-02 3.135605747601763227e+01
5.400000000000000000e+01 -1.166021928298076674e-02 8.695963381948664050e+01
5.400000000000000000e+01 -3.249136248515129832e-01 4.946788817607365552e+00
5.400000000000000000e+01 -5.821221860730339120e-02 2.789255410706577720e+01
5.500000000000000000e+01 -6.958500982249826022e-03 6.057231774730278318e+01
5.500000000000000000e+01 -1.787636421577661061e-02 3.103002266267620257e+01
5.500000000000000000e+01 -1.186620567232423915e-02 8.676654010561874486e+01
5.500000000000000000e+01 -5.363729050218956490e-02 2.722886342343215205e+01
5.500000000000000000e+01 -3.317917267092266309e-01 4.982001436575479225e+00
5.600000000000000000e+01 -7.533275149595548489e-03 5.979904050522492298e+01
5.600000000000000000e+01 -2.311101348327274443e-02 3.078326710166300728e+01
5.600000000000000000e+01 -1.206967623284081054e-02 8.655845709888939155e+01
5.600000000000000000e+01 -4.886215798218891682e-02 2.648254551712219396e+01
5.600000000000000000e+01 -3.384740531873822733e-01 5.020703924855689948e+00
5.700000000000000000e+01 -8.113420051952379558e-03 5.908576560204107153e+01
5.700000000000000000e+01 -2.785301006279059660e-02 3.059143282760533467e+01
5.700000000000000000e+01 -1.227094323115691249e-02 8.633346765171236825e+01
5.700000000000000000e+01 -4.447766753333626255e-02 2.567983257741051517e+01
5.700000000000000000e+01 -3.448084726507900655e-01 5.065101705122467379e+00
5.800000000000000000e+01 -8.686710059181911373e-03 5.843346079639133706e+01
5.800000000000000000e+01 -3.189326580969711888e-02 3.043257007105074052e+01
5.800000000000000000e+01 -4.070325010716029784e-02 2.485649043579024209e+01
5.800000000000000000e+01 -1.246895837666724821e-02 8.609361559579497225e+01
5.800000000000000000e+01 -3.509859226587773717e-01 5.111516570043225904e+00
5.900000000000000000e+01 -9.251882126867078809e-03 5.783323191760707971e+01
5.900000000000000000e+01 -3.742483802801167825e-02 2.402781133225506238e+01
5.900000000000000000e+01 -3.534058288285264748e-02 3.029141723787183338e+01
5.900000000000000000e+01 -1.266399221941033430e-02 8.583733047244116676e+01
5.900000000000000000e+01 -3.568808073515110091e-01 5.161916600463164251e+00
6.000000000000000000e+01 -9.805530674840334457e-03 5.727977874660025037e+01
6.000000000000000000e+01 -3.451731536884103391e-02 2.320642643788899662e+01
6.000000000000000000e+01 -1.285598948194895813e-02 8.556448468076662550e+01
6.000000000000000000e+01 -3.831845941747131362e-02 3.015918417322305700e+01
6.000000000000000000e+01 -3.624745214602316801e-01 5.216412632168639263e+00
6.100000000000000000e+01 -1.034512893532471903e-02 5.676806031178985279e+01
6.100000000000000000e+01 -3.187055622196392074e-02 2.240078344887716355e+01
6.100000000000000000e+01 -1.304486400660917478e-02 8.527506245385644945e+01
6.100000000000000000e+01 -4.093529326714145933e-02 3.003071843230554450e+01
6.100000000000000000e+01 -3.677526989697720294e-01 5.275091509370707143e+00
6.200000000000000000e+01 -1.086887133127986509e-02 5.629338040015591815e+01
6.200000000000000000e+01 -2.940043197305780912e-02 2.161669557389753749e+01
6.200000000000000000e+01 -1.323063371258492021e-02 8.496924135755692475e+01
6.200000000000000000e+01 -4.327382905743715896e-02 2.990290554894733077e+01
6.200000000000000000e+01 -3.727061157958123649e-01 5.338012698256887845e+00
6.300000000000000000e+01 -2.704558556030956309e-02 2.085820713398061343e+01
6.300000000000000000e+01 -1.137566369059970529e-02 5.585140444060727560e+01
6.300000000000000000e+01 -1.341335949765933705e-02 8.464738316735791557e+01
6.300000000000000000e+01 -4.539470132423376048e-02 2.977378586937982163e+01
6.300000000000000000e+01 -3.773311792589147950e-01 5.405208044921744559e+00
6.400000000000000000e+01 -2.476205526995864034e-02 2.012808702914873393e+01
6.400000000000000000e+01 -1.186498821882137414e-02 5.543816853164780412e+01
6.400000000000000000e+01 -1.359315710394217065e-02 8.431003557220067535e+01
6.400000000000000000e+01 -4.734198884425921960e-02 2.964208456388322332e+01
6.400000000000000000e+01 -3.816304719711302584e-01 5.476678794300241293e+00
6.500000000000000000e+01 -2.251851955696631408e-02 1.942812173488897542e+01
6.500000000000000000e+01 -1.233679501144836765e-02 5.505007076002562627e+01
6.500000000000000000e+01 -1.377019948649605731e-02 8.395792173697383021e+01
6.500000000000000000e+01 -4.914790713465161387e-02 2.950695437211118843e+01
6.500000000000000000e+01 -3.856125317748024250e-01 5.552402312037015619e+00
6.600000000000000000e+01 -2.029265769758727828e-02 1.875932048729500679e+01
6.600000000000000000e+01 -1.279139448651015615e-02 5.468385733670569948e+01
6.600000000000000000e+01 -1.394471361239684598e-02 8.359192951868087107e+01
6.600000000000000000e+01 -5.083621038465014480e-02 2.936783117625240180e+01
6.600000000000000000e+01 -3.892919714053263425e-01 5.632331582070619902e+00
6.700000000000000000e+01 -1.806833924363764401e-02 1.812206518461417915e+01
6.700000000000000000e+01 -1.322936833692657695e-02 5.433660097979566217e+01
6.700000000000000000e+01 -1.411697612395640573e-02 8.321309255929185156e+01
6.700000000000000000e+01 -5.242459671287588024e-02 2.922434766868897427e+01
6.700000000000000000e+01 -3.926891513464496053e-01 5.716399724277253291e+00
6.800000000000000000e+01 -1.583343733538490963e-02 1.751623247904531055e+01
6.800000000000000000e+01 -1.365149305547186560e-02 5.400567676017185903e+01
6.800000000000000000e+01 -1.428730693764255176e-02 8.282256755721280683e+01
6.800000000000000000e+01 -5.392637884541334053e-02 2.907627950567381347e+01
6.800000000000000000e+01 -3.958297505016030171e-01 5.804524563142769544e+00
6.900000000000000000e+01 -1.357807643065423245e-02 1.694129715344428533e+01
6.900000000000000000e+01 -1.405867704373592320e-02 5.368873660182701713e+01
6.900000000000000000e+01 -1.445606132911340068e-02 8.242160822023390665e+01
6.900000000000000000e+01 -5.535165018836159939e-02 2.892350972587404812e+01
6.900000000000000000e+01 -3.987442632670922249e-01 5.896613213522161168e+00
7.000000000000000000e+01 -1.129319803663805799e-02 1.639642265934415732e+01
7.000000000000000000e+01 -1.445190969368622194e-02 5.338368426705934411e+01
7.000000000000000000e+01 -1.462362129703749167e-02 8.201153782711882911e+01
7.000000000000000000e+01 -5.670810605159715134e-02 2.876600394187189735e+01
7.000000000000000000e+01 -4.014674455587916579e-01 5.992566785457461798e+00
7.100000000000000000e+01 -8.970987979269663334e-03 1.588060091521219519e+01
7.100000000000000000e+01 -1.483126170164104744e-02 5.308840539809435199e+01
7.100000000000000000e+01 -1.478999057610932456e-02 8.159412376712940329e+01
7.100000000000000000e+01 -5.799965339104627693e-02 2.860384227084347941e+01
7.100000000000000000e+01 -4.040929186021344766e-01 6.091372627797866812e+00
7.200000000000000000e+01 -6.596416966780447276e-03 1.539239120139040295e+01
7.200000000000000000e+01 -1.519996493241264346e-02 5.280174568554026138e+01
7.200000000000000000e+01 -1.495645687662598353e-02 8.116978211612590144e+01
7.200000000000000000e+01 -5.923534060918497074e-02 2.843697077699632203e+01
7.200000000000000000e+01 -4.065360055982061294e-01 6.195008563515872702e+00
7.300000000000000000e+01 -4.159312451038225944e-03 1.493065170181620793e+01
7.300000000000000000e+01 -1.555776940855942668e-02 5.252198015001465592e+01
7.300000000000000000e+01 -1.512294254864333248e-02 8.074047290087561635e+01
7.300000000000000000e+01 -6.041585675339151973e-02 2.826560308869872529e+01
7.300000000000000000e+01 -4.089147575876167506e-01 6.302181950394786902e+00
7.400000000000000000e+01 -1.643612302013450514e-03 1.449398908745120451e+01
7.400000000000000000e+01 -1.590564289607044809e-02 5.224778059803215768e+01
7.400000000000000000e+01 -1.528983974487805632e-02 8.030753612498084237e+01
7.400000000000000000e+01 -6.154372223028043570e-02 2.808988838903582419e+01
7.400000000000000000e+01 -4.112768725630587818e-01 6.412787197762517266e+00
7.500000000000000000e+01 9.702654415432531267e-04 1.408100648534378330e+01
7.500000000000000000e+01 -1.624449662337814834e-02 5.197796348030935576e+01
7.500000000000000000e+01 -1.545752413124657811e-02 7.987225785258922883e+01
7.500000000000000000e+01 -6.262074582996693395e-02 2.790999725740460491e+01
7.500000000000000000e+01 -4.136722330697321648e-01 6.526719099273445401e+00
7.600000000000000000e+01 3.708041153924485165e-03 1.368987874061652654e+01
7.600000000000000000e+01 -1.657450558933887957e-02 5.171086878002124365e+01
7.600000000000000000e+01 -1.562582161034977227e-02 7.943569750696391907e+01
7.600000000000000000e+01 -6.364657896501049739e-02 2.772594552512277488e+01
7.600000000000000000e+01 -4.161954305518603681e-01 6.643048174172996312e+00
7.700000000000000000e+01 6.591766662364136400e-03 1.332037242639920294e+01
7.700000000000000000e+01 -1.689834089942169812e-02 5.144703989732883542e+01
7.700000000000000000e+01 -1.579642015818587264e-02 7.899912054195030464e+01
7.700000000000000000e+01 -6.462611104767913839e-02 2.753827468500098163e+01
7.700000000000000000e+01 -4.187821812111792719e-01 6.763843479624878974e+00
7.800000000000000000e+01 9.654778342401901248e-03 1.297075461894590553e+01
7.800000000000000000e+01 -1.721530450457732855e-02 5.118475238514771064e+01
7.800000000000000000e+01 -1.596874202022274120e-02 7.856369866707917993e+01
7.800000000000000000e+01 -6.555675386988117637e-02 2.734703566598145486e+01
7.800000000000000000e+01 -4.215697205390003810e-01 6.887456982148679074e+00
7.900000000000000000e+01 1.293077598003801801e-02 1.263996095273739861e+01
7.900000000000000000e+01 -1.752592496354895071e-02 5.092323398781846322e+01
7.900000000000000000e+01 -1.614302548859634229e-02 7.813037613164340200e+01
7.900000000000000000e+01 -6.643835790614206760e-02 2.715242480551677673e+01
7.900000000000000000e+01 -4.246126159204088313e-01 7.013683560814942375e+00
8.000000000000000000e+01 1.646167586557718138e-02 1.232555382641720954e+01
8.000000000000000000e+01 -1.783105382957928323e-02 5.066035969245135817e+01
8.000000000000000000e+01 -1.631871073505032285e-02 7.769787492652145033e+01
8.000000000000000000e+01 -6.726833015479800892e-02 2.695369065283233567e+01
8.000000000000000000e+01 -4.279774702107523310e-01 7.141602344005143266e+00
8.100000000000000000e+01 2.026054798842664290e-02 1.203123740760526594e+01
8.100000000000000000e+01 -1.812865586206640137e-02 5.039926277767795426e+01
8.100000000000000000e+01 -1.649765089447504871e-02 7.727363535122552207e+01
8.100000000000000000e+01 -6.805022347621221546e-02 2.675381734873301909e+01
8.100000000000000000e+01 -4.317185080970822875e-01 7.271968894712394160e+00
8.200000000000000000e+01 2.436853868939361720e-02 1.175216134381956934e+01
8.200000000000000000e+01 -1.842228495290234441e-02 5.013608729384701945e+01
8.200000000000000000e+01 -1.667882825960632226e-02 7.685119572211348782e+01
8.200000000000000000e+01 -6.877993644102688153e-02 2.655018266802000682e+01
8.200000000000000000e+01 -4.358220724639090271e-01 7.404053583933442262e+00
8.300000000000000000e+01 2.879437250426924305e-02 1.148940298313563524e+01
8.300000000000000000e+01 -1.871055024321113813e-02 4.987137297107355494e+01
8.300000000000000000e+01 -1.686261660395334261e-02 7.643367492707669442e+01
8.300000000000000000e+01 -6.945642267979813822e-02 2.634393823508194643e+01
8.300000000000000000e+01 -4.403459799391505336e-01 7.537203104850921598e+00
8.400000000000000000e+01 3.353084583699011273e-02 1.124297472730824410e+01
8.400000000000000000e+01 -1.899392459911638034e-02 4.960528126994697828e+01
8.400000000000000000e+01 -1.704963182597651200e-02 7.602158610569468067e+01
8.400000000000000000e+01 -7.007926250918880551e-02 2.613542747556534351e+01
8.400000000000000000e+01 -4.452673243650930313e-01 7.671454174535799808e+00
8.500000000000000000e+01 3.856173221504663462e-02 1.101205978170763444e+01
8.500000000000000000e+01 -1.927055769643757147e-02 4.933605496614502073e+01
8.500000000000000000e+01 -1.723864621791651799e-02 7.561541228578157359e+01
8.500000000000000000e+01 -7.064248096400728427e-02 2.592448787689496115e+01
8.500000000000000000e+01 -4.506572392712335784e-01 7.804520164425321482e+00
8.600000000000000000e+01 4.383457813090711058e-02 1.079668897623243140e+01
8.600000000000000000e+01 -1.954080903741318292e-02 4.906397134989184394e+01
8.600000000000000000e+01 -1.743028779172719339e-02 7.521539887839466587e+01
8.600000000000000000e+01 -7.114500483056497571e-02 2.571141705141839040e+01
8.600000000000000000e+01 -4.564423151367372200e-01 7.936524762457277227e+00
8.700000000000000000e+01 4.928022674918963036e-02 1.059649030924690472e+01
8.700000000000000000e+01 -1.980400067206675163e-02 4.878867646056372109e+01
8.700000000000000000e+01 -1.762452427354486637e-02 7.482181839040053717e+01
8.700000000000000000e+01 -7.158349002130132144e-02 2.549636143335714777e+01
8.700000000000000000e+01 -4.625728683577615130e-01 8.066849796696445196e+00
8.800000000000000000e+01 5.481439061708342358e-02 1.041091559220220830e+01
8.800000000000000000e+01 -2.005923991033519913e-02 4.850983849891188981e+01
8.800000000000000000e+01 -1.782130008626447298e-02 7.443488170441851537e+01
8.800000000000000000e+01 -7.195406714281497862e-02 2.527945749559786748e+01
8.800000000000000000e+01 -4.689862505333577958e-01 8.195022000923836814e+00
8.900000000000000000e+01 6.034606929400191527e-02 1.023922087932347225e+01
8.900000000000000000e+01 -2.030540452415236993e-02 4.822714283951442837e+01
8.900000000000000000e+01 -1.802053988054878528e-02 7.405474263483669972e+01
8.900000000000000000e+01 -7.225228368941771784e-02 2.506083131248943729e+01
8.900000000000000000e+01 -4.756148850645503523e-01 8.320757228688782092e+00
9.000000000000000000e+01 6.578629943904315547e-02 1.008048679528215708e+01
9.000000000000000000e+01 -2.054113168905914028e-02 4.794028766955273824e+01
9.000000000000000000e+01 -1.822215099599502550e-02 7.368150265960666445e+01
9.000000000000000000e+01 -7.247303656805639815e-02 2.484059834110116327e+01
9.000000000000000000e+01 -4.823944506544862176e-01 8.443973055193627175e+00
