1.000000000000000000e+01 8.873472468243596978e-04 5.402256000000000835e-01 7.203597094033086824e-03
1.100000000000000000e+01 1.076795720165006371e-03 5.401995000000001657e-01 8.733694245116174065e-03
1.200000000000000000e+01 1.285510953313820804e-03 5.401650000000001173e-01 1.041626689810148595e-02
1.300000000000000000e+01 1.513816155713249229e-03 5.401203000000001087e-01 1.225304455511306082e-02
1.400000000000000000e+01 1.762062637398279560e-03 5.400637000000001464e-01 1.424589532684140611e-02
1.500000000000000000e+01 2.030620281351641111e-03 5.399931000000001147e-01 1.639674851662480115e-02
1.600000000000000000e+01 2.319881275659113791e-03 5.399061000000001664e-01 1.870762136496353228e-02
1.700000000000000000e+01 2.630255775550018917e-03 5.398003000000001217e-01 2.118058935685958322e-02
1.800000000000000000e+01 2.962173238371794762e-03 5.396730000000000693e-01 2.381778605790237091e-02
1.900000000000000000e+01 3.316071750974602678e-03 5.395212000000001451e-01 2.662132382391509469e-02
2.000000000000000000e+01 3.692404321687725328e-03 5.393418000000000934e-01 2.959334340388845852e-02
2.100000000000000000e+01 4.091630458645609952e-03 5.391314000000001494e-01 3.273594444834442702e-02
2.200000000000000000e+01 4.514206576909441868e-03 5.388862000000000929e-01 3.605111616150580289e-02
2.300000000000000000e+01 4.960600049249922622e-03 5.386025000000000951e-01 3.954084640215783930e-02
2.400000000000000000e+01 5.431252027827297886e-03 5.382759000000001404e-01 4.320683407072254539e-02
2.500000000000000000e+01 5.937009728791129044e-03 5.378938000000000885e-01 4.713161241439917104e-02
2.600000000000000000e+01 6.459230465851590643e-03 5.374659000000001630e-01 5.116800638463105816e-02
2.700000000000000000e+01 7.007144153191955521e-03 5.369806000000001411e-01 5.538606325962668747e-02
2.800000000000000000e+01 7.581099206996949093e-03 5.364327000000000956e-01 5.978647574143040877e-02
2.900000000000000000e+01 8.181390266409479736e-03 5.358166000000000873e-01 6.436947968055729830e-02
3.000000000000000000e+01 8.808269884191899032e-03 5.351268000000001246e-01 6.913495339154304697e-02
3.100000000000000000e+01 9.461915407153602062e-03 5.343572000000000877e-01 7.408217991715794482e-02
3.200000000000000000e+01 1.014242995235671227e-02 5.335017000000000786e-01 7.920987713383875750e-02
3.300000000000000000e+01 1.084982559919334122e-02 5.325542000000000886e-01 8.451607891426293762e-02
3.400000000000000000e+01 1.158672946213253063e-02 5.315044000000000990e-01 9.001849711520971964e-02
3.500000000000000000e+01 1.234769116185649614e-02 5.303533000000001385e-01 9.567412540817669953e-02
3.600000000000000000e+01 1.313487678601425387e-02 5.290914000000001005e-01 1.014974074744947885e-01
3.700000000000000000e+01 1.394782253166652539e-02 5.277123000000001340e-01 1.074830503848309693e-01
3.800000000000000000e+01 1.478593204092497684e-02 5.262101000000001250e-01 1.136248908769071503e-01
3.900000000000000000e+01 1.564845827508141649e-02 5.245789000000000701e-01 1.199157666047997867e-01
4.000000000000000000e+01 1.653452612953145578e-02 5.228133000000001473e-01 1.263477249392398194e-01
4.100000000000000000e+01 1.744311726920172098e-02 5.209081000000000961e-01 1.329119240786054701e-01
4.200000000000000000e+01 1.837305962894396696e-02 5.188588000000000644e-01 1.395985335871292865e-01
4.300000000000000000e+01 1.932305643098733081e-02 5.166611000000000953e-01 1.463970330849505841e-01
4.400000000000000000e+01 2.029168263315554374e-02 5.143115000000001436e-01 1.532961119332370004e-01
4.500000000000000000e+01 2.127740136236636742e-02 5.118071000000000703e-01 1.602838687183696098e-01
4.600000000000000000e+01 2.227858701957361950e-02 5.091456000000000870e-01 1.673479091659952900e-01
4.700000000000000000e+01 2.329354469090508598e-02 5.063254000000001476e-01 1.744755452596037093e-01
4.800000000000000000e+01 2.432043603351034464e-02 5.033458000000000654e-01 1.816531998347057641e-01
4.900000000000000000e+01 2.535746875101839090e-02 5.002068000000000625e-01 1.888677938279283153e-01
5.000000000000000000e+01 2.640280235208190135e-02 4.969089000000000977e-01 1.961060525915321318e-01
5.100000000000000000e+01 2.745457125531924544e-02 4.934536000000001033e-01 2.033546038074643125e-01
5.200000000000000000e+01 2.851093353705183575e-02 4.898429000000001365e-01 2.106003745058188936e-01
5.300000000000000000e+01 2.957009105860769135e-02 4.860795000000001087e-01 2.178306893444972581e-01
5.400000000000000000e+01 3.063026807009121624e-02 4.821667000000001146e-01 2.250330717343698717e-01
5.500000000000000000e+01 3.168979127981229327e-02 4.781085000000001028e-01 2.321958385138817027e-01
5.600000000000000000e+01 3.274701375504177059e-02 4.739092000000000859e-01 2.393075047869694383e-01
5.700000000000000000e+01 3.380041313365186872e-02 4.695737000000000938e-01 2.463574771210660930e-01
5.800000000000000000e+01 3.484847824790296422e-02 4.651075000000001181e-01 2.533352614600890562e-01
5.900000000000000000e+01 3.588984461305266827e-02 4.605162000000000977e-01 2.602313532473740088e-01
6.000000000000000000e+01 3.692323476161072510e-02 4.558060000000001000e-01 2.670368417477766432e-01
6.100000000000000000e+01 3.794744506385855365e-02 4.509834000000000898e-01 2.737433109149269850e-01
6.200000000000000000e+01 3.895942643599951266e-02 4.460657000000001204e-01 2.803290706640627072e-01
6.300000000000000000e+01 3.996265395177112795e-02 4.410358000000000889e-01 2.868190835573822817e-01
6.400000000000000000e+01 4.095424633022365368e-02 4.359109000000001011e-01 2.931927471673325125e-01
6.500000000000000000e+01 4.193360906240366920e-02 4.306966000000000960e-01 2.994458021981847295e-01
6.600000000000000000e+01 4.290022941749867258e-02 4.253986000000001266e-01 3.055744830680298119e-01
6.700000000000000000e+01 4.385286736839164035e-02 4.200279000000001206e-01 3.115697736936411388e-01
6.800000000000000000e+01 4.479136845512076553e-02 4.145890000000000963e-01 3.174303832775443035e-01
6.900000000000000000e+01 4.571544443782699779e-02 4.090880000000001182e-01 3.231540299385451953e-01
7.000000000000000000e+01 4.662655332654286333e-02 4.035182000000001046e-01 3.287510127577069619e-01
7.100000000000000000e+01 4.752243955798783615e-02 3.979001000000000898e-01 3.342047832692914278e-01
7.200000000000000000e+01 4.840219148653512882e-02 3.922459000000000917e-01 3.395084008405283016e-01
7.300000000000000000e+01 4.926786262371683767e-02 3.865449000000001356e-01 3.446764237263402753e-01
7.400000000000000000e+01 5.012023215461784698e-02 3.807950000000001056e-01 3.497141968078860685e-01
7.500000000000000000e+01 5.095713721210617941e-02 3.750192000000001080e-01 3.546056639926844500e-01
7.600000000000000000e+01 5.177775614544567750e-02 3.692313000000000400e-01 3.593444781038773739e-01
