1.000000000000000000e+01 6.536300539354792261e-04 5.402401999999999482e-01 6.198465899671159844e-03
1.100000000000000000e+01 7.932102862938575751e-04 5.402209000000000039e-01 7.515327699203559232e-03
1.200000000000000000e+01 9.470039754405705197e-04 5.401955000000000506e-01 8.963571512357498480e-03
1.300000000000000000e+01 1.115259229357329742e-03 5.401626000000000483e-01 1.054476901458952127e-02
1.400000000000000000e+01 1.298244070899271744e-03 5.401207999999999565e-01 1.226060139963766789e-02
1.500000000000000000e+01 1.496249075558592862e-03 5.400686000000000098e-01 1.411288122346347762e-02
1.600000000000000000e+01 1.709579748531914320e-03 5.400044000000000510e-01 1.610347678682527012e-02
1.700000000000000000e+01 1.938561803169576306e-03 5.399262999999999701e-01 1.823436487242956552e-02
1.800000000000000000e+01 2.183541212648655409e-03 5.398321999999999843e-01 2.050762068441724928e-02
1.900000000000000000e+01 2.444874274320146118e-03 5.397199999999999775e-01 2.292532839689759641e-02
2.000000000000000000e+01 2.722935414017115408e-03 5.395872999999999919e-01 2.548965071926200671e-02
2.100000000000000000e+01 3.018112138645482126e-03 5.394314999999999527e-01 2.820277915127409468e-02
2.200000000000000000e+01 3.330805165471864126e-03 5.392498999999999487e-01 3.106693396948102814e-02
2.300000000000000000e+01 3.661418497410496957e-03 5.390395000000000048e-01 3.408427477459769622e-02
2.400000000000000000e+01 4.010369516805036005e-03 5.387971000000000288e-01 3.725698992635267243e-02
2.500000000000000000e+01 4.378077069598404480e-03 5.385193000000000341e-01 4.058718718998172853e-02
2.600000000000000000e+01 4.774874468548956710e-03 5.381939999999999502e-01 4.416649840900815915e-02
2.700000000000000000e+01 5.183042047531427263e-03 5.378319000000000294e-01 4.783249599759136633e-02
2.800000000000000000e+01 5.611407425487039378e-03 5.374223999999999668e-01 5.166329514144978041e-02
2.900000000000000000e+01 6.060356630334295426e-03 5.369610000000000216e-01 5.566034341966800969e-02
3.000000000000000000e+01 6.530282152310725764e-03 5.364430999999999505e-01 5.982506762194793326e-02
3.100000000000000000e+01 7.021523417658145048e-03 5.358638000000000012e-01 6.415835714077118557e-02
3.200000000000000000e+01 7.534407353745655941e-03 5.352181000000000299e-01 6.866093174589632531e-02
3.300000000000000000e+01 8.069209169661129694e-03 5.345005999999999924e-01 7.333300383366972430e-02
3.400000000000000000e+01 8.626158380325163813e-03 5.337058000000000080e-01 7.817434817944525494e-02
3.500000000000000000e+01 9.208786025252383572e-03 5.328228999999999882e-01 8.321343163347293126e-02
3.600000000000000000e+01 9.810848002082307034e-03 5.318557000000000423e-01 8.839354623000716948e-02
3.700000000000000000e+01 1.043535435730023192e-02 5.307939000000000407e-01 9.373874912111061775e-02
3.800000000000000000e+01 1.108224160396301117e-02 5.296317000000000386e-01 9.924628183176112395e-02
3.900000000000000000e+01 1.175134641957669909e-02 5.283632000000000328e-01 1.049125718632864385e-01
4.000000000000000000e+01 1.244242272184327772e-02 5.269823999999999620e-01 1.107334219452041635e-01
4.100000000000000000e+01 1.315510911876867015e-02 5.254837999999999454e-01 1.167037319140348806e-01
4.200000000000000000e+01 1.388891766227219951e-02 5.238616999999999857e-01 1.228174194546831355e-01
4.300000000000000000e+01 1.464326157568399643e-02 5.221107999999999860e-01 1.290677087835610526e-01
4.400000000000000000e+01 1.541745286689246049e-02 5.202261999999999720e-01 1.354471308994566747e-01
4.500000000000000000e+01 1.621064717999911101e-02 5.182031999999999750e-01 1.419470266257187585e-01
4.600000000000000000e+01 1.702191666688634281e-02 5.160375999999999852e-01 1.485582428069422145e-01
4.700000000000000000e+01 1.785022749028968361e-02 5.137258000000000102e-01 1.552709335718343853e-01
4.800000000000000000e+01 1.869443235451721808e-02 5.112645000000000106e-01 1.620744605674403205e-01
4.900000000000000000e+01 1.955328345496702702e-02 5.086511999999999700e-01 1.689575926997493593e-01
5.000000000000000000e+01 2.042547974901651534e-02 5.058840000000000003e-01 1.759088028178084628e-01
5.100000000000000000e+01 2.130959380683098217e-02 5.029618000000000144e-01 1.829157726478722323e-01
5.200000000000000000e+01 2.220421762285194889e-02 4.998837999999999893e-01 1.899664835271054064e-01
5.300000000000000000e+01 2.310784964426423199e-02 4.966501999999999861e-01 1.970483233199178952e-01
5.400000000000000000e+01 2.401901322276572479e-02 4.932617999999999725e-01 2.041490794764616035e-01
5.500000000000000000e+01 2.493617299179679697e-02 4.897198999999999858e-01 2.112561434151141726e-01
5.600000000000000000e+01 2.585783689833239668e-02 4.860266999999999782e-01 2.183574047559571352e-01
5.700000000000000000e+01 2.678253330814559310e-02 4.821847000000000216e-01 2.254410526254536362e-01
5.800000000000000000e+01 2.770883239839477472e-02 4.781970999999999861e-01 2.324956739588250887e-01
5.900000000000000000e+01 2.863533570477729689e-02 4.740674999999999750e-01 2.395101540478614399e-01
6.000000000000000000e+01 2.956068060724446889e-02 4.698002000000000011e-01 2.464737766202815539e-01
