1.000000000000000000e+01 4.549203644392247714e-04 5.402526000000000828e-01 5.182277207091513967e-03
1.100000000000000000e+01 5.520836428898453965e-04 5.402392000000001415e-01 6.283423061812588688e-03
1.200000000000000000e+01 6.591513912144914304e-04 5.402215000000001321e-01 7.494534135964613444e-03
1.300000000000000000e+01 7.763018429456898864e-04 5.401985000000001369e-01 8.816980107509843345e-03
1.400000000000000000e+01 9.037286883494174148e-04 5.401694000000001328e-01 1.025223771466403193e-02
1.500000000000000000e+01 1.041640879238700003e-03 5.401331000000001437e-01 1.180188475005400882e-02
1.600000000000000000e+01 1.190264437837317956e-03 5.400883000000000767e-01 1.346761997885936521e-02
1.700000000000000000e+01 1.349839999551459427e-03 5.400338000000001193e-01 1.525122922391759436e-02
1.800000000000000000e+01 1.520620447323525097e-03 5.399682000000001203e-01 1.715455746573587084e-02
1.900000000000000000e+01 1.702879198955616329e-03 5.398898000000000863e-01 1.917959846122956058e-02
2.000000000000000000e+01 1.896899838077928955e-03 5.397972000000000881e-01 2.132837519251445241e-02
2.100000000000000000e+01 2.102982693224199600e-03 5.396883000000001207e-01 2.360300955870084719e-02
2.200000000000000000e+01 2.321438707043874290e-03 5.395613000000001325e-01 2.600565264487939357e-02
2.300000000000000000e+01 2.552595203591806992e-03 5.394141000000001185e-01 2.853854444673883245e-02
2.400000000000000000e+01 2.796790788489008413e-03 5.392443000000001208e-01 3.120395408755388678e-02
2.500000000000000000e+01 3.054370831744357678e-03 5.390495000000000703e-01 3.400413002239529442e-02
2.600000000000000000e+01 3.325696009107733178e-03 5.388271000000001143e-01 3.694138963464357883e-02
2.700000000000000000e+01 3.620005321998495933e-03 5.385660000000001002e-01 4.011384102320376260e-02
2.800000000000000000e+01 3.921478890520457665e-03 5.382775000000000754e-01 4.334836420766657178e-02
2.900000000000000000e+01 4.238011848487689692e-03 5.379519000000001494e-01 4.672865958706852452e-02
3.000000000000000000e+01 4.570010317374600776e-03 5.375856000000001078e-01 5.025710079799471097e-02
3.100000000000000000e+01 4.917843216430289356e-03 5.371749000000001217e-01 5.393556282188439327e-02
3.200000000000000000e+01 5.281908999592123573e-03 5.367160000000000819e-01 5.776613889659070605e-02
3.300000000000000000e+01 5.662587345915409340e-03 5.362046000000001422e-01 6.175062275660487404e-02
3.400000000000000000e+01 6.060236494865511511e-03 5.356364000000001235e-01 6.589049882798952984e-02
3.500000000000000000e+01 6.475206942413885489e-03 5.350069000000000630e-01 7.018708156490287287e-02
3.600000000000000000e+01 6.911595832184506613e-03 5.343048000000001352e-01 7.468038614759096860e-02
3.700000000000000000e+01 7.362682931834375021e-03 5.335367000000000859e-01 7.929817339098629847e-02
3.800000000000000000e+01 7.832008054085695670e-03 5.326920000000001654e-01 8.407473527140479908e-02
3.900000000000000000e+01 8.319775274165571929e-03 5.317655000000001131e-01 8.900963233024582200e-02
4.000000000000000000e+01 8.826151439154538217e-03 5.307518000000001068e-01 9.410201679981612666e-02
4.100000000000000000e+01 9.351243581643369288e-03 5.296452000000001492e-01 9.935042377721292617e-02
4.200000000000000000e+01 9.895090627202769371e-03 5.284403000000000850e-01 1.047527016824377627e-01
4.300000000000000000e+01 1.045767706500984676e-02 5.271313000000000804e-01 1.103062017881406426e-01
4.400000000000000000e+01 1.103887427920815546e-02 5.257126000000000854e-01 1.160071409077650662e-01
4.500000000000000000e+01 1.163851794284584927e-02 5.241788000000000558e-01 1.218515181387062607e-01
4.600000000000000000e+01 1.225632803337957204e-02 5.225245000000000584e-01 1.278342384985908242e-01
4.700000000000000000e+01 1.289192546686723957e-02 5.207444000000001072e-01 1.339493122339409370e-01
4.800000000000000000e+01 1.354485127132798797e-02 5.188338000000001227e-01 1.401901542886740404e-01
4.900000000000000000e+01 1.421455214417770632e-02 5.167878000000001304e-01 1.465493848036958924e-01
5.000000000000000000e+01 1.490036645682287289e-02 5.146024000000001264e-01 1.530187299593563643e-01
5.100000000000000000e+01 1.560155812076294800e-02 5.122737000000001650e-01 1.595894205404841115e-01
5.200000000000000000e+01 1.631727500210839940e-02 5.097984000000000959e-01 1.662516936647263910e-01
5.300000000000000000e+01 1.704660694201653309e-02 5.071738000000001190e-01 1.729954903803047894e-01
5.400000000000000000e+01 1.778852947846705501e-02 5.043977000000000599e-01 1.798098582978192861e-01
5.500000000000000000e+01 1.854199523696160520e-02 5.014685000000000947e-01 1.866838470324519716e-01
5.600000000000000000e+01 1.930586395575157113e-02 4.983853000000000866e-01 1.936058116520800731e-01
5.700000000000000000e+01 2.007896374503600340e-02 4.951478000000001378e-01 2.005640096096930336e-01
5.800000000000000000e+01 2.086009781014650302e-02 4.917564000000000934e-01 2.075467005371739448e-01
5.900000000000000000e+01 2.164804171314112929e-02 4.882120000000000903e-01 2.145420461028950954e-01
6.000000000000000000e+01 2.244155607315747453e-02 4.845162000000001190e-01 2.215382092825649851e-01
6.100000000000000000e+01 2.323941570171957766e-02 4.806712000000001317e-01 2.285236529561704699e-01
6.200000000000000000e+01 2.404042329928568131e-02 4.766796000000000921e-01 2.354872390916677716e-01
6.300000000000000000e+01 2.484337434277315154e-02 4.725448000000000981e-01 2.424179306709748905e-01
6.400000000000000000e+01 2.564713054927075450e-02 4.682703000000000837e-01 2.493052871726481601e-01
6.500000000000000000e+01 2.645060094833943595e-02 4.638602000000001113e-01 2.561394662278416723e-01
6.600000000000000000e+01 2.725274412457968920e-02 4.593189000000000854e-01 2.629111230421239398e-01
6.700000000000000000e+01 2.805256821763156896e-02 4.546511000000000857e-01 2.696114103954780905e-01
6.800000000000000000e+01 2.884914461872246580e-02 4.498618000000000894e-01 2.762320778259930165e-01
6.900000000000000000e+01 2.964161369765728332e-02 4.449562000000001349e-01 2.827655715108002843e-01
7.000000000000000000e+01 3.042915591768950365e-02 4.399397000000001001e-01 2.892046352652604679e-01
7.100000000000000000e+01 3.121104114038277672e-02 4.348179000000000904e-01 2.955429085212492590e-01
7.200000000000000000e+01 3.198656761659097320e-02 4.295966000000001062e-01 3.017742289908688647e-01
7.300000000000000000e+01 3.275511926087733283e-02 4.242818000000000978e-01 3.078932299474879120e-01
7.400000000000000000e+01 3.351611510028022073e-02 4.188795000000001267e-01 3.138948427384831152e-01
7.500000000000000000e+01 3.426902197466613620e-02 4.133960000000000967e-01 3.197743960560853194e-01
7.600000000000000000e+01 3.501234374867058519e-02 4.078464000000001088e-01 3.255187703733226079e-01
7.700000000000000000e+01 3.574826336388373105e-02 4.022148000000000945e-01 3.311472488124008740e-01
7.800000000000000000e+01 3.647528194653497369e-02 3.965167000000001107e-01 3.366466117039439432e-01
7.900000000000000000e+01 3.719320650310023457e-02 3.907568000000001263e-01 3.420151694389734209e-01
8.000000000000000000e+01 3.790181689713789659e-02 3.849405000000001298e-01 3.472509336372572863e-01
8.100000000000000000e+01 3.860053614046510956e-02 3.790774000000001198e-01 3.523488352975489568e-01
8.200000000000000000e+01 3.928952510271494641e-02 3.731698000000000515e-01 3.573102656933520027e-01
8.300000000000000000e+01 3.996922057234784248e-02 3.672172000000000769e-01 3.621390011260102737e-01
8.400000000000000000e+01 4.063909536639850190e-02 3.612293000000000309e-01 3.668303697648204187e-01
