0.000000000000000000e+00 6.440152345805483947e+01
3.361635507851475687e-03 6.439746948751216848e+01
1.347671937323416044e-02 6.433281080197073720e+01
3.057286840795556127e-02 6.404349908723879992e+01
5.547574862433373583e-02 6.320818602405865505e+01
8.862248698298925975e-02 6.128006867209405328e+01
1.303716580959443372e-01 5.715624042049562092e+01
1.810516519529314083e-01 4.714845323757766948e+01
2.401232640066189306e-01 2.616897507771809472e+01
3.062965908653565439e-01 8.635881685530301866e+01
3.768975629937410532e-01 8.058890315471157351e+01
4.486393108243542094e-01 7.247341914826003517e+01
5.179309119756400071e-01 6.380468691576248830e+01
6.380602794123124699e-01 5.069690159027582155e+01
7.266219600678436308e-01 4.270098240742195372e+01
7.844008596348565066e-01 3.808459066596201126e+01
