0.000000000000000000e+00 6.440152345805483947e+01
2.401174575809910446e-03 6.439951451308046160e+01
9.626636777151696342e-03 6.436671225882344061e+01
2.173977882978694876e-02 6.422135074584171832e+01
3.956286312122605370e-02 6.379922497895960731e+01
6.344133050898141668e-02 6.283255858913191361e+01
9.381062590529992695e-02 5.462342273017335970e+01
1.314101960912714417e-01 5.700928213095950525e+01
1.767385417379504220e-01 4.809598291180441265e+01
2.297994589596664972e-01 3.060048748656563333e+01
2.903422014853335731e-01 8.745566540290634805e+01
3.564572075237939508e-01 8.231204321637987675e+01
4.260261679159937920e-01 7.521928057664536027e+01
5.616730526306433768e-01 5.856143570949961230e+01
6.747457246075249104e-01 4.709510415472594502e+01
7.557533918408240181e-01 4.010424602166514774e+01
