0.000000000000000000e+00 0.000000000000000000e+00 2.932767340898453412e+01
0.000000000000000000e+00 0.000000000000000000e+00 1.928552960501259861e+02
0.000000000000000000e+00 0.000000000000000000e+00 2.727325446578888091e+02
1.000000000000000000e+01 -1.278785724837722793e+00 2.928045272368701646e+01
1.000000000000000000e+01 -1.297754567845098350e+00 1.917679393724976649e+02
1.000000000000000000e+01 -8.694058568518021612e-01 2.714589935004207177e+02
1.200000000000000000e+01 -1.563141690140512186e+00 2.927787129876654149e+01
1.200000000000000000e+01 -1.594342627854842487e+00 1.918156205135405799e+02
1.200000000000000000e+01 -1.058346135476575967e+00 2.710849089612976854e+02
1.400000000000000000e+01 -1.851904350033363622e+00 2.926794907802862511e+01
1.400000000000000000e+01 -1.904708311857902903e+00 1.918632289130527226e+02
1.400000000000000000e+01 -1.248761777756914215e+00 2.706829735054120079e+02
1.600000000000000000e+01 -2.146932068652092962e+00 2.924952804248812299e+01
1.600000000000000000e+01 -2.225698761127114622e+00 1.919097052631217650e+02
1.600000000000000000e+01 -1.447253157748972008e+00 2.701628819170157385e+02
1.800000000000000000e+01 -2.444874040874693844e+00 2.922543426654695864e+01
1.800000000000000000e+01 -2.563493734120608991e+00 1.919532401961188270e+02
1.800000000000000000e+01 -1.649250030974424019e+00 2.695590234974131931e+02
2.000000000000000000e+01 -2.742801559093936081e+00 2.919828089289990913e+01
2.000000000000000000e+01 -2.911507919659219734e+00 1.919939316722177409e+02
2.000000000000000000e+01 -1.853071992795063405e+00 2.688701917355043634e+02
2.200000000000000000e+01 -3.046529151924228351e+00 2.916269751648712116e+01
2.200000000000000000e+01 -3.274764180832709037e+00 1.920305951913534557e+02
2.200000000000000000e+01 -2.057413379453133739e+00 2.681054401492105512e+02
2.400000000000000000e+01 -3.355330653771551042e+00 2.911903171861260375e+01
2.400000000000000000e+01 -3.638232526125879662e+00 1.920666090126173344e+02
2.400000000000000000e+01 -2.259158982472138977e+00 2.671969664869981216e+02
2.600000000000000000e+01 -3.671990786217568470e+00 2.906296589166039368e+01
2.600000000000000000e+01 -4.047526250502330392e+00 1.920881715417908993e+02
2.600000000000000000e+01 -2.458979915228042046e+00 2.662476577297828726e+02
2.800000000000000000e+01 -3.990411704070840671e+00 2.900092019082939032e+01
2.800000000000000000e+01 -4.457399310935450387e+00 1.921088637871098399e+02
2.800000000000000000e+01 -2.646465860263192749e+00 2.651147611502401560e+02
3.000000000000000000e+01 -4.313368296108346378e+00 2.892687888431431276e+01
3.000000000000000000e+01 -4.867626043252852419e+00 1.921288061037170110e+02
3.000000000000000000e+01 -2.827244324322133018e+00 2.638890135401595671e+02
3.200000000000000000e+01 -4.644043437889405546e+00 2.883464564232819072e+01
3.200000000000000000e+01 -5.278258250423835563e+00 1.921480237709416485e+02
3.200000000000000000e+01 -3.005663741275073519e+00 2.626421053877626264e+02
3.400000000000000000e+01 -4.973774366667774061e+00 2.873851400213201046e+01
3.400000000000000000e+01 -5.755081868105668796e+00 1.921411745240025937e+02
3.400000000000000000e+01 -3.143045849581926010e+00 2.611172538160697059e+02
3.600000000000000000e+01 -5.302557374154739378e+00 2.863847376331541739e+01
3.600000000000000000e+01 -6.234065816938296756e+00 1.921329303788873801e+02
3.600000000000000000e+01 -3.253208169005342043e+00 2.594024266767381732e+02
3.800000000000000000e+01 -5.634945537283927663e+00 2.849238981570427143e+01
3.800000000000000000e+01 -6.714288524118027901e+00 1.921238355961742172e+02
3.800000000000000000e+01 -3.359611694705270768e+00 2.576399524412699975e+02
4.000000000000000000e+01 -5.966357262880531032e+00 2.833183222609496354e+01
4.000000000000000000e+01 -7.281679327216694197e+00 1.920632498920075477e+02
4.000000000000000000e+01 -3.461647762465273725e+00 2.558205157425917946e+02
4.200000000000000000e+01 -6.295527562324134685e+00 2.816720242029181875e+01
4.200000000000000000e+01 -7.876813349888823979e+00 1.919860382454934609e+02
4.200000000000000000e+01 -3.558551497526022178e+00 2.539330451151698753e+02
4.400000000000000000e+01 -6.622445434363876338e+00 2.799850196760701948e+01
4.400000000000000000e+01 -8.475899420255366579e+00 1.919064961376591611e+02
4.400000000000000000e+01 -3.532552051735611265e+00 2.515919990280573586e+02
4.600000000000000000e+01 -6.947083120145594926e+00 2.782571462013531871e+01
4.600000000000000000e+01 -9.080904298054036872e+00 1.918243605264601683e+02
4.600000000000000000e+01 -3.479096683707428639e+00 2.490783958888493146e+02
4.800000000000000000e+01 -7.257600491609935034e+00 2.762989490806119264e+01
4.800000000000000000e+01 -9.693945625600969507e+00 1.917384021709715114e+02
4.800000000000000000e+01 -3.415851710106140526e+00 2.464501388313507846e+02
5.000000000000000000e+01 -7.503954880648620929e+00 2.733424727823594225e+01
5.000000000000000000e+01 -1.050047558632559230e+01 1.912631976547282591e+02
5.000000000000000000e+01 -3.206929772832347592e+00 2.434740759649326947e+02
5.200000000000000000e+01 -7.745380014941130931e+00 2.703618620404124329e+01
5.200000000000000000e+01 -1.131401481134804321e+01 1.907633824539390446e+02
5.200000000000000000e+01 -2.842654102327776489e+00 2.401225133325475838e+02
5.400000000000000000e+01 -7.981820379139723087e+00 2.673574397358415666e+01
5.400000000000000000e+01 -1.213663987937131239e+01 1.902303754958204536e+02
5.400000000000000000e+01 -2.454383496201777870e+00 2.365897332519190286e+02
5.600000000000000000e+01 -8.213205584902826928e+00 2.643294840976493276e+01
5.600000000000000000e+01 -1.297040683893025026e+01 1.896520498703072803e+02
5.600000000000000000e+01 -2.033781793818203898e+00 2.328464464008614527e+02
5.800000000000000000e+01 -8.439446157938752080e+00 2.612782209376648623e+01
5.800000000000000000e+01 -1.381684353825730582e+01 1.890110389787247414e+02
5.800000000000000000e+01 -1.447944500222510644e+00 2.288835121711433089e+02
6.000000000000000000e+01 -8.660428041197501869e+00 2.582038140831912187e+01
6.000000000000000000e+01 -1.467581342224397289e+01 1.882821312585455473e+02
6.000000000000000000e+01 -4.833355353626561657e-01 2.247732066603403780e+02
6.200000000000000000e+01 -8.876005408767211335e+00 2.551063536042195423e+01
6.200000000000000000e+01 -1.554307125273932932e+01 1.874282703283733440e+02
6.200000000000000000e+01 4.983303120534350872e-01 2.204845418898533751e+02
6.400000000000000000e+01 -9.085951927709228215e+00 2.519856376812024834e+01
6.400000000000000000e+01 -1.619111073784264221e+01 1.859143706206995432e+02
6.400000000000000000e+01 1.490984048592568501e+00 2.160085864914264846e+02
6.600000000000000000e+01 -9.290095211729813229e+00 2.488419306483695337e+01
6.600000000000000000e+01 -1.660462059869279727e+01 1.839390211726598636e+02
6.600000000000000000e+01 2.456919407683451517e+00 2.114557870171602758e+02
6.800000000000000000e+01 nan nan
6.800000000000000000e+01 -1.647083580772399003e+01 1.813370914949564963e+02
6.800000000000000000e+01 3.335539847442031469e+00 2.068825437780311347e+02
7.000000000000000000e+01 nan nan
7.000000000000000000e+01 -1.583217886280659137e+01 1.781777416764882389e+02
7.000000000000000000e+01 3.654426760881601677e+00 2.026426527881439199e+02
7.200000000000000000e+01 nan nan
7.200000000000000000e+01 -1.428385950420042860e+01 1.739993245182509440e+02
7.200000000000000000e+01 3.233477980017746667e+00 1.985566437162060254e+02
7.400000000000000000e+01 nan nan
7.400000000000000000e+01 -1.150754008686789298e+01 1.675672807505104061e+02
7.400000000000000000e+01 1.872261174924813920e+00 1.947098582709145376e+02
7.600000000000000000e+01 nan nan
7.600000000000000000e+01 -8.431012348556038205e+00 1.591582354007963147e+02
7.600000000000000000e+01 -5.194069454447538536e-01 1.915743535969683649e+02
7.800000000000000000e+01 nan nan
7.800000000000000000e+01 -5.502363295422652456e+00 1.484516420563918757e+02
7.800000000000000000e+01 -3.356418012372158532e+00 1.898590747578639082e+02
8.000000000000000000e+01 nan nan
8.000000000000000000e+01 -3.011791132024217887e+00 1.367416695286583490e+02
8.000000000000000000e+01 -5.739400304116687224e+00 1.892232049329624317e+02
