0.000000000000000000e+00 0.000000000000000000e+00 4.667644192424625693e+00
0.000000000000000000e+00 0.000000000000000000e+00 3.069387366782843074e+01
0.000000000000000000e+00 0.000000000000000000e+00 4.340673262433409718e+01
1.000000000000000000e+01 -4.363210862447387123e-02 4.664571016151069394e+00
1.000000000000000000e+01 -6.767162731925267100e-03 3.052151434429474719e+01
1.000000000000000000e+01 -3.202698819295097827e-03 4.320426224201246157e+01
1.200000000000000000e+01 -5.331393717920819564e-02 4.666354426285070467e+00
1.200000000000000000e+01 -8.311562699572058038e-03 3.052945870435233289e+01
1.200000000000000000e+01 -3.904083314396787283e-03 4.314483206394567105e+01
1.400000000000000000e+01 -6.314785780785402147e-02 4.667454157162796768e+00
1.400000000000000000e+01 -9.926938431331019247e-03 3.053748596079069344e+01
1.400000000000000000e+01 -4.613324853654899617e-03 4.308099168797511425e+01
1.600000000000000000e+01 -7.320363862976352054e-02 4.667730424393972122e+00
1.600000000000000000e+01 -1.159685535032568132e-02 3.054543227159764740e+01
1.600000000000000000e+01 -5.356888340691343814e-03 4.299837504758906448e+01
1.800000000000000000e+01 -8.336450058590882950e-02 4.667619743505502683e+00
1.800000000000000000e+01 -1.335359154267004404e-02 3.055303122509750580e+01
1.800000000000000000e+01 -6.118211668450887659e-03 4.290245402550804954e+01
2.000000000000000000e+01 -9.352535482116626497e-02 4.667508900497253421e+00
2.000000000000000000e+01 -1.516283968032606545e-02 3.056029655620556085e+01
2.000000000000000000e+01 -6.891905612029632956e-03 4.279303637642670566e+01
2.200000000000000000e+01 -1.039012312628517787e-01 4.666645119687414578e+00
2.200000000000000000e+01 -1.705086683451203372e-02 3.056706218506589678e+01
2.200000000000000000e+01 -7.673670485007492992e-03 4.267156245021483585e+01
2.400000000000000000e+01 -1.144706614405736067e-01 4.665103289655869290e+00
2.400000000000000000e+01 -1.893915857810282016e-02 3.057383400971824017e+01
2.400000000000000000e+01 -8.454730102697469163e-03 4.252723799854729236e+01
2.600000000000000000e+01 -1.253495085645374707e-01 4.662287800781674818e+00
2.600000000000000000e+01 -2.106651323902230741e-02 3.057856811674010800e+01
2.600000000000000000e+01 -9.235292696970745854e-03 4.237643800944194084e+01
2.800000000000000000e+01 -1.363117156405964370e-01 4.659128121819954060e+00
2.800000000000000000e+01 -2.319622258458093819e-02 3.058330428943853363e+01
2.800000000000000000e+01 -9.981843343154031892e-03 4.219642694289604634e+01
3.000000000000000000e+01 -1.474822211759423130e-01 4.654756893595606293e+00
3.000000000000000000e+01 -2.532709536642743786e-02 3.058806131134386064e+01
3.000000000000000000e+01 -1.071314806988601237e-02 4.200165129885680670e+01
3.200000000000000000e+01 -1.590086526099349085e-01 4.648316031497507161e+00
3.200000000000000000e+01 -2.745939208840416507e-02 3.059284374417313401e+01
3.200000000000000000e+01 -1.144320305849695803e-02 4.180352644715194543e+01
3.400000000000000000e+01 -1.705348020621396676e-01 4.641872314077527761e+00
3.400000000000000000e+01 -2.993893448224137568e-02 3.059393205028263907e+01
3.400000000000000000e+01 -1.203604179613202395e-02 4.156111218275983532e+01
3.600000000000000000e+01 -1.820605888823123575e-01 4.635425065392047905e+00
3.600000000000000000e+01 -3.242956234528263093e-02 3.059499785294735830e+01
3.600000000000000000e+01 -1.254017708046774315e-02 4.128842501040837476e+01
3.800000000000000000e+01 -1.940123810823775052e-01 4.622537135563322686e+00
3.800000000000000000e+01 -3.492639022136700966e-02 3.059612519889968141e+01
3.800000000000000000e+01 -1.303883991857961513e-02 4.100815804324491154e+01
4.000000000000000000e+01 -2.060687217358057599e-01 4.608051346371177637e+00
4.000000000000000000e+01 -3.788570515475839229e-02 3.058977665065435758e+01
4.000000000000000000e+01 -1.353031001918235214e-02 4.071882697870666590e+01
4.200000000000000000e+01 -2.181238339153578343e-01 4.593557306094137260e+00
4.200000000000000000e+01 -4.099356523677311070e-02 3.058123325468822884e+01
4.200000000000000000e+01 -1.401236347360145483e-02 4.041866756777520209e+01
4.400000000000000000e+01 -2.301774569574503160e-01 4.579053657848874970e+00
4.400000000000000000e+01 -4.412380333163475749e-02 3.057264306398115039e+01
4.400000000000000000e+01 -1.403941264507008180e-02 4.004605712337710344e+01
4.600000000000000000e+01 -2.422289235436162480e-01 4.564535904575206082e+00
4.600000000000000000e+01 -4.728672616912436844e-02 3.056398536897275164e+01
4.600000000000000000e+01 -1.396651577206075440e-02 3.964592484936972028e+01
4.800000000000000000e+01 -2.540537818725074892e-01 4.546608142230094352e+00
4.800000000000000000e+01 -5.049369205315697162e-02 3.055509117365064142e+01
4.800000000000000000e+01 -1.385888306475880141e-02 3.922752519030348139e+01
5.000000000000000000e+01 -2.647312861409298890e-01 4.511334981986222736e+00
5.000000000000000000e+01 -5.481810797258368506e-02 3.048632388435056484e+01
5.000000000000000000e+01 -1.317040268797725101e-02 3.875346392868915757e+01
5.200000000000000000e+01 -2.754033620998698750e-01 4.476036552727478579e+00
5.200000000000000000e+01 -5.920511608518129465e-02 3.041428684727567600e+01
5.200000000000000000e+01 -1.183751948034260544e-02 3.821936281813206193e+01
5.400000000000000000e+01 -2.860684761319104430e-01 4.440706593710582517e+00
5.400000000000000000e+01 -6.367024458007698728e-02 3.033765995509598312e+01
5.400000000000000000e+01 -1.037344859699087032e-02 3.765645166227499629e+01
5.600000000000000000e+01 -2.967246751071333510e-01 4.405337260864091498e+00
5.600000000000000000e+01 -6.823116236710871640e-02 3.025456830446414713e+01
5.600000000000000000e+01 -8.734100308387861972e-03 3.706007650789334917e+01
5.800000000000000000e+01 -3.073694655751391114e-01 4.369918692087860990e+00
5.800000000000000000e+01 -7.290618722279351704e-02 3.016230900020867267e+01
5.800000000000000000e+01 -6.325993140089158397e-03 3.642867126629362673e+01
6.000000000000000000e+01 -3.179996556424833365e-01 4.334438442278934822e+00
6.000000000000000000e+01 -7.771015534135972125e-02 3.005692421774593370e+01
6.000000000000000000e+01 -2.150320427867904571e-03 3.577384962166200211e+01
6.200000000000000000e+01 -3.286111476000788678e-01 4.298880747146514913e+00
6.200000000000000000e+01 -8.264441600585102632e-02 2.993253192723712175e+01
6.200000000000000000e+01 2.260154090490662602e-03 3.509129434560495753e+01
6.400000000000000000e+01 -3.391976088306503101e-01 4.263220389363753249e+00
6.400000000000000000e+01 -8.676067893274821974e-02 2.970118883086863804e+01
6.400000000000000000e+01 6.902265119199573265e-03 3.437965324522225075e+01
6.600000000000000000e+01 -3.497540487758509231e-01 4.227440911452393202e+00
6.600000000000000000e+01 -8.990683309794422762e-02 2.939384422058897428e+01
6.600000000000000000e+01 1.161828490801539160e-02 3.365650537984852519e+01
6.800000000000000000e+01 nan nan
6.800000000000000000e+01 -9.045755820835589545e-02 2.897950141011117964e+01
6.800000000000000000e+01 1.612077239330994560e-02 3.293065875805638854e+01
7.000000000000000000e+01 nan nan
7.000000000000000000e+01 -8.850738401162333568e-02 2.846959667907233182e+01
7.000000000000000000e+01 1.803091604747467797e-02 3.225682387019208619e+01
7.200000000000000000e+01 nan nan
7.200000000000000000e+01 -8.181624795371901515e-02 2.778600709983194861e+01
7.200000000000000000e+01 1.628275563137007026e-02 3.160546135736113271e+01
7.400000000000000000e+01 nan nan
7.400000000000000000e+01 -6.851277925397143698e-02 2.673197478771085400e+01
7.400000000000000000e+01 9.615202036001829766e-03 3.099046901277895927e+01
7.600000000000000000e+01 nan nan
7.600000000000000000e+01 -5.289835040507198660e-02 2.536633524989553123e+01
7.600000000000000000e+01 -2.711245146584845538e-03 3.049011740894158962e+01
7.800000000000000000e+01 nan nan
7.800000000000000000e+01 -3.703958738562404540e-02 2.364303651756707225e+01
7.800000000000000000e+01 -1.767570842600235670e-02 3.022173170529714881e+01
8.000000000000000000e+01 nan nan
8.000000000000000000e+01 -2.202006798743146726e-02 2.176839083764800975e+01
8.000000000000000000e+01 -3.031743397459003495e-02 3.012965838563025045e+01
