0.000000000000000000e+00 4.665842969136568819e+00
0.000000000000000000e+00 4.265868536361328012e+01
0.000000000000000000e+00 3.069366277724108372e+01
0.000000000000000000e+00 8.763642408490392199e+01
5.000000000000000000e+00 3.069366135152479913e+01
5.000000000000000000e+00 4.265699598975437823e+01
5.000000000000000000e+00 4.665842979301592308e+00
5.000000000000000000e+00 8.763641978478845829e+01
1.000000000000000000e+01 8.763634281159464479e+01
1.000000000000000000e+01 3.069364183794333201e+01
1.000000000000000000e+01 4.262888125717626053e+01
1.000000000000000000e+01 4.665843263719543721e+00
1.500000000000000000e+01 4.250208969559536598e+01
1.500000000000000000e+01 3.069355626803926640e+01
1.500000000000000000e+01 8.763596571809867442e+01
1.500000000000000000e+01 4.665844607514116227e+00
2.000000000000000000e+01 4.665848493735937907e+00
2.000000000000000000e+01 4.213388859782862284e+01
2.000000000000000000e+01 8.763449286012070161e+01
2.000000000000000000e+01 3.069330662153457467e+01
2.500000000000000000e+01 4.128596039900573800e+01
2.500000000000000000e+01 3.069269676207078490e+01
2.500000000000000000e+01 8.762010921616715109e+01
2.500000000000000000e+01 4.665857247067263458e+00
3.000000000000000000e+01 3.069124771718042766e+01
3.000000000000000000e+01 3.959823981887315369e+01
3.000000000000000000e+01 7.875965131437237687e+01
3.000000000000000000e+01 4.665874204480596532e+00
3.500000000000000000e+01 3.668201687231221086e+01
3.500000000000000000e+01 4.665904017197576081e+00
3.500000000000000000e+01 3.068718833864771156e+01
3.500000000000000000e+01 6.914037733152382259e+01
4.000000000000000000e+01 4.665952443306202291e+00
4.000000000000000000e+01 3.066267226406185387e+01
4.000000000000000000e+01 3.262436006199553873e+01
4.000000000000000000e+01 6.289134026851486681e+01
4.500000000000000000e+01 5.934175950217137796e+01
4.500000000000000000e+01 4.666026198245068812e+00
4.500000000000000000e+01 2.808368188122431164e+01
4.500000000000000000e+01 3.072444829173801750e+01
5.000000000000000000e+01 3.070826754423707428e+01
5.000000000000000000e+01 5.737691434808116497e+01
5.000000000000000000e+01 2.403305886233311028e+01
5.000000000000000000e+01 4.666131568144719743e+00
5.500000000000000000e+01 5.622044652058969660e+01
5.500000000000000000e+01 3.070465475255252130e+01
5.500000000000000000e+01 2.070637670607677094e+01
5.500000000000000000e+01 4.666273711904043608e+00
6.000000000000000000e+01 5.547032611655210843e+01
6.000000000000000000e+01 1.811426905839081059e+01
6.000000000000000000e+01 4.666455176541511207e+00
6.000000000000000000e+01 3.070304801266822992e+01
7.000000000000000000e+01 3.070138911919013225e+01
7.000000000000000000e+01 5.449803593063868590e+01
7.000000000000000000e+01 4.666930351984608372e+00
7.000000000000000000e+01 1.463731149303574952e+01
8.000000000000000000e+01 3.070028767787487922e+01
8.000000000000000000e+01 5.379394967266189553e+01
8.000000000000000000e+01 1.260128988326373722e+01
8.000000000000000000e+01 4.667531359919570910e+00
9.000000000000000000e+01 1.141992192884105783e+01
9.000000000000000000e+01 4.668127860463562762e+00
9.000000000000000000e+01 3.069918216998845040e+01
9.000000000000000000e+01 5.319703013985393625e+01
