0.000000000000000000e+00 4.666925664455879641e+00
0.000000000000000000e+00 4.371696689842148231e+01
0.000000000000000000e+00 3.059501632440693086e+01
0.000000000000000000e+00 8.716222475571314021e+01
6.000000000000000000e+00 3.059492777755787785e+01
6.000000000000000000e+00 4.371491177131557748e+01
6.000000000000000000e+00 4.665659728756367031e+00
6.000000000000000000e+00 8.716191044450442860e+01
1.200000000000000000e+01 8.715754851530023473e+01
1.200000000000000000e+01 3.059489665726863450e+01
1.200000000000000000e+01 4.368301775817034382e+01
1.200000000000000000e+01 4.665659971542268636e+00
1.800000000000000000e+01 4.353235029295512248e+01
1.800000000000000000e+01 3.059473863179936615e+01
1.800000000000000000e+01 8.713590738004415925e+01
1.800000000000000000e+01 4.665661007059625831e+00
2.400000000000000000e+01 4.665664000958495983e+00
2.400000000000000000e+01 4.308061272041337730e+01
2.400000000000000000e+01 8.705430731522257304e+01
2.400000000000000000e+01 3.059423532152965564e+01
3.000000000000000000e+01 4.200017995073011434e+01
3.000000000000000000e+01 3.059288661878876781e+01
3.000000000000000000e+01 8.663589135745579028e+01
3.000000000000000000e+01 4.665671042486417619e+00
3.600000000000000000e+01 3.058927509635220332e+01
3.600000000000000000e+01 3.978451444446711349e+01
3.600000000000000000e+01 8.170743985519146690e+01
3.600000000000000000e+01 4.665685715885177665e+00
4.200000000000000000e+01 3.597797877638927133e+01
4.200000000000000000e+01 4.665713993334362542e+00
4.200000000000000000e+01 3.057683997395336206e+01
4.200000000000000000e+01 7.326867831876442949e+01
4.800000000000000000e+01 4.665765267569740971e+00
4.800000000000000000e+01 3.031204170223095318e+01
4.800000000000000000e+01 3.113131765375464965e+01
4.800000000000000000e+01 6.759424893910748722e+01
5.400000000000000000e+01 6.444299059513224393e+01
5.400000000000000000e+01 4.665853162157267420e+00
5.400000000000000000e+01 2.556533381585227360e+01
5.400000000000000000e+01 3.063446348622852256e+01
6.000000000000000000e+01 3.061875850190159909e+01
6.000000000000000000e+01 6.276491839290467567e+01
6.000000000000000000e+01 2.115520127751682722e+01
6.000000000000000000e+01 4.665994758138703347e+00
6.600000000000000000e+01 6.182836517731080761e+01
6.600000000000000000e+01 3.061239734015155989e+01
6.600000000000000000e+01 1.781257665490535658e+01
6.600000000000000000e+01 4.666208265866860216e+00
7.200000000000000000e+01 6.125552196967336727e+01
7.200000000000000000e+01 1.541574223712036051e+01
7.200000000000000000e+01 4.666508273501315252e+00
7.200000000000000000e+01 3.060765802690822213e+01
7.800000000000000000e+01 3.060309419560348232e+01
7.800000000000000000e+01 6.086308041120800993e+01
7.800000000000000000e+01 4.666904842694197697e+00
7.800000000000000000e+01 1.372215338767319359e+01
8.400000000000000000e+01 3.059838985972738712e+01
8.400000000000000000e+01 6.056590648101150265e+01
8.400000000000000000e+01 1.252618104896145290e+01
8.400000000000000000e+01 4.667397050204913356e+00
9.000000000000000000e+01 1.167078675182798619e+01
9.000000000000000000e+01 4.667976787556123774e+00
9.000000000000000000e+01 3.059351363125649570e+01
9.000000000000000000e+01 6.032284231030596544e+01
