0.000000000000000000e+00 0.000000000000000000e+00 4.667644192424625693e+00
0.000000000000000000e+00 0.000000000000000000e+00 3.069387366782843074e+01
0.000000000000000000e+00 0.000000000000000000e+00 4.340673262433409718e+01
1.000000000000000000e+01 -4.363209670106520111e-02 4.664570860842642830e+00
1.000000000000000000e+01 -6.767361299248413758e-03 3.052150731039513687e+01
1.000000000000000000e+01 -3.202278414340309267e-03 4.318920494565281842e+01
1.200000000000000000e+01 -5.331390323472051662e-02 4.666353811709929467e+00
1.200000000000000000e+01 -8.312088156987746182e-03 3.052944856736631607e+01
1.200000000000000000e+01 -3.902959868480312088e-03 4.311323577551581110e+01
1.400000000000000000e+01 -6.314777025736771632e-02 4.667452329004707856e+00
1.400000000000000000e+01 -9.928181801556103941e-03 3.053747752681040950e+01
1.400000000000000000e+01 -4.611066816343066532e-03 4.302182431249921990e+01
1.600000000000000000e+01 -7.320341909179697848e-02 4.667725736671519243e+00
1.600000000000000000e+01 -1.159957311049584876e-02 3.054543890869183542e+01
1.600000000000000000e+01 -5.352324423711057877e-03 4.289546634143809456e+01
1.800000000000000000e+01 -8.336400722919484751e-02 4.667609378879808979e+00
1.800000000000000000e+01 -1.335931289739018119e-02 3.055308578340762793e+01
1.800000000000000000e+01 -6.109550404049800612e-03 4.273417456239191381e+01
2.000000000000000000e+01 -9.352437649707887046e-02 4.667488558226241757e+00
2.000000000000000000e+01 -1.517427205941215829e-02 3.056045853286441982e+01
2.000000000000000000e+01 -6.875962668994037470e-03 4.253069940084194656e+01
2.200000000000000000e+01 -1.038993523601733082e-01 4.666607212232397828e+00
2.200000000000000000e+01 -1.707300540223185767e-02 3.056744129815151467e+01
2.200000000000000000e+01 -7.644084119551856037e-03 4.227998483786017658e+01
2.400000000000000000e+01 -1.144671259395673296e-01 4.665036391803696780e+00
2.400000000000000000e+01 -1.897878495804081883e-02 3.057458530745178749e+01
2.400000000000000000e+01 -8.400826327502075933e-03 4.195878467819142799e+01
2.600000000000000000e+01 -1.253429679895233795e-01 4.662173399523738659e+00
2.600000000000000000e+01 -2.114481526727110192e-02 3.058001821064191716e+01
2.600000000000000000e+01 -9.141507135366872330e-03 4.157855152974498480e+01
2.800000000000000000e+01 -1.363002302158931034e-01 4.658942396616395420e+00
2.800000000000000000e+01 -2.333741945550286620e-02 3.058586666361464523e+01
2.800000000000000000e+01 -9.801263765946741091e-03 4.109145387951950568e+01
3.000000000000000000e+01 -1.474629476108847703e-01 4.654462074443195263e+00
3.000000000000000000e+01 -2.556723064796419254e-02 3.059233903961666101e+01
3.000000000000000000e+01 -1.041337694285156094e-02 4.051962163246050608e+01
3.200000000000000000e+01 -1.589753825285538658e-01 4.647862539534618698e+00
3.200000000000000000e+01 -2.785281809340318243e-02 3.059971640112584979e+01
3.200000000000000000e+01 -1.087562765404366180e-02 3.983290459002617467e+01
3.400000000000000000e+01 -1.704812499992435226e-01 4.641198436641343683e+00
3.400000000000000000e+01 -3.065773074276107943e-02 3.060447505663034207e+01
3.400000000000000000e+01 -1.099039034434049975e-02 3.898779347577787746e+01
3.600000000000000000e+01 -1.819785039613568134e-01 4.634451321686357872e+00
3.600000000000000000e+01 -3.368555759827260299e-02 3.061070344595085047e+01
3.600000000000000000e+01 -1.089842435184485911e-02 3.802433379834048566e+01
3.800000000000000000e+01 -1.938830226467329054e-01 4.621110436570516455e+00
3.800000000000000000e+01 -3.707055025106029827e-02 3.061876437944858864e+01
3.800000000000000000e+01 -1.049712434558857169e-02 3.694324315934355951e+01
4.000000000000000000e+01 -2.058675601460799864e-01 4.606059977333732292e+00
4.000000000000000000e+01 -4.189751582633402527e-02 3.060727034194771079e+01
4.000000000000000000e+01 -8.644213776439270067e-03 3.567171930246357192e+01
4.200000000000000000e+01 -2.178251856251546270e-01 4.590831645553512530e+00
4.200000000000000000e+01 -4.831224298989224980e-02 3.055899731158754307e+01
4.200000000000000000e+01 -5.098436101060797344e-03 3.428637541066424177e+01
4.400000000000000000e+01 -2.297497321981464280e-01 4.575390276442953486e+00
4.400000000000000000e+01 -5.621855655445755218e-02 3.041843737126383829e+01
4.400000000000000000e+01 2.262861252515121352e-03 3.291400345336005273e+01
4.600000000000000000e+01 -2.416324610342959200e-01 4.559682283013513526e+00
4.600000000000000000e+01 -6.326167560736618845e-02 3.007842361194387237e+01
4.600000000000000000e+01 9.689873406440655326e-03 3.173896608743630665e+01
4.800000000000000000e+01 -2.531935532858067828e-01 4.539664409622466756e+00
4.800000000000000000e+01 -6.120965269633889955e-02 2.942792411339096148e+01
4.800000000000000000e+01 9.051800248240548380e-03 3.079278242859892956e+01
5.000000000000000000e+01 -2.635459320947619588e-01 4.502554871818884585e+00
5.000000000000000000e+01 -4.465705461572724855e-02 2.833473448329980116e+01
5.000000000000000000e+01 -8.188027298383091304e-03 3.012244164172772543e+01
5.200000000000000000e+01 -2.738104256135783787e-01 4.465055831542104059e+00
5.200000000000000000e+01 -3.036026642522181643e-02 2.662000302637062532e+01
5.200000000000000000e+01 -2.607182006164496593e-02 3.014583072878747316e+01
5.400000000000000000e+01 -2.839713053896101291e-01 4.427104775261594405e+00
5.400000000000000000e+01 -2.527027626951147687e-02 2.497354137014405495e+01
5.400000000000000000e+01 -3.283562475601441849e-02 3.022016242284935217e+01
5.600000000000000000e+01 -2.940106824843454758e-01 4.388629386613519756e+00
5.600000000000000000e+01 -2.156270258808467774e-02 2.338203968869564164e+01
5.600000000000000000e+01 -3.718099326637593072e-02 3.024961690763860034e+01
5.800000000000000000e+01 -3.039170940270721211e-01 4.349598449777579923e+00
5.800000000000000000e+01 -1.820711955755585296e-02 2.189334258308381820e+01
5.800000000000000000e+01 -4.063333837499630286e-02 3.025867199483709058e+01
6.000000000000000000e+01 -3.136732723816376689e-01 4.309942736207475811e+00
6.000000000000000000e+01 -1.464574798666811589e-02 2.049569189855279561e+01
6.000000000000000000e+01 -4.365338185271629839e-02 3.025716026999312547e+01
6.200000000000000000e+01 -3.232645582467964518e-01 4.269606932938454058e+00
6.200000000000000000e+01 -1.089406915533965535e-02 1.922041617528805091e+01
6.200000000000000000e+01 -4.641876721947425788e-02 3.024931176397046428e+01
6.400000000000000000e+01 -3.326775182188957958e-01 4.228538824317967126e+00
6.400000000000000000e+01 -5.634915836844731421e-03 1.799363947989166590e+01
6.400000000000000000e+01 -4.895928613037479199e-02 3.023637614364673354e+01
6.600000000000000000e+01 nan nan
6.600000000000000000e+01 -1.321223874133016247e-03 1.692901696593495231e+01
6.600000000000000000e+01 -5.128049478818999529e-02 3.021776326353150566e+01
6.800000000000000000e+01 nan nan
6.800000000000000000e+01 2.265603364005179879e-03 1.600301046385424186e+01
6.800000000000000000e+01 -5.352475899177609742e-02 3.019575945568630360e+01
7.000000000000000000e+01 nan nan
7.000000000000000000e+01 6.369700564623362662e-03 1.516592242542526847e+01
7.000000000000000000e+01 -5.564775059934919110e-02 3.016988874104805518e+01
7.200000000000000000e+01 nan nan
7.200000000000000000e+01 1.188364282866085850e-02 1.437425535853667391e+01
7.200000000000000000e+01 -5.774109440905033502e-02 3.014151957140116522e+01
7.400000000000000000e+01 nan nan
7.400000000000000000e+01 1.769699631084970665e-02 1.366772781485937571e+01
7.400000000000000000e+01 -5.976970671995063267e-02 3.011026150154422965e+01
7.600000000000000000e+01 nan nan
7.600000000000000000e+01 2.407866804646759812e-02 1.302944668880421730e+01
7.600000000000000000e+01 -6.174308957899340283e-02 3.007622699537737532e+01
7.800000000000000000e+01 nan nan
7.800000000000000000e+01 2.949183926419690974e-02 1.247695824647754215e+01
7.800000000000000000e+01 -6.365902808740979413e-02 3.003956436288071075e+01
8.000000000000000000e+01 nan nan
8.000000000000000000e+01 3.694472939705372577e-02 1.196846484361542373e+01
8.000000000000000000e+01 -6.545959977480329817e-02 2.999881183036944421e+01
