0.000000000000000000e+00 0.000000000000000000e+00 2.932767340898453412e+01
0.000000000000000000e+00 0.000000000000000000e+00 1.928552960501259861e+02
0.000000000000000000e+00 0.000000000000000000e+00 2.727325446578888091e+02
1.000000000000000000e+01 -1.278785332804540875e+00 2.928045176404672745e+01
1.000000000000000000e+01 -1.297792348477888602e+00 1.917678949205136689e+02
1.000000000000000000e+01 -8.689887730984751091e-01 2.713643865677315148e+02
1.200000000000000000e+01 -1.563140489031666913e+00 2.927786749590444160e+01
1.200000000000000000e+01 -1.594442892858503269e+00 1.918155559853647389e+02
1.200000000000000000e+01 -1.057266747505353877e+00 2.708863863269899639e+02
1.400000000000000000e+01 -1.851901057129115236e+00 2.926793777675704433e+01
1.400000000000000000e+01 -1.904946354522284002e+00 1.918631735548808592e+02
1.400000000000000000e+01 -1.246436350716199959e+00 2.703112206924336078e+02
1.600000000000000000e+01 -2.146923473874385202e+00 2.924949914028337972e+01
1.600000000000000000e+01 -2.226220844482198480e+00 1.919097409123776856e+02
1.600000000000000000e+01 -1.442559355716587666e+00 2.695163033106553030e+02
1.800000000000000000e+01 -2.444854143043005301e+00 2.922537058076985872e+01
1.800000000000000000e+01 -2.564596644200184183e+00 1.919535682943923973e+02
1.800000000000000000e+01 -1.640455447957064328e+00 2.685017264554821850e+02
2.000000000000000000e+01 -2.742760914207432954e+00 2.919815633400051169e+01
2.000000000000000000e+01 -2.913718562736133499e+00 1.919949159825618210e+02
2.000000000000000000e+01 -1.837451578224265969e+00 2.672219483805444042e+02
2.200000000000000000e+01 -3.046449313172167717e+00 2.916246638122320078e+01
2.200000000000000000e+01 -3.279056749839154961e+00 1.920329043257145543e+02
2.200000000000000000e+01 -2.030673722068253806e+00 2.656452180872625490e+02
2.400000000000000000e+01 -3.355178908046438924e+00 2.911862609091742016e+01
2.400000000000000000e+01 -3.645934386067779531e+00 1.920711843585129373e+02
2.400000000000000000e+01 -2.214750331637616920e+00 2.636255163665362602e+02
2.600000000000000000e+01 -3.671709089429276762e+00 2.906227696345358780e+01
2.600000000000000000e+01 -4.062763137431807614e+00 1.920969631241809452e+02
2.600000000000000000e+01 -2.388179833459023627e+00 2.612348280559492082e+02
2.800000000000000000e+01 -3.989916422858099221e+00 2.899981039680214323e+01
2.800000000000000000e+01 -4.484907511334504271e+00 1.921243278167216033e+02
2.800000000000000000e+01 -2.530541434499217424e+00 2.581728177165642819e+02
3.000000000000000000e+01 -4.312531447070201196e+00 2.892513077971381463e+01
3.000000000000000000e+01 -4.914464942725543573e+00 1.921545002664153685e+02
3.000000000000000000e+01 -2.651165495984022069e+00 2.545784871264925187e+02
3.200000000000000000e+01 -4.642618763879779564e+00 2.883198898708101154e+01
3.200000000000000000e+01 -5.355085541629559742e+00 1.921890969142220627e+02
3.200000000000000000e+01 -2.721925127075940587e+00 2.502627191025483171e+02
3.400000000000000000e+01 -4.971490646798788049e+00 2.873461216044629296e+01
3.400000000000000000e+01 -5.895285044762772486e+00 1.922031987348540838e+02
3.400000000000000000e+01 -2.692288788768074426e+00 2.449527360272219312e+02
3.600000000000000000e+01 -5.299053248476598199e+00 2.863290026476146011e+01
3.600000000000000000e+01 -6.478834989478424511e+00 1.922235695763271224e+02
3.600000000000000000e+01 -2.603785451961964537e+00 2.388997464362973062e+02
3.800000000000000000e+01 -5.629450408645711335e+00 2.848433848951799163e+01
3.800000000000000000e+01 -7.131757402585659378e+00 1.922511359417183883e+02
3.800000000000000000e+01 -2.436605547017355544e+00 2.321084535903318624e+02
4.000000000000000000e+01 -5.957957139117541878e+00 2.832081399821110423e+01
4.000000000000000000e+01 -8.057359505398487443e+00 1.921422854923116006e+02
4.000000000000000000e+01 -1.937445117526686245e+00 2.241236486017511709e+02
4.200000000000000000e+01 -6.283177486916841303e+00 2.815241297164630296e+01
4.200000000000000000e+01 -9.276329562647827487e+00 1.917836318587026767e+02
4.200000000000000000e+01 -1.098344109031669014e+00 2.154248502799050300e+02
4.400000000000000000e+01 -6.604851035684242255e+00 2.797900787861912875e+01
4.400000000000000000e+01 -1.074475356173655527e+01 1.908224124714718926e+02
4.400000000000000000e+01 4.679705300560664805e-01 2.068042534217423452e+02
4.600000000000000000e+01 -6.922607807053010376e+00 2.780038736424891610e+01
4.600000000000000000e+01 -1.195571711662805292e+01 1.886097608315596688e+02
4.600000000000000000e+01 1.932372048670803144e+00 1.994124429456145151e+02
4.800000000000000000e+01 -7.221979665022156603e+00 2.759413106764362666e+01
4.800000000000000000e+01 -1.131773213927028721e+01 1.845543981379814795e+02
4.800000000000000000e+01 1.751312967202479420e+00 1.934688316926084042e+02
5.000000000000000000e+01 -7.455816309872101755e+00 2.729023228192178863e+01
5.000000000000000000e+01 -7.950402046967806058e+00 1.778547780254180850e+02
5.000000000000000000e+01 -1.549706026497759570e+00 1.892585381157097686e+02
5.200000000000000000e+01 -7.681689389421113567e+00 2.698262306060130200e+01
5.200000000000000000e+01 -5.078009946911782535e+00 1.671813092535649048e+02
5.200000000000000000e+01 -4.938311428479772225e+00 1.893474543810072532e+02
5.400000000000000000e+01 -7.899036609888558935e+00 2.667119909234716246e+01
5.400000000000000000e+01 -3.965244670328755827e+00 1.568632787899018410e+02
5.400000000000000000e+01 -6.234791669709815132e+00 1.897764912700708635e+02
5.600000000000000000e+01 -8.107218639034538654e+00 2.635583444531602737e+01
5.600000000000000000e+01 -3.167856165290605652e+00 1.468795304828621511e+02
5.600000000000000000e+01 -7.066766389429446349e+00 1.899325283697471889e+02
5.800000000000000000e+01 -8.305851488871388355e+00 2.603661416530096773e+01
5.800000000000000000e+01 -2.504570063492011389e+00 1.375371260498878598e+02
5.800000000000000000e+01 -7.725244557653015320e+00 1.899638272168205049e+02
6.000000000000000000e+01 -8.494325187644843567e+00 2.571345923637960240e+01
6.000000000000000000e+01 -1.886053505641229533e+00 1.287644181245950961e+02
6.000000000000000000e+01 -8.299003131069618178e+00 1.899301186909453918e+02
6.200000000000000000e+01 -8.672131523221873195e+00 2.538636760975603579e+01
6.200000000000000000e+01 -1.315627016919587167e+00 1.207582700319571956e+02
6.200000000000000000e+01 -8.822445184817839348e+00 1.898571572929241711e+02
6.400000000000000000e+01 -8.838806853483045955e+00 2.505535754607633692e+01
6.400000000000000000e+01 -6.370687714623635145e-01 1.130555762740387280e+02
6.400000000000000000e+01 -9.301322110414695032e+00 1.897529246733195123e+02
6.600000000000000000e+01 nan nan
6.600000000000000000e+01 -1.405361401064465776e-01 1.063680578254641773e+02
6.600000000000000000e+01 -9.736309921907766451e+00 1.896140004221848017e+02
6.800000000000000000e+01 nan nan
6.800000000000000000e+01 2.278061468702479719e-01 1.005496221576126601e+02
6.800000000000000000e+01 -1.015501445346912668e+01 1.894535848710405332e+02
7.000000000000000000e+01 nan nan
7.000000000000000000e+01 6.069706837850941117e-01 9.528836782289536700e+01
7.000000000000000000e+01 -1.054875463907252886e+01 1.892692668469313446e+02
7.200000000000000000e+01 nan nan
7.200000000000000000e+01 1.073284393750713939e+00 9.030973258104386048e+01
7.200000000000000000e+01 -1.093528289724316949e+01 1.890687817214629547e+02
7.400000000000000000e+01 nan nan
7.400000000000000000e+01 1.519762591210285008e+00 8.586341791931077694e+01
7.400000000000000000e+01 -1.130773235342864069e+01 1.888501203916035536e+02
7.600000000000000000e+01 nan nan
7.600000000000000000e+01 1.971234543860292732e+00 8.184269220376613418e+01
7.600000000000000000e+01 -1.166786994797580412e+01 1.886139584327805778e+02
7.800000000000000000e+01 nan nan
7.800000000000000000e+01 2.312013940394854750e+00 7.836094054437643308e+01
7.800000000000000000e+01 -1.201526911046696355e+01 1.883613210179502175e+02
8.000000000000000000e+01 nan nan
8.000000000000000000e+01 2.778246696932402671e+00 7.514874414462774155e+01
8.000000000000000000e+01 -1.233835517758176437e+01 1.880838282993927919e+02
