1.000000000000000000e+01 -4.503564112378607293e-02 4.257943631193121803e+00
1.000000000000000000e+01 -7.323682048954800045e-03 2.845762122060487798e+01
1.000000000000000000e+01 -3.723997821802536336e-03 3.882777893736058417e+01
1.000000000000000000e+01 -1.000000000000000000e+00 6.366557051636895892e+00
1.000000000000000000e+01 -4.013473248921689725e-03 8.204899050889498824e+01
1.000000000000000000e+01 -1.338697240135381164e-05 1.070135524919288343e+02
1.100000000000000000e+01 -5.006771449428690929e-02 4.259383987632042512e+00
1.100000000000000000e+01 -8.075086260801318458e-03 2.846330166212135637e+01
1.100000000000000000e+01 -4.086853273481438550e-03 3.881475196083933099e+01
1.100000000000000000e+01 -1.000000000000000000e+00 6.993918062127386648e+00
1.100000000000000000e+01 -4.056713616451929419e-03 8.217228382719453350e+01
1.100000000000000000e+01 -1.243377096807743914e-05 1.072857130606322755e+02
1.200000000000000000e+01 -5.513816675765749464e-02 4.260690476494920276e+00
1.200000000000000000e+01 -8.859917126551576649e-03 2.846722200116312962e+01
1.200000000000000000e+01 -4.459614159688070692e-03 3.879587790316489304e+01
1.200000000000000000e+01 -1.000000000000000000e+00 7.619642970243905467e+00
1.200000000000000000e+01 -4.132917757945730325e-03 8.226744505501709170e+01
1.200000000000000000e+01 -1.164981579715334627e-05 1.074943865024047795e+02
1.300000000000000000e+01 -6.024614051876974602e-02 4.261893027934590350e+00
1.300000000000000000e+01 -9.674573012224277693e-03 2.846972841109754881e+01
1.300000000000000000e+01 -4.840871324826449655e-03 3.877203964471335240e+01
1.300000000000000000e+01 -4.235032384644037660e-03 8.234263282265041539e+01
1.300000000000000000e+01 -1.099936784541135501e-05 1.076577966841210809e+02
1.400000000000000000e+01 -6.539260321056486469e-02 4.263016998383324818e+00
1.400000000000000000e+01 -1.051745837185271391e-02 2.847105898379323108e+01
1.400000000000000000e+01 -5.229318595718147715e-03 3.874381753226224134e+01
1.400000000000000000e+01 -4.357943391862829918e-03 8.240325872979089183e+01
1.400000000000000000e+01 -1.045587748808785150e-05 1.077880950400816005e+02
1.500000000000000000e+01 -7.057975715771190595e-02 4.264083544732812037e+00
1.500000000000000000e+01 -1.138870419826628309e-02 2.847136038052805063e+01
1.500000000000000000e+01 -5.623860591950222837e-03 3.871161113670877540e+01
1.500000000000000000e+01 -4.497865732531824458e-03 8.245302401303156614e+01
1.500000000000000000e+01 -9.999294995197186597e-06 1.078936274327800930e+02
1.600000000000000000e+01 -7.581064498094708393e-02 4.265110195122791659e+00
1.600000000000000000e+01 -1.228921543161054335e-02 2.847069538573297365e+01
1.600000000000000000e+01 -6.023754194071976459e-03 3.867570569260045943e+01
1.600000000000000000e+01 -4.651943514817317646e-03 8.249452771145674035e+01
1.600000000000000000e+01 -9.614240599560287511e-06 1.079802750830721294e+02
1.700000000000000000e+01 -8.108889171419396413e-02 4.266111487255992429e+00
1.700000000000000000e+01 -1.321959391119349042e-02 2.846906269792323130e+01
1.700000000000000000e+01 -6.428695010392038688e-03 3.863630626309722516e+01
1.700000000000000000e+01 -4.817983043360327122e-03 8.252963711573892169e+01
1.700000000000000000e+01 -9.288744014233082604e-06 1.080522765750532983e+02
1.800000000000000000e+01 -8.641854085450038914e-02 4.267099514134701899e+00
1.800000000000000000e+01 -1.417955515168128205e-02 2.846642716286194386e+01
1.800000000000000000e+01 -6.838766248570068637e-03 3.859355384625068552e+01
1.800000000000000000e+01 -4.994271152682311886e-03 8.255972092295237985e+01
1.800000000000000000e+01 -9.013362712927733392e-06 1.081127477571613724e+02
1.900000000000000000e+01 -9.180395212429282026e-02 4.268084426744246151e+00
1.900000000000000000e+01 -1.516798430595794889e-02 2.846274721366735960e+01
1.900000000000000000e+01 -7.254222902500203317e-03 3.854753419728706376e+01
1.900000000000000000e+01 -5.179449250646453277e-03 8.258580024728208002e+01
1.900000000000000000e+01 -8.780556033380507860e-06 1.081640197712498832e+02
2.000000000000000000e+01 -9.724974038630034012e-02 4.269074857218631891e+00
2.000000000000000000e+01 -1.618336111716183259e-02 2.845799060700625560e+01
2.000000000000000000e+01 -7.675174135100907777e-03 3.849828723243664541e+01
2.000000000000000000e+01 -5.372424436153586981e-03 8.260864893640089690e+01
2.000000000000000000e+01 -8.584233600754990776e-06 1.082078642938425901e+02
2.100000000000000000e+01 -1.027607432431531381e-01 4.270078212143579854e+00
2.100000000000000000e+01 -1.722422381967338850e-02 2.845213836393852702e+01
2.100000000000000000e+01 -8.101293209617881075e-03 3.844582050505788828e+01
2.100000000000000000e+01 -5.572305740825253192e-03 8.262886173211622065e+01
2.100000000000000000e+01 -8.419425274199948277e-06 1.082456469478265859e+02
2.200000000000000000e+01 -1.083420055845350921e-01 4.271100969193285302e+00
2.200000000000000000e+01 -1.828949110213468413e-02 2.844518145797427522e+01
2.200000000000000000e+01 -8.531674240726355024e-03 3.839012547713744539e+01
2.200000000000000000e+01 -5.778357695492653510e-03 8.264690152962229774e+01
2.200000000000000000e+01 -8.282036228907020019e-06 1.082784338747594290e+02
2.300000000000000000e+01 -1.139987777765046201e-01 4.272148867335081590e+00
2.300000000000000000e+01 -1.937861020248607402e-02 2.843711487004692273e+01
2.300000000000000000e+01 -8.964875457917371310e-03 3.833119259610949570e+01
2.300000000000000000e+01 -5.989966042103725234e-03 8.266313274239783482e+01
2.300000000000000000e+01 -8.168663072909303539e-06 1.083070670986234347e+02
2.400000000000000000e+01 -1.197365215796536569e-01 4.273227094550499316e+00
2.400000000000000000e+01 -2.049157297897754443e-02 2.842793187046004633e+01
2.400000000000000000e+01 -9.399100535779034496e-03 3.826902160562854505e+01
2.400000000000000000e+01 -6.206612094213831421e-03 8.267784525515793348e+01
2.400000000000000000e+01 -8.076454116764459606e-06 1.083322186900902864e+02
2.500000000000000000e+01 -1.255609222244195855e-01 4.274340437898579204e+00
2.500000000000000000e+01 -2.162885664500038829e-02 2.841761970573768181e+01
2.500000000000000000e+01 -9.832427447801694517e-03 3.820362585618627094e+01
2.500000000000000000e+01 -6.427853353027509001e-03 8.269127187473229412e+01
2.500000000000000000e+01 -8.003002032710579362e-06 1.083544302726861446e+02
2.600000000000000000e+01 -1.314779068604770840e-01 4.275493347230308494e+00
2.600000000000000000e+01 -2.279133436595460679e-02 2.840615686420076358e+01
2.600000000000000000e+01 -1.026300589441690378e-02 3.813503164580940563e+01
2.600000000000000000e+01 -6.653308715016166205e-03 8.270360122433767458e+01
2.600000000000000000e+01 -7.946260427431676120e-06 1.083741422282158169e+02
2.700000000000000000e+01 -1.374936632804298342e-01 4.276690096964996357e+00
2.700000000000000000e+01 -2.398018397731366269e-02 2.839351162664616268e+01
2.700000000000000000e+01 -1.068918253051306076e-02 3.806327468340831643e+01
2.700000000000000000e+01 -6.882647101626044803e-03 8.271498738926513283e+01
2.700000000000000000e+01 -7.904478517887807609e-06 1.083917155600458955e+02
2.800000000000000000e+01 -1.436146649867595937e-01 4.277934821090076056e+00
2.800000000000000000e+01 -2.519680911257636546e-02 2.837964149435157069e+01
2.800000000000000000e+01 -1.110954933345206438e-02 3.798839568238688713e+01
2.800000000000000000e+01 -7.115578675805683991e-03 8.272555721412886953e+01
2.800000000000000000e+01 -7.876149449554249214e-06 1.084074484442282227e+02
2.900000000000000000e+01 -1.498476979364450623e-01 4.279231578047424378e+00
2.900000000000000000e+01 -2.644277781109296774e-02 2.836449311932242168e+01
2.900000000000000000e+01 -1.152293142732919301e-02 3.791043644326207840e+01
2.900000000000000000e+01 -7.351848040442794316e-03 8.273541588467837471e+01
2.900000000000000000e+01 -7.859969122448878052e-06 1.084215888939327641e+02
3.000000000000000000e+01 -1.561998881000112860e-01 4.280584463807038276e+00
3.000000000000000000e+01 -2.771977842961627359e-02 2.834800247032012166e+01
3.000000000000000000e+01 -1.192833713251728080e-02 3.782943708401906946e+01
3.000000000000000000e+01 -7.591228968267010185e-03 8.274465123533137501e+01
3.000000000000000000e+01 -7.854802745476614279e-06 1.084343445479375987e+02
3.100000000000000000e+01 -1.626787371602112786e-01 4.281997563815838070e+00
3.100000000000000000e+01 -2.902959037029901462e-02 2.833009500992432805e+01
3.100000000000000000e+01 -1.232489070332714980e-02 3.774543455945659076e+01
3.100000000000000000e+01 -7.833520324297184659e-03 8.275333709571748386e+01
3.100000000000000000e+01 -7.859658453754381370e-06 1.084458902988347120e+02
3.200000000000000000e+01 -1.692921536552915995e-01 4.283475118244966851e+00
3.200000000000000000e+01 -1.271176256990279654e-02 3.765846232747865230e+01
3.200000000000000000e+01 -3.037406615745642802e-02 2.831068580209794305e+01
3.200000000000000000e+01 -8.078542906847284086e-03 8.276153591423002354e+01
3.200000000000000000e+01 -7.873665223975621281e-06 1.084563742972096065e+02
3.300000000000000000e+01 -1.760484950698171236e-01 4.285021467160294861e+00
3.300000000000000000e+01 -1.308810612504464344e-02 3.756855090009463538e+01
3.300000000000000000e+01 -3.175512165749187071e-02 2.828967945739884371e+01
3.300000000000000000e+01 -8.326136987335445647e-03 8.276930081966031594e+01
3.300000000000000000e+01 -7.896054595786201820e-06 1.084659227073324956e+02
3.400000000000000000e+01 -1.829566076850823175e-01 4.286641157851734718e+00
3.400000000000000000e+01 -1.345300553874666065e-02 3.747572900958586928e+01
3.400000000000000000e+01 -3.317473144895509429e-02 2.826696989508994662e+01
3.400000000000000000e+01 -8.576160358880674517e-03 8.277667724819862372e+01
3.400000000000000000e+01 -7.926146576238483595e-06 1.084746435070521926e+02
3.500000000000000000e+01 -1.900258742977286308e-01 4.288338946961153475e+00
3.500000000000000000e+01 -1.380543601720418505e-02 3.738002515762445199e+01
3.500000000000000000e+01 -3.463492700766780674e-02 2.824243992010972093e+01
3.500000000000000000e+01 -8.828486729777365247e-03 8.278370423218474627e+01
3.500000000000000000e+01 -7.963336618240212731e-06 1.084826295429825080e+02
3.600000000000000000e+01 -1.972662642667265820e-01 4.290119863946654455e+00
3.600000000000000000e+01 -1.414423616092319071e-02 3.728146937262373939e+01
3.600000000000000000e+01 -3.613779572267667578e-02 2.821596059229535669e+01
3.600000000000000000e+01 -9.083004323410187944e-03 8.279041542004986809e+01
3.600000000000000000e+01 -8.007085749170308507e-06 1.084899610032630761e+02
3.700000000000000000e+01 -2.046883896688546645e-01 4.291989246540305558e+00
3.700000000000000000e+01 -1.446809121473534125e-02 3.718009505575790286e+01
3.700000000000000000e+01 -3.768547917066794595e-02 2.818739042907938597e+01
3.700000000000000000e+01 -9.339614569125267302e-03 8.279683988924421101e+01
3.700000000000000000e+01 -8.056911976682391052e-06 1.084967074327891936e+02
3.800000000000000000e+01 -2.123035672762645099e-01 4.293952782185879613e+00
3.800000000000000000e+01 -1.477552580499624096e-02 3.707594083936089646e+01
3.800000000000000000e+01 -3.928016930763603837e-02 2.815657441548684048e+01
3.800000000000000000e+01 -9.598230802374032797e-03 8.280300279403354580e+01
3.800000000000000000e+01 -8.112382915136437102e-06 1.085029293828007155e+02
3.900000000000000000e+01 -2.201238859985677754e-01 4.296016572413173584e+00
3.900000000000000000e+01 -1.506490487806059000e-02 3.696905241717734469e+01
3.900000000000000000e+01 -4.092410135990163372e-02 2.812334286770672165e+01
3.900000000000000000e+01 -9.858776920192052415e-03 8.280892589389559078e+01
3.900000000000000000e+01 -8.173109882217085859e-06 1.085086797713285307e+02
4.000000000000000000e+01 -2.281622848633243217e-01 4.298187139031494297e+00
4.000000000000000000e+01 -1.533444189028205715e-02 3.685948432336142844e+01
4.000000000000000000e+01 -4.261954232413887877e-02 2.808751013470353541e+01
4.000000000000000000e+01 -1.012118598086956915e-02 8.281462798331244812e+01
4.000000000000000000e+01 -8.238742413511819664e-06 1.085140050076239646e+02
4.100000000000000000e+01 -2.364326347281193452e-01 4.300471531129891112e+00
4.100000000000000000e+01 -1.558221368023074774e-02 3.674730165257135184e+01
4.100000000000000000e+01 -4.436877389830943402e-02 2.804887316823301902e+01
4.100000000000000000e+01 -1.038539876196001299e-02 8.282012525759519406e+01
4.100000000000000000e+01 -8.308964226113244091e-06 1.085189459301189601e+02
4.200000000000000000e+01 -2.449498333323769372e-01 4.302877359542246261e+00
4.200000000000000000e+01 -1.580618183473979713e-02 3.663258171301398392e+01
4.200000000000000000e+01 -4.617406872856519295e-02 2.800720997920504729e+01
4.200000000000000000e+01 -1.065136232022018299e-02 8.282543162938399917e+01
4.200000000000000000e+01 -8.383489185980114018e-06 1.085235385897852183e+02
4.300000000000000000e+01 -2.537299116858272030e-01 4.305412839258744739e+00
4.300000000000000000e+01 -1.600422070378253875e-02 3.651541560444493939e+01
4.300000000000000000e+01 -4.803765872506685769e-02 2.796227799085573196e+01
4.300000000000000000e+01 -1.091902861336849391e-02 8.283055900831062957e+01
4.300000000000000000e+01 -8.462058018473088880e-06 1.085278149062183815e+02
4.400000000000000000e+01 -2.627901489072055896e-01 4.308086908602914988e+00
4.400000000000000000e+01 -1.617415243674456826e-02 3.639590970379467194e+01
4.400000000000000000e+01 -4.996169419614958362e-02 2.791381233763667424e+01
4.400000000000000000e+01 -1.118835324299247667e-02 8.283551755743300760e+01
4.400000000000000000e+01 -8.544435776408088677e-06 1.085318032248004698e+02
4.500000000000000000e+01 -1.631378959990175542e-02 3.627418703058836513e+01
4.500000000000000000e+01 -2.721492075550004386e-01 4.310909252631304867e+00
4.500000000000000000e+01 -5.194819252747909233e-02 2.786152412701633807e+01
4.500000000000000000e+01 -1.145929437576970016e-02 8.284031592732098659e+01
4.500000000000000000e+01 -8.630408997667350063e-06 1.085355287845321328e+02
4.600000000000000000e+01 -1.642098591695997922e-02 3.615038845227091002e+01
4.600000000000000000e+01 -2.818272795900186867e-01 4.313890437506084474e+00
4.600000000000000000e+01 -5.399897514079098765e-02 2.780509872770184998e+01
4.600000000000000000e+01 -1.173181188023209726e-02 8.284496147366594698e+01
4.600000000000000000e+01 -8.719783834870708733e-06 1.085390141183245447e+02
4.700000000000000000e+01 -1.649369557060605812e-02 3.602467367243301766e+01
4.700000000000000000e+01 -2.918462561719882831e-01 4.317041976619838906e+00
4.700000000000000000e+01 -5.611559164373811082e-02 2.774419413647401811e+01
4.700000000000000000e+01 -1.200586669811322740e-02 8.284946045377820667e+01
4.700000000000000000e+01 -8.812384013653730744e-06 1.085422793936944714e+02
4.800000000000000000e+01 -1.653004118612164119e-02 3.589722193196892874e+01
4.800000000000000000e+01 -3.022299168019012550e-01 4.320376452264314437e+00
4.800000000000000000e+01 -5.829923031882144197e-02 2.767843948974589452e+01
4.800000000000000000e+01 -1.228142044681243897e-02 8.285381820640937178e+01
4.800000000000000000e+01 -8.908048924413020152e-06 1.085453427041182266e+02
4.900000000000000000e+01 -1.652839013858761405e-02 3.576823234144418251e+01
4.900000000000000000e+01 -3.130041443646462973e-01 4.323907644164679098e+00
4.900000000000000000e+01 -6.055061444541202237e-02 2.760743380639639355e+01
4.900000000000000000e+01 -1.255843523262755758e-02 8.285803930916830495e+01
4.900000000000000000e+01 -9.006632648086090881e-06 1.085482203199831446e+02
5.000000000000000000e+01 -1.648743811707061718e-02 3.563792375303506077e+01
5.000000000000000000e+01 -3.241971744347789119e-01 4.327650608210275252e+00
5.000000000000000000e+01 -6.286988454407202442e-02 2.753074504533858757e+01
5.000000000000000000e+01 -1.283687364175289947e-02 8.286212771636309071e+01
5.000000000000000000e+01 -9.108001806465633351e-06 1.085509269034695592e+02
5.100000000000000000e+01 -1.640629798269118908e-02 3.550653407926906624e+01
5.100000000000000000e+01 -3.358398690003644993e-01 4.331621915432296355e+00
5.100000000000000000e+01 -6.525646722131706046e-02 2.744790956432580487e+01
5.100000000000000000e+01 -1.311669886488603214e-02 8.286608687447315447e+01
5.100000000000000000e+01 -9.212034763600233020e-06 1.085534756972616464e+02
5.200000000000000000e+01 -1.628459093681957487e-02 3.537431897479240206e+01
5.200000000000000000e+01 -3.479660424291530774e-01 4.335839740709716672e+00
5.200000000000000000e+01 -6.770893215789348940e-02 2.735843206217907664e+01
5.200000000000000000e+01 -1.339787491793711406e-02 8.286991981676214891e+01
5.200000000000000000e+01 -9.318620285797314464e-06 1.085558786843300538e+02
5.300000000000000000e+01 -1.612253587066532143e-02 3.524154981790867680e+01
5.300000000000000000e+01 -3.606128250212872755e-01 4.340324103494774377e+00
5.300000000000000000e+01 -7.022483937423154576e-02 2.726178607367263140e+01
5.300000000000000000e+01 -1.368036691247573669e-02 8.287362924189585556e+01
5.300000000000000000e+01 -9.427656402287565562e-06 1.085581467306818553e+02
5.400000000000000000e+01 -1.592103175215181174e-02 3.510851096154941331e+01
5.400000000000000000e+01 -3.738210900418065807e-01 4.345097025564324866e+00
5.400000000000000000e+01 -7.280057959954232272e-02 2.715741504456055821e+01
5.400000000000000000e+01 -1.396414134813815482e-02 8.287721756984375077e+01
5.400000000000000000e+01 -9.539049636728983361e-06 1.085602897061085059e+02
5.500000000000000000e+01 -1.568172705919000653e-02 3.497549627531594751e+01
5.500000000000000000e+01 -3.876359385228742571e-01 4.350182804493887723e+00
5.500000000000000000e+01 -7.543121068035837928e-02 2.704473399865819516e+01
5.500000000000000000e+01 -1.424916639386178581e-02 8.288068698894701924e+01
5.500000000000000000e+01 -9.652713826627519169e-06 1.085623165935073189e+02
5.600000000000000000e+01 -1.540706992249899626e-02 3.484280505550184159e+01
5.600000000000000000e+01 -4.021072675007073549e-01 4.355608232419685422e+00
5.600000000000000000e+01 -7.811029264278900042e-02 2.692313173293621276e+01
5.600000000000000000e+01 -1.453541214352426468e-02 8.288403948736439020e+01
5.600000000000000000e+01 -9.768569621083335943e-06 1.085642355809145698e+02
5.700000000000000000e+01 -1.510033287733751096e-02 3.471073744985083920e+01
5.700000000000000000e+01 -4.172904262384682927e-01 4.361402878891729173e+00
5.700000000000000000e+01 -8.082972270525357050e-02 2.679197345079387205e+01
5.700000000000000000e+01 -1.482285082933645047e-02 8.288727687372829678e+01
5.700000000000000000e+01 -9.886543551189736468e-06 1.085660541458120747e+02
5.800000000000000000e+01 -1.476560711801832085e-02 3.457958960451338726e+01
5.800000000000000000e+01 -4.332469796605296630e-01 4.367599404656219875e+00
5.800000000000000000e+01 -8.357956936593563535e-02 2.665060368506444277e+01
5.800000000000000000e+01 -1.511145698820193228e-02 8.289040079383362070e+01
5.800000000000000000e+01 -1.000656754552790688e-05 1.085677791271766353e+02
5.900000000000000000e+01 -1.440776291890429398e-02 3.444964878643617823e+01
5.900000000000000000e+01 -4.500456030704093058e-01 4.374233862024896169e+00
5.900000000000000000e+01 -8.634790141278030073e-02 2.649834933394688719e+01
5.900000000000000000e+01 -1.540120757986610141e-02 8.289341273726105896e+01
5.900000000000000000e+01 -1.012857837678070880e-05 1.085694167902625225e+02
6.000000000000000000e+01 -1.403237532460063774e-02 3.432118876310376265e+01
6.000000000000000000e+01 -4.677631345341836666e-01 4.381345969256138062e+00
6.000000000000000000e+01 -8.912060320702218374e-02 2.633452263126561377e+01
6.000000000000000000e+01 -1.569208205684280086e-02 8.289631404113390545e+01
6.000000000000000000e+01 -1.025251711269351745e-05 1.085709728816392641e+02
6.100000000000000000e+01 -1.364561697370693903e-02 3.419446572001031370e+01
6.100000000000000000e+01 -4.864857977667502720e-01 4.388979502738248328e+00
6.100000000000000000e+01 -9.188116235078522265e-02 2.615842392892142954e+01
6.100000000000000000e+01 -1.598406239013966737e-02 8.289910589291422127e+01
6.100000000000000000e+01 -1.037832892254453705e-05 1.085724526822070146e+02
6.200000000000000000e+01 -1.325412275576820162e-02 3.406971494409625478e+01
6.200000000000000000e+01 -5.063106560422656610e-01 4.397182538302843113e+00
6.200000000000000000e+01 -9.461041011139725843e-02 2.596934420691070500e+01
6.200000000000000000e+01 -1.627713305852701922e-02 8.290178932858627547e+01
6.200000000000000000e+01 -1.050596259476905628e-05 1.085738610501814634e+02
6.300000000000000000e+01 -1.286483336160474528e-02 3.394714844950694044e+01
6.300000000000000000e+01 -5.273473236263911401e-01 4.406007662473722775e+00
6.300000000000000000e+01 -9.728618862058854844e-02 2.576656740415031877e+01
6.300000000000000000e+01 -1.657128100364753040e-02 8.290436523108154176e+01
6.300000000000000000e+01 -1.063537056773100332e-05 1.085752024613910152e+02
6.400000000000000000e+01 -1.248482641496796025e-02 3.382695362121317117e+01
6.400000000000000000e+01 -5.497199897377783584e-01 4.415512045417844256e+00
6.400000000000000000e+01 -9.988291266605806018e-02 2.554937281233983981e+01
6.400000000000000000e+01 -1.686649556133600417e-02 8.290683432924952001e+01
6.400000000000000000e+01 -1.076650838031666292e-05 1.085764810448151110e+02
6.500000000000000000e+01 -1.212114456248188782e-02 3.370929286401229064e+01
6.500000000000000000e+01 -5.735698099066970368e-01 4.425757314265012177e+00
6.500000000000000000e+01 -1.023709875258987378e-01 2.531703801690985856e+01
6.500000000000000000e+01 -1.716276837162551000e-02 8.290919719445385283e+01
6.500000000000000000e+01 -1.089933473705300404e-05 1.085777006143402446e+02
6.600000000000000000e+01 -1.178062950652248621e-02 3.359430415463548059e+01
6.600000000000000000e+01 -5.990577385154767232e-01 4.436809013849222438e+00
6.600000000000000000e+01 -1.047160385497508811e-01 2.506884315409639186e+01
6.600000000000000000e+01 -1.746009327456169227e-02 8.291145424034745304e+01
6.600000000000000000e+01 -1.103381136919774596e-05 1.085788646964666668e+02
6.700000000000000000e+01 -1.146976980597231958e-02 3.348210232631807060e+01
6.700000000000000000e+01 -6.263678689903986463e-01 4.448735495285587760e+00
6.700000000000000000e+01 -1.068779023046915189e-01 2.480407761538581823e+01
6.700000000000000000e+01 -1.116990297485877915e-05 1.085799765574114275e+02
6.700000000000000000e+01 -1.775846619662275333e-02 8.291360572059943479e+01
6.800000000000000000e+01 -1.119456848219670640e-02 3.337278088118421238e+01
6.800000000000000000e+01 -1.088093251766667491e-01 2.452205078733966914e+01
6.800000000000000000e+01 -6.557113617715447651e-01 4.461605846931921526e+00
6.800000000000000000e+01 -1.130757703322794924e-05 1.085810392241477160e+02
6.800000000000000000e+01 -1.805788503186442004e-02 8.291565173021196244e+01
6.900000000000000000e+01 -1.096043444935024432e-02 3.326641410260705101e+01
6.900000000000000000e+01 -1.104543141297036346e-01 2.422210897890154868e+01
6.900000000000000000e+01 -6.873310239985266357e-01 4.475486398978831382e+00
6.900000000000000000e+01 -1.144680382811675857e-05 1.085820555060745534e+02
6.900000000000000000e+01 -1.835834952104265991e-02 8.291759220352747661e+01
7.000000000000000000e+01 -1.077209978870859522e-02 3.316305926423732586e+01
7.000000000000000000e+01 -1.117460910789637024e-01 2.390366145847664114e+01
7.000000000000000000e+01 -7.215065864059719836e-01 4.490435030782884418e+00
7.000000000000000000e+01 -1.158755646029160534e-05 1.085830280125907592e+02
7.000000000000000000e+01 -1.865986113107216335e-02 8.291942691614977434e+01
7.100000000000000000e+01 -1.063356316237839237e-02 3.306275876332301067e+01
7.100000000000000000e+01 -1.126046247939841011e-01 2.356621942476003184e+01
7.100000000000000000e+01 -1.172981071440206327e-05 1.085839591709094094e+02
7.100000000000000000e+01 -7.585606528868577003e-01 4.506492264490622901e+00
7.100000000000000000e+01 -1.896242293808610146e-02 8.292115548708333961e+01
7.200000000000000000e+01 -1.054805828460047244e-02 3.296554204416773359e+01
7.200000000000000000e+01 -1.129337671982001828e-01 2.320945277713150645e+01
7.200000000000000000e+01 -1.187354511338899943e-05 1.085848512406172688e+02
7.200000000000000000e+01 -1.926603951606327067e-02 8.292277737868036525e+01
7.200000000000000000e+01 -7.988652151307588101e-01 4.523667519840866014e+00
7.300000000000000000e+01 -1.051804542335819416e-02 3.287142723553340318e+01
7.300000000000000000e+01 -1.126181276037320905e-01 2.283327049694525712e+01
7.300000000000000000e+01 -1.201874082245456518e-05 1.085857063268358758e+02
7.300000000000000000e+01 -1.957071682966071702e-02 8.292429190098040692e+01
7.300000000000000000e+01 -8.428484105888712774e-01 4.541918556712318811e+00
7.400000000000000000e+01 -1.054522333385942562e-02 3.278042246400148940e+01
7.400000000000000000e+01 -1.115200135945017129e-01 2.243793070043088989e+01
7.400000000000000000e+01 -1.216538149428603585e-05 1.085865263933778806e+02
7.400000000000000000e+01 -1.987646213596677355e-02 8.292569821263434449e+01
7.400000000000000000e+01 -8.910009220662188367e-01 4.561121518527371244e+00
7.500000000000000000e+01 -1.063055870528810745e-02 3.269252685321066565e+01
7.500000000000000000e+01 -1.094770923315397798e-01 2.202418487946832215e+01
7.500000000000000000e+01 -1.231345360228969371e-05 1.085873132734144946e+02
7.500000000000000000e+01 -2.018328389236982018e-02 8.292699532411815255e+01
7.500000000000000000e+01 -9.438810366584964306e-01 4.581028590622199026e+00
7.600000000000000000e+01 -1.077433007198063536e-02 3.260773124069774553e+01
7.600000000000000000e+01 -1.063019063758116473e-01 2.159345540258668095e+01
7.600000000000000000e+01 -1.246294599221234831e-05 1.085880686801734640e+02
7.600000000000000000e+01 -2.049119167282721296e-02 8.292818210135395418e+01
7.600000000000000000e+01 -1.000000000000000000e+00 4.311402764765237983e+00
7.600000000000000000e+01 -1.000000000000000000e+00 4.910499876617011594e+00
7.700000000000000000e+01 -1.097618323787226055e-02 3.252601866721836643e+01
7.700000000000000000e+01 -1.017849704958597168e-01 2.114803320356534755e+01
7.700000000000000000e+01 -1.261385019110286527e-05 1.085887942158859971e+02
7.700000000000000000e+01 -1.000000000000000000e+00 3.216089911401468271e+00
7.700000000000000000e+01 -2.080019609131024752e-02 8.292925726879246895e+01
7.700000000000000000e+01 -1.000000000000000000e+00 6.639591287465586689e+00
7.800000000000000000e+01 -1.123519529597687659e-02 3.244736470573414522e+01
7.800000000000000000e+01 -9.570365956351489789e-02 2.069126128610076520e+01
7.800000000000000000e+01 -1.000000000000000000e+00 2.762125673785951641e+00
7.800000000000000000e+01 -1.276615999484424980e-05 1.085894913798002506e+02
7.800000000000000000e+01 -2.111030873398437452e-02 8.293021941090906068e+01
7.800000000000000000e+01 -1.000000000000000000e+00 7.792362951759168155e+00
7.900000000000000000e+01 -1.154994457043813719e-02 3.237173769572616067e+01
7.900000000000000000e+01 -8.783895270910180297e-02 2.022764078635514906e+01
7.900000000000000000e+01 -1.000000000000000000e+00 2.439126256467368137e+00
7.900000000000000000e+01 -1.291987198382646473e-05 1.085901615766028669e+02
7.900000000000000000e+01 -2.142154209778321730e-02 8.293106697727542098e+01
8.000000000000000000e+01 -1.191858386349783916e-02 3.229909894472821463e+01
8.000000000000000000e+01 -7.800055088058201191e-02 1.976277171466697524e+01
8.000000000000000000e+01 -1.000000000000000000e+00 2.180961909356958106e+00
8.000000000000000000e+01 -1.307498479733875979e-05 1.085908061240317579e+02
8.000000000000000000e+01 -2.173390953701956688e-02 8.293179828417449073e+01
8.100000000000000000e+01 -1.233891467833437075e-02 3.222940294473460199e+01
8.100000000000000000e+01 -6.605741198173233075e-02 1.930304563199863566e+01
8.100000000000000000e+01 -1.000000000000000000e+00 1.962445171420349244e+00
8.100000000000000000e+01 -1.323149974492196084e-05 1.085914262570070150e+02
8.100000000000000000e+01 -2.204742521566083885e-02 8.293241151748948425e+01
8.200000000000000000e+01 -1.280846039253635826e-02 3.216259765009110794e+01
8.200000000000000000e+01 -5.196619832099862168e-02 1.885507040361061470e+01
8.200000000000000000e+01 -1.000000000000000000e+00 1.770911153535018601e+00
8.200000000000000000e+01 -1.338942042253118182e-05 1.085920231355843555e+02
8.200000000000000000e+01 -2.236210406722308544e-02 8.293290473625283710e+01
8.300000000000000000e+01 -1.332453643471599551e-02 3.209862482758924074e+01
8.300000000000000000e+01 -3.578742414146061229e-02 1.842492451918255014e+01
8.300000000000000000e+01 -1.000000000000000000e+00 1.598978747328316352e+00
8.300000000000000000e+01 -1.354875256521751676e-05 1.085925978506482750e+02
8.300000000000000000e+01 -2.267796175937332806e-02 8.293327587361046938e+01
8.400000000000000000e+01 -1.768161205615194700e-02 1.801744775294401890e+01
8.400000000000000000e+01 -1.388431605264832565e-02 3.203742050267840824e+01
8.400000000000000000e+01 -1.000000000000000000e+00 1.441922123211391238e+00
8.400000000000000000e+01 -1.370950452711308970e-05 1.085931514259871449e+02
8.400000000000000000e+01 -2.299501466541226113e-02 8.293352274039179406e+01
8.500000000000000000e+01 2.114432407721875216e-03 1.763578742175296554e+01
8.500000000000000000e+01 -1.448489047252752779e-02 3.197891549524836208e+01
8.500000000000000000e+01 -1.000000000000000000e+00 1.296509070556237209e+00
8.500000000000000000e+01 -1.387168681551071410e-05 1.085936848264011729e+02
8.500000000000000000e+01 -2.331327983892073769e-02 8.293364302517298370e+01
8.600000000000000000e+01 2.332285003923763311e-02 1.728130966823578873e+01
8.600000000000000000e+01 -1.512332252003904809e-02 3.192303602956036812e+01
8.600000000000000000e+01 -1.000000000000000000e+00 1.160416693874324556e+00
8.600000000000000000e+01 -1.403531196788910339e-05 1.085941989597962873e+02
8.600000000000000000e+01 -2.363277499463769388e-02 8.293363429846925783e+01
8.700000000000000000e+01 4.565995858317658390e-02 1.695382960953675777e+01
8.700000000000000000e+01 -1.579669331887384801e-02 3.186970440993362885e+01
8.700000000000000000e+01 -1.000000000000000000e+00 1.031909286497037392e+00
8.700000000000000000e+01 -1.420039514225146034e-05 1.085946946812181437e+02
8.700000000000000000e+01 -2.395351849247470341e-02 8.293349401095730400e+01
8.800000000000000000e+01 6.886298428976468655e-02 1.665201623209394555e+01
8.800000000000000000e+01 -1.650214178001621970e-02 3.181883973695346413e+01
8.800000000000000000e+01 -1.000000000000000000e+00 9.096478109948487045e-01
8.800000000000000000e+01 -1.436695373329192951e-05 1.085951727967936478e+02
8.800000000000000000e+01 -2.427552932597667676e-02 8.293321949766112766e+01
8.900000000000000000e+01 9.270540343929203897e-02 1.637382389951413586e+01
8.900000000000000000e+01 -1.723689697964771866e-02 3.177035863657806658e+01
8.900000000000000000e+01 -1.000000000000000000e+00 7.925708941620582815e-01
8.900000000000000000e+01 -1.453500700758886437e-05 1.085956340667131599e+02
8.900000000000000000e+01 -2.459882711337428932e-02 8.293280797546883321e+01
9.000000000000000000e+01 1.170023787541859955e-01 1.611685611939149254e+01
9.000000000000000000e+01 -1.000000000000000000e+00 6.798170505100658012e-01
9.000000000000000000e+01 -1.799830378074809487e-02 3.172417599505114438e+01
9.000000000000000000e+01 -1.470457703457564456e-05 1.085960792082855590e+02
9.000000000000000000e+01 -2.492343209231699663e-02 8.293225654721554463e+01
9.100000000000000000e+01 1.416095747795597937e-01 1.587862737063988661e+01
9.100000000000000000e+01 -1.000000000000000000e+00 5.706718905413664666e-01
9.100000000000000000e+01 -1.878384209068341762e-02 3.168020566054826759e+01
9.100000000000000000e+01 -1.487568773335477299e-05 1.085965088991060412e+02
9.100000000000000000e+01 -2.524936511745427825e-02 8.293156219838982679e+01
9.200000000000000000e+01 1.664185128076207110e-01 1.565672819883362266e+01
9.200000000000000000e+01 -1.000000000000000000e+00 4.645310727600356904e-01
9.200000000000000000e+01 -1.959114046323088762e-02 3.163836111127236705e+01
9.200000000000000000e+01 -1.504836546268026409e-05 1.085969237784249657e+02
9.200000000000000000e+01 -2.557664765954016650e-02 8.293072179815520428e+01
9.300000000000000000e+01 1.913507157743715714e-01 1.544891534203163985e+01
9.300000000000000000e+01 -1.000000000000000000e+00 3.608735992268161663e-01
9.300000000000000000e+01 -2.041798468304361833e-02 3.159855607211673245e+01
9.300000000000000000e+01 -1.522263913396633852e-05 1.085973244516638800e+02
9.300000000000000000e+01 -2.590530180726607901e-02 8.292973210064023704e+01
9.400000000000000000e+01 2.163519443076823701e-01 1.525315061967141261e+01
9.400000000000000000e+01 -1.000000000000000000e+00 2.592418847422949257e-01
9.400000000000000000e+01 -2.126232201127266006e-02 3.156070506065079329e+01
9.400000000000000000e+01 -1.539853958223159135e-05 1.085977114897358433e+02
9.400000000000000000e+01 -2.623535027151885010e-02 8.292858974091971902e+01
9.500000000000000000e+01 2.413871393667477716e-01 1.506760808843784005e+01
9.500000000000000000e+01 -1.000000000000000000e+00 1.592266126013826832e-01
9.500000000000000000e+01 -2.212226191640781145e-02 3.152472388182970775e+01
9.500000000000000000e+01 -1.557610058502795181e-05 1.085980854340342887e+02
9.500000000000000000e+01 -2.656681639018993249e-02 8.292729123695995952e+01
9.600000000000000000e+01 2.664362657196607809e-01 1.489066324497995630e+01
9.600000000000000000e+01 -1.000000000000000000e+00 6.045477197055168506e-02
9.600000000000000000e+01 -2.299607382783410217e-02 3.149053003843060594e+01
9.600000000000000000e+01 -1.575535790570208871e-05 1.085984467958048185e+02
9.600000000000000000e+01 -2.689972413559410871e-02 8.292583298615676313e+01
9.700000000000000000e+01 2.914910409187972395e-01 1.472087324994861568e+01
9.700000000000000000e+01 1.000000000000000000e+00 3.742000714326820798e-02
9.700000000000000000e+01 -2.388218266862777647e-02 3.145804308329054777e+01
9.700000000000000000e+01 -1.593635021670701865e-05 1.085987960598156832e+02
9.700000000000000000e+01 -2.723409812213121312e-02 8.292421126442947354e+01
9.800000000000000000e+01 3.165524418273547025e-01 1.455695350570597668e+01
9.800000000000000000e+01 1.000000000000000000e+00 1.347256101994403765e-01
9.800000000000000000e+01 -2.477916260562733688e-02 3.142718490283793642e+01
9.800000000000000000e+01 -1.611911853900642303e-05 1.085991336842906634e+02
9.800000000000000000e+01 -2.756996361592652448e-02 8.292242222429841547e+01
9.900000000000000000e+01 3.416288605074974671e-01 1.439775362128907510e+01
9.900000000000000000e+01 1.000000000000000000e+00 2.317785455351278889e-01
9.900000000000000000e+01 -2.568572963068032483e-02 3.139787993851318149e+01
9.900000000000000000e+01 -1.630370686268073664e-05 1.085994601035029916e+02
9.900000000000000000e+01 -2.790734654499543027e-02 8.292046189259626487e+01
1.000000000000000000e+02 3.667347864669106006e-01 1.424223422461404098e+01
1.000000000000000000e+02 1.000000000000000000e+00 3.288904661130820917e-01
1.000000000000000000e+02 -2.660073325974349201e-02 3.137005535274861145e+01
1.000000000000000000e+02 -1.649016161622129730e-05 1.085997757296280781e+02
1.000000000000000000e+02 -2.824627351046245932e-02 8.291832616761168140e+01
