1.000000000000000000e+01 -4.216138190500406946e-02 4.510808928205313428e+00
1.000000000000000000e+01 -6.912163077088013738e-03 3.012993452266828243e+01
1.000000000000000000e+01 -3.564307755317225931e-03 4.077246016021926778e+01
1.000000000000000000e+01 -1.000000000000000000e+00 6.371459850511291378e+00
1.000000000000000000e+01 -4.008584359358227135e-03 8.675066614383669616e+01
1.000000000000000000e+01 -1.038681848333984872e-05 1.073561909339485112e+02
1.100000000000000000e+01 -4.687906742749171907e-02 4.512455672592087907e+00
1.100000000000000000e+01 -7.600717413034998454e-03 3.013675101509851828e+01
1.100000000000000000e+01 -3.905067387893794255e-03 4.076292855108774660e+01
1.100000000000000000e+01 -1.000000000000000000e+00 6.999744578552993701e+00
1.100000000000000000e+01 -4.027432417667260213e-03 8.689560413689416407e+01
1.100000000000000000e+01 -9.490841767277081670e-06 1.076309706494398455e+02
1.200000000000000000e+01 -5.163246019854957763e-02 4.513969840833608416e+00
1.200000000000000000e+01 -8.321937253145686442e-03 3.014162151731773776e+01
1.200000000000000000e+01 -4.255452851845938252e-03 4.074722488965286260e+01
1.200000000000000000e+01 -1.000000000000000000e+00 7.626510467268992954e+00
1.200000000000000000e+01 -4.080659762615383539e-03 8.700738127649171361e+01
1.200000000000000000e+01 -8.734079939177613616e-06 1.078416626235276539e+02
1.300000000000000000e+01 -5.641953982010597390e-02 4.515380646224242511e+00
1.300000000000000000e+01 -9.071863549910358024e-03 3.014494085467385887e+01
1.300000000000000000e+01 -4.614202125189232652e-03 4.072637435023026597e+01
1.300000000000000000e+01 -4.160906444784016715e-03 8.709559245248071591e+01
1.300000000000000000e+01 -8.087057561701226961e-06 1.080066597325036213e+02
1.400000000000000000e+01 -6.124014456768624853e-02 4.516713569868801237e+00
1.400000000000000000e+01 -9.848020494156813423e-03 3.014698391405298850e+01
1.400000000000000000e+01 -4.980120759534434685e-03 4.070104740977200208e+01
1.400000000000000000e+01 -4.262816268375502378e-03 8.716660985037056264e+01
1.400000000000000000e+01 -7.527912715878296109e-06 1.081382273462301526e+02
1.500000000000000000e+01 -6.609540382249950996e-02 4.517990347377580207e+00
1.500000000000000000e+01 -1.064953523205342846e-02 3.014794054707299154e+01
1.500000000000000000e+01 -5.352124879118312639e-03 4.067170185457378295e+01
1.500000000000000000e+01 -4.382416383332675587e-03 8.722479612084482881e+01
1.500000000000000000e+01 -7.040136165321318931e-06 1.082447902518926668e+02
1.600000000000000000e+01 -7.098734026779283945e-02 4.519229307943867902e+00
1.600000000000000000e+01 -1.147676716024111088e-02 3.014792408652400368e+01
1.600000000000000000e+01 -5.729343347068153319e-03 4.063866314892831610e+01
1.600000000000000000e+01 -4.516705459976858884e-03 8.727321736956406539e+01
1.600000000000000000e+01 -6.611054132434392545e-06 1.083322856675617345e+02
1.700000000000000000e+01 -7.591859915395135494e-02 4.520445861975242785e+00
1.700000000000000000e+01 -1.233051480117519291e-02 3.014697876670408405e+01
1.700000000000000000e+01 -6.111223878136222420e-03 4.060216900889877678e+01
1.700000000000000000e+01 -4.663376598648590228e-03 8.731407809397076392e+01
1.700000000000000000e+01 -6.230790713794043628e-06 1.084049927570219722e+02
1.800000000000000000e+01 -8.089226853531585049e-02 4.521652970951801187e+00
1.800000000000000000e+01 -1.321123498207354800e-02 3.014509764054667329e+01
1.800000000000000000e+01 -6.497577524377595205e-03 4.056239243085371982e+01
1.800000000000000000e+01 -4.820627834201634924e-03 8.734899525162499856e+01
1.800000000000000000e+01 -5.891545160285829326e-06 1.084660573341689940e+02
1.900000000000000000e+01 -8.591176175032001761e-02 4.522861602053543706e+00
1.900000000000000000e+01 -1.411865985536768509e-02 3.014224721596618295e+01
1.900000000000000000e+01 -6.888509045798688751e-03 4.051945285950814934e+01
1.900000000000000000e+01 -4.987030347531969283e-03 8.737917594486562223e+01
1.900000000000000000e+01 -5.587079587486248590e-06 1.085178330452219058e+02
2.000000000000000000e+01 -9.098074191095843755e-02 4.524081154474129285e+00
2.000000000000000000e+01 -1.505186570615099292e-02 3.013838905132650581e+01
2.000000000000000000e+01 -7.284227198319650522e-03 4.047342313346791798e+01
2.000000000000000000e+01 -5.161435290431726219e-03 8.740553554700029792e+01
2.000000000000000000e+01 -5.312349691406917901e-06 1.085621087241500646e+02
2.100000000000000000e+01 -9.610307750209279298e-02 4.525319716799980796e+00
2.100000000000000000e+01 -1.600959681853222905e-02 3.013349229643261751e+01
2.100000000000000000e+01 -7.684791586689008851e-03 4.042433760916372876e+01
2.100000000000000000e+01 -5.342906868940387223e-03 8.742877801903935620e+01
2.100000000000000000e+01 -5.063234593138320998e-06 1.086002632547140934e+02
2.200000000000000000e+01 -1.012828152524430370e-01 4.526584394717411364e+00
2.200000000000000000e+01 -1.699061993223316414e-02 3.012753721897449566e+01
2.200000000000000000e+01 -8.089891831358700727e-03 4.037220356979420188e+01
2.200000000000000000e+01 -5.530673567388449431e-03 8.744945162093794977e+01
2.200000000000000000e+01 -4.836336256858331505e-06 1.086333731557404292e+02
2.300000000000000000e+01 -1.065241686612338340e-01 4.527881482070946539e+00
2.300000000000000000e+01 -1.799398193872822280e-02 3.012051295272495821e+01
2.300000000000000000e+01 -8.498741048756416200e-03 4.031701466884919682e+01
2.300000000000000000e+01 -5.724092098774016812e-03 8.746798825919375986e+01
2.300000000000000000e+01 -4.628828670276741411e-06 1.086622886640303278e+02
2.400000000000000000e+01 -1.118315143949910190e-01 4.529216663736115756e+00
2.400000000000000000e+01 -1.901914190184481740e-02 3.011241286049626353e+01
2.400000000000000000e+01 -8.910108861294086316e-03 4.025876336721237436e+01
2.400000000000000000e+01 -5.922620414372479006e-03 8.748473174230004190e+01
2.400000000000000000e+01 -4.438343051321512452e-06 1.086876884167345167e+02
2.500000000000000000e+01 -1.172093954014906680e-01 4.530595172322741782e+00
2.500000000000000000e+01 -2.006600145169869925e-02 3.010322978115184256e+01
2.500000000000000000e+01 -9.322459191804816775e-03 4.019744967932565771e+01
2.500000000000000000e+01 -6.125797255545192312e-03 8.749995836760670898e+01
2.500000000000000000e+01 -4.262879434301729254e-06 1.087101193382369502e+02
2.600000000000000000e+01 -1.226625307431024048e-01 4.532021844630253149e+00
2.600000000000000000e+01 -2.113487191248758154e-02 3.009295220657233472e+01
2.600000000000000000e+01 -9.734128625144573138e-03 4.013308521623464031e+01
2.600000000000000000e+01 -6.333226496052610406e-03 8.751389213483471963e+01
2.600000000000000000e+01 -4.100737916272718645e-06 1.087300261263743693e+02
2.700000000000000000e+01 -1.281958248086096652e-01 4.533501317704374145e+00
2.700000000000000000e+01 -2.222641147126256517e-02 3.008156166327192693e+01
2.700000000000000000e+01 -1.014348713947311846e-02 4.006569317379828021e+01
2.700000000000000000e+01 -6.544565041627473621e-03 8.752671612548952851e+01
2.700000000000000000e+01 -3.950464732133635632e-06 1.087477733273609601e+02
2.800000000000000000e+01 -1.338143839494394249e-01 4.535038033258262047e+00
2.800000000000000000e+01 -2.334155507320543471e-02 3.006903116133257114e+01
2.800000000000000000e+01 -1.054904812480494253e-02 3.999530577596733849e+01
2.800000000000000000e+01 -6.759513407998656541e-03 8.753858111482998083e+01
2.800000000000000000e+01 -3.810809339375943821e-06 1.087636620468547903e+02
2.900000000000000000e+01 -1.395235327456717522e-01 4.536636332544750516e+00
2.900000000000000000e+01 -2.448144989998222304e-02 3.005532442687238870e+01
2.900000000000000000e+01 -1.094952022771246772e-02 3.992196073023735181e+01
2.900000000000000000e+01 -6.977808343701253496e-03 8.754961216021312964e+01
2.900000000000000000e+01 -3.680690356453947330e-06 1.087779427374455707e+02
3.000000000000000000e+01 -1.453288321637178637e-01 4.538300544280540194e+00
3.000000000000000000e+01 -2.564740215104071436e-02 3.004039565208563545e+01
3.000000000000000000e+01 -1.134381009890086597e-02 3.984569783788206365e+01
3.000000000000000000e+01 -7.199217033467446639e-03 8.755991369020526349e+01
3.000000000000000000e+01 -3.559167839706931649e-06 1.087908250826184684e+02
3.100000000000000000e+01 -1.512361023934663540e-01 4.540034978937958599e+00
3.100000000000000000e+01 -2.684083652415475071e-02 3.002418949698220985e+01
3.100000000000000000e+01 -1.173099168333321084e-02 3.976655638784127689e+01
3.100000000000000000e+01 -7.423532538079101288e-03 8.756957346553431876e+01
3.100000000000000000e+01 -3.445421221734020838e-06 1.088024856986073132e+02
3.200000000000000000e+01 -1.572514437432970258e-01 4.541844042844894069e+00
3.200000000000000000e+01 -2.806326733249516620e-02 3.000664120442924343e+01
3.200000000000000000e+01 -1.211025751850090815e-02 3.968457355303910106e+01
3.200000000000000000e+01 -7.650570205794040429e-03 8.757866569349198471e+01
3.200000000000000000e+01 -3.338730725180757118e-06 1.088130741977166593e+02
3.300000000000000000e+01 -1.633812632642366591e-01 4.543732232706067187e+00
3.300000000000000000e+01 -2.931627925565443923e-02 2.998767668440930123e+01
3.300000000000000000e+01 -1.248086419086931638e-02 3.959978374578101779e+01
3.300000000000000000e+01 -7.880164850880416738e-03 8.758725348656341225e+01
3.300000000000000000e+01 -3.238462448714114567e-06 1.088227179897934462e+02
3.400000000000000000e+01 -1.696323014439186372e-01 4.545704196831079180e+00
3.400000000000000000e+01 -1.284208008251804499e-02 3.951221876550926027e+01
3.400000000000000000e+01 -3.060151535408137807e-02 2.996721251526340168e+01
3.400000000000000000e+01 -8.112168528652484098e-03 8.759539081564304297e+01
3.400000000000000000e+01 -3.144056178712716561e-06 1.088315261199702206e+02
3.500000000000000000e+01 -1.760116617694434116e-01 4.547764775667935133e+00
3.500000000000000000e+01 -1.319314003441612523e-02 3.942190853469794121e+01
3.500000000000000000e+01 -3.192067017898604642e-02 2.994515582345796290e+01
3.500000000000000000e+01 -8.346448766721380197e-03 8.760312406808627372e+01
3.500000000000000000e+01 -3.055014806221787637e-06 1.088395923527464078e+02
3.600000000000000000e+01 -1.825268435374692022e-01 4.549919031054923124e+00
3.600000000000000000e+01 -1.353320899998678752e-02 3.932888223126602867e+01
3.600000000000000000e+01 -3.327548605130319082e-02 2.992140400066404027e+01
3.600000000000000000e+01 -8.582887128181877420e-03 8.761049329418609943e+01
3.600000000000000000e+01 -2.970895654667206494e-06 1.088469976704807323e+02
3.700000000000000000e+01 -1.891857768893266400e-01 4.552172290291998991e+00
3.700000000000000000e+01 -1.386135509330272200e-02 3.923316966320185628e+01
3.700000000000000000e+01 -3.466775089485485406e-02 2.989584429238074037e+01
3.700000000000000000e+01 -8.821378000914028780e-03 8.761753320573500048e+01
3.700000000000000000e+01 -2.891303510728429260e-06 1.088538123070327401e+02
3.800000000000000000e+01 -1.959968611156300833e-01 4.554530194428767054e+00
3.800000000000000000e+01 -1.417653152199401835e-02 3.913480276863845120e+01
3.800000000000000000e+01 -3.609929630885986424e-02 2.986835321564293722e+01
3.800000000000000000e+01 -9.061827519672762885e-03 8.762427397606620616e+01
3.800000000000000000e+01 -2.815884157891058786e-06 1.088600974136924719e+02
3.900000000000000000e+01 -2.029690071829986509e-01 4.556998732210020719e+00
3.900000000000000000e+01 -1.447756649824781701e-02 3.903381716515306010e+01
3.900000000000000000e+01 -3.757199473305173482e-02 2.983879585503249032e+01
3.900000000000000000e+01 -9.304152546318751951e-03 8.763074188825544297e+01
3.900000000000000000e+01 -2.744319381429831558e-06 1.088659064339818485e+02
4.000000000000000000e+01 -2.101116854089636055e-01 4.559584256550441417e+00
4.000000000000000000e+01 -1.476316014861457637e-02 3.893025369542813507e+01
4.000000000000000000e+01 -3.908775477813981880e-02 2.980702500655810283e+01
4.000000000000000000e+01 -9.548279653969220584e-03 8.763695985717667725e+01
4.000000000000000000e+01 -2.676322502989693832e-06 1.088712862379357205e+02
4.100000000000000000e+01 -2.174349746989830134e-01 4.562293573924678824e+00
4.100000000000000000e+01 -1.503188758819909258e-02 3.882415994429593553e+01
4.100000000000000000e+01 -4.064851378896344042e-02 2.977288020891001352e+01
4.100000000000000000e+01 -9.794144079785195231e-03 8.764294785711486213e+01
4.100000000000000000e+01 -2.611634437001376000e-06 1.088762780698673822e+02
4.200000000000000000e+01 -2.249496193157057289e-01 4.565133983232407822e+00
4.200000000000000000e+01 -1.528220754986534848e-02 3.871559170919677229e+01
4.200000000000000000e+01 -4.225622683976856808e-02 2.973618665715337173e+01
4.200000000000000000e+01 -1.004168863775695142e-02 8.764872327918745043e+01
4.200000000000000000e+01 -2.550020693344083139e-06 1.088809183395624558e+02
4.300000000000000000e+01 -2.326670932322467689e-01 4.568113287539202538e+00
4.300000000000000000e+01 -1.551247621737561651e-02 3.860461441592821075e+01
4.300000000000000000e+01 -4.391285132014016018e-02 2.969675401578703955e+01
4.300000000000000000e+01 -1.029086260093306157e-02 8.765430123243737626e+01
4.300000000000000000e+01 -2.491268339936691600e-06 1.088852392844710693e+02
4.400000000000000000e+01 -2.405996664177854072e-01 4.571239910347869362e+00
4.400000000000000000e+01 -1.572096616366358210e-02 3.849130447300770186e+01
4.400000000000000000e+01 -4.562032623933740677e-02 2.965437515476288155e+01
4.400000000000000000e+01 -1.054162058047161676e-02 8.765969480726269580e+01
4.400000000000000000e+01 -2.435183619069291501e-06 1.088892695327297133e+02
4.500000000000000000e+01 -2.487604840845715204e-01 4.574522907457121867e+00
4.500000000000000000e+01 -1.590589050068735161e-02 3.837575055245927302e+01
4.500000000000000000e+01 -4.738054543551936670e-02 2.960882481178758496e+01
4.500000000000000000e+01 -1.079392144258878826e-02 8.766491530859575221e+01
4.500000000000000000e+01 -2.381589992613015430e-06 1.088930345753967401e+02
4.600000000000000000e+01 -2.571636509027427908e-01 4.577972060899709206e+00
4.600000000000000000e+01 -1.606543249268416185e-02 3.825805478375267654e+01
4.600000000000000000e+01 -4.919532375177368411e-02 2.955985822923035400e+01
4.600000000000000000e+01 -1.104772730265742020e-02 8.766997247164394480e+01
4.600000000000000000e+01 -2.330325943178371305e-06 1.088965571707001203e+02
4.700000000000000000e+01 -1.619778096300299869e-02 3.813833383335022376e+01
4.700000000000000000e+01 -2.658243257556962003e-01 4.581597964587815319e+00
4.700000000000000000e+01 -5.106635536351174232e-02 2.950720977649266885e+01
4.700000000000000000e+01 -1.130300263986203091e-02 8.767487465562773252e+01
4.700000000000000000e+01 -2.281243870260834446e-06 1.088998576880761107e+02
4.800000000000000000e+01 -1.630117180924644388e-02 3.801671983932450871e+01
4.800000000000000000e+01 -2.747588296578445943e-01 4.585412081285511476e+00
4.800000000000000000e+01 -5.299516345945317480e-02 2.945059161234889089e+01
4.800000000000000000e+01 -1.155971356054103991e-02 8.767962902747679266e+01
4.800000000000000000e+01 -2.234208240075683202e-06 1.089029544027772545e+02
4.900000000000000000e+01 -1.637393582120830887e-02 3.789336115342970857e+01
4.900000000000000000e+01 -2.839847635034388751e-01 4.589426866491432833e+00
4.900000000000000000e+01 -5.498304057302168951e-02 2.938969242340473542e+01
4.900000000000000000e+01 -1.181782722968957415e-02 8.768424172913216808e+01
4.900000000000000000e+01 -2.189094617738767091e-06 1.089058637487848671e+02
5.000000000000000000e+01 -1.641455276160772372e-02 3.776842283975453540e+01
5.000000000000000000e+01 -2.935211449871011902e-01 4.593655822711779635e+00
5.000000000000000000e+01 -5.703097916317313720e-02 2.932417629956748328e+01
5.000000000000000000e+01 -1.207731147414097851e-02 8.768871803122091535e+01
5.000000000000000000e+01 -2.145788360626587944e-06 1.089086005365729193e+02
5.100000000000000000e+01 -1.642171131212439086e-02 3.764208686597818598e+01
5.100000000000000000e+01 -3.033885567744678546e-01 4.598113664200849549e+00
5.100000000000000000e+01 -5.913959219939017575e-02 2.925368180374922744e+01
5.100000000000000000e+01 -1.233813454913801344e-02 8.769306247211622463e+01
5.100000000000000000e+01 -2.104183858486670196e-06 1.089111781424513197e+02
5.200000000000000000e+01 -1.639437398506949847e-02 3.751455192057748889e+01
5.200000000000000000e+01 -3.136093175398436128e-01 4.602816431374010975e+00
5.200000000000000000e+01 -6.130902407856920339e-02 2.917782130075901392e+01
5.200000000000000000e+01 -1.260026505031039933e-02 8.769727897855275955e+01
5.200000000000000000e+01 -2.064183455324207245e-06 1.089136086716670633e+02
5.300000000000000000e+01 -1.633184550223175380e-02 3.738603279004298940e+01
5.300000000000000000e+01 -3.242076754355056045e-01 4.607781624256802822e+00
5.300000000000000000e+01 -6.353885250108622096e-02 2.909618061125320310e+01
5.300000000000000000e+01 -1.286367194322476405e-02 8.770137097363716805e+01
5.300000000000000000e+01 -2.025697075108164431e-06 1.089159031007500573e+02
5.400000000000000000e+01 -1.623384243029826410e-02 3.725675923447361271e+01
5.400000000000000000e+01 -3.352100269706177471e-01 4.613028359695487524e+00
5.400000000000000000e+01 -6.582798259504601956e-02 2.900831904487738910e+01
5.400000000000000000e+01 -1.312832468370730629e-02 8.770534146459601743e+01
5.400000000000000000e+01 -1.988640933966266435e-06 1.089180714009390698e+02
5.500000000000000000e+01 -1.610056113277861384e-02 3.712697431969716888e+01
5.500000000000000000e+01 -3.466451650174706134e-01 4.618577558999213295e+00
5.500000000000000000e+01 -6.817453499791242821e-02 2.891376986383449221e+01
5.500000000000000000e+01 -1.339419339784173046e-02 8.770919311787800154e+01
5.500000000000000000e+01 -1.952937624100738131e-06 1.089201226475046553e+02
5.600000000000000000e+01 -1.593274040974161643e-02 3.699693218303990960e+01
5.600000000000000000e+01 -3.585445625913060708e-01 4.624452141607088507e+00
5.600000000000000000e+01 -7.057573006373149549e-02 2.881204119507542671e+01
5.600000000000000000e+01 -1.366124909652894834e-02 8.771292831982243854e+01
5.600000000000000000e+01 -1.918515032024855157e-06 1.089220651137379434e+02
5.700000000000000000e+01 -1.573171468795352135e-02 3.686689525101033382e+01
5.700000000000000000e+01 -3.709426977258920011e-01 4.630677236756368664e+00
5.700000000000000000e+01 -7.302777046313967124e-02 2.870261739223808561e+01
5.700000000000000000e+01 -1.392946389980112380e-02 8.771654922092264428e+01
5.700000000000000000e+01 -1.885306175097893325e-06 1.089239063546884694e+02
5.800000000000000000e+01 -1.549945333173332988e-02 3.673713096272437184e+01
5.800000000000000000e+01 -3.838774235112258348e-01 4.637280447203487199e+00
5.800000000000000000e+01 -7.552572430728521358e-02 2.858496081118587995e+01
5.800000000000000000e+01 -1.419881125527780105e-02 8.772005777479925825e+01
5.800000000000000000e+01 -1.853248581430436775e-06 1.089256532817554017e+02
5.900000000000000000e+01 -1.523858183373357281e-02 3.660790810182669475e+01
5.900000000000000000e+01 -3.973903954859822063e-01 4.644292112207079271e+00
5.900000000000000000e+01 -7.806341022602071578e-02 2.845851391482576176e+01
5.900000000000000000e+01 -1.446926613529043136e-02 8.772345576230368636e+01
5.900000000000000000e+01 -1.822284052892870841e-06 1.089273122262269595e+02
6.000000000000000000e+01 -1.495238122399757640e-02 3.647949288225976971e+01
6.000000000000000000e+01 -4.115275678578958485e-01 4.651745558452900831e+00
6.000000000000000000e+01 -8.063328444362596881e-02 2.832270160633622780e+01
6.000000000000000000e+01 -1.474080520491092769e-02 8.772674480951063458e+01
6.000000000000000000e+01 -1.792358108280468977e-06 1.089288889958986459e+02
6.100000000000000000e+01 -1.464476314419659725e-02 3.635214497347038787e+01
6.100000000000000000e+01 -4.263397550082028697e-01 4.659677509468339807e+00
6.100000000000000000e+01 -8.322632796504851604e-02 2.817693365719730636e+01
6.100000000000000000e+01 -1.501340695675520975e-02 8.772992640185674418e+01
6.100000000000000000e+01 -1.763420073477609901e-06 1.089303889286397009e+02
6.200000000000000000e+01 -1.432021957349483010e-02 3.622611366373936903e+01
6.200000000000000000e+01 -4.418832968241599990e-01 4.668128359136408001e+00
6.200000000000000000e+01 -8.583192943297607291e-02 2.802060707873370049e+01
6.200000000000000000e+01 -1.735422284838148298e-06 1.089318169354225176e+02
6.200000000000000000e+01 -1.528705180975917059e-02 8.773300189102376123e+01
6.300000000000000000e+01 -1.398374802121735670e-02 3.610163437345983795e+01
6.300000000000000000e+01 -4.582208204673383634e-01 4.677142585837077426e+00
6.300000000000000000e+01 -8.843775584455439154e-02 2.785310831307153023e+01
6.300000000000000000e+01 -1.708320226232619295e-06 1.089331775411784804e+02
6.300000000000000000e+01 -1.556172217316838420e-02 8.773597249748061699e+01
6.400000000000000000e+01 -1.364075486027712010e-02 3.597892569969291543e+01
6.400000000000000000e+01 -4.754221358912517625e-01 4.686769089895322260e+00
6.400000000000000000e+01 -9.102959997403435588e-02 2.767381515223222266e+01
6.400000000000000000e+01 -1.682072034823154817e-06 1.089344749203499987e+02
6.400000000000000000e+01 -1.583740247877870461e-02 8.773883931438673756e+01
6.500000000000000000e+01 -1.329694122845885215e-02 3.585818714088483006e+01
6.500000000000000000e+01 -4.935652708082053364e-01 4.697061629877002709e+00
6.500000000000000000e+01 -9.359118926733339672e-02 2.748209836499038516e+01
6.500000000000000000e+01 -1.656638463865950819e-06 1.089357129295239304e+02
6.500000000000000000e+01 -1.611407918350406601e-02 8.774160330586855139e+01
6.600000000000000000e+01 -1.295817718106455005e-02 3.573959758633900208e+01
6.600000000000000000e+01 -5.127376936544193464e-01 4.708079106128969293e+00
6.600000000000000000e+01 -9.610393737770979439e-02 2.727732311185370051e+01
6.600000000000000000e+01 -1.631982627394323251e-06 1.089368951353530122e+02
6.600000000000000000e+01 -1.639174074781521093e-02 8.774426530670137936e+01
6.700000000000000000e+01 -1.263037053480322962e-02 3.562331459294173186e+01
6.700000000000000000e+01 -5.330377302428161990e-01 4.719885918980019746e+00
6.700000000000000000e+01 -9.854661531404353136e-02 2.705885035083055357e+01
6.700000000000000000e+01 -1.608069820730014824e-06 1.089380248410522967e+02
6.700000000000000000e+01 -1.667037759284983531e-02 8.774682602035727541e+01
6.800000000000000000e+01 -1.231933689449893517e-02 3.550947441000549532e+01
6.800000000000000000e+01 -5.545762368098499095e-01 4.732552072400364018e+00
6.800000000000000000e+01 -1.008949156843165357e-01 2.682603860757039271e+01
6.800000000000000000e+01 -1.584867353794232841e-06 1.089391051090960048e+02
6.800000000000000000e+01 -1.694998204180711912e-02 8.774928601788354854e+01
6.900000000000000000e+01 -1.203067684427374349e-02 3.539819264928606657e+01
6.900000000000000000e+01 -5.774785495953776993e-01 4.746153138473350630e+00
6.900000000000000000e+01 -1.031208793745350683e-01 2.657824665196470448e+01
6.900000000000000000e+01 -1.562344481810546528e-06 1.089401387813391437e+02
6.900000000000000000e+01 -1.723054824872520888e-02 8.775164573546581437e+01
7.000000000000000000e+01 -1.176966529776718798e-02 3.528956546559159335e+01
7.000000000000000000e+01 -6.018867696306182680e-01 4.760769804751140200e+00
7.000000000000000000e+01 -1.051921504219837378e-01 2.631483787479784908e+01
7.000000000000000000e+01 -1.540472134005955318e-06 1.089411284986229731e+02
7.000000000000000000e+01 -1.751207211720567231e-02 8.775390547453777401e+01
7.100000000000000000e+01 -1.154115670977184233e-02 3.518367109235278889e+01
7.100000000000000000e+01 -1.070710213904398911e-01 2.603518744207141467e+01
7.100000000000000000e+01 -6.279624160014657397e-01 4.776486895905803109e+00
7.100000000000000000e+01 -1.519223015947035933e-06 1.089420767176159757e+02
7.100000000000000000e+01 -1.779455121446869847e-02 8.775606539990211274e+01
7.200000000000000000e+01 -1.134950846634641929e-02 3.508057156788149200e+01
7.200000000000000000e+01 -1.087132297524529972e-01 2.573869367359635163e+01
7.200000000000000000e+01 -6.558895026439515163e-01 4.793391429246796953e+00
7.200000000000000000e+01 -1.498571098653551475e-06 1.089429857256167793e+02
7.200000000000000000e+01 -1.807798468234760730e-02 8.775812553930339277e+01
7.300000000000000000e+01 -1.119852350699082101e-02 3.498031451153864424e+01
7.300000000000000000e+01 -1.100664668154081316e-01 2.542479558096024306e+01
7.300000000000000000e+01 -1.478492066868936719e-06 1.089438576543718966e+02
7.300000000000000000e+01 -6.858780545210461099e-01 4.811569330731422234e+00
7.300000000000000000e+01 -1.836237314575878132e-02 8.776008578548915295e+01
7.400000000000000000e+01 -1.109141208005211786e-02 3.488293482325716610e+01
7.400000000000000000e+01 -1.110685696043054171e-01 2.509299910389130517e+01
7.400000000000000000e+01 -1.458962685152148275e-06 1.089446944927145182e+02
7.400000000000000000e+01 -7.181680637499341380e-01 4.831100089391903829e+00
7.400000000000000000e+01 -1.864771862402168565e-02 8.776194589381162814e+01
7.500000000000000000e+01 -1.103077169897914711e-02 3.478845622542813487e+01
7.500000000000000000e+01 -1.116453892785942426e-01 2.474291533057336068e+01
7.500000000000000000e+01 -1.439961137862558565e-06 1.089454980978261602e+02
7.500000000000000000e+01 -7.530338284290599704e-01 4.852048336637989401e+00
7.500000000000000000e+01 -1.893402444314138192e-02 8.776370548569298080e+01
7.600000000000000000e+01 -1.101858376390215180e-02 3.469689259092787381e+01
7.600000000000000000e+01 -1.117083787273555062e-01 2.437431475994722518e+01
7.600000000000000000e+01 -1.421466555924147230e-06 1.089462702059580579e+02
7.600000000000000000e+01 -1.922129515215582549e-02 8.776536404881653652e+01
7.600000000000000000e+01 -7.907885023850007578e-01 4.874451070617252135e+00
7.700000000000000000e+01 -1.105622487818561962e-02 3.460824902892348121e+01
7.700000000000000000e+01 -1.111520361219702629e-01 2.398720227641099001e+01
7.700000000000000000e+01 -1.403459412985283474e-06 1.089470124414567209e+02
7.700000000000000000e+01 -1.950953644362810047e-02 8.776692093966912012e+01
7.700000000000000000e+01 -8.317885429231451910e-01 4.898298658309316878e+00
7.800000000000000000e+01 -1.114449079246596433e-02 3.452252273842188401e+01
7.800000000000000000e+01 -1.098515036773566739e-01 2.358191745230880443e+01
7.800000000000000000e+01 -1.385920896632399384e-06 1.089477263249829377e+02
7.800000000000000000e+01 -1.979875507912187693e-02 8.776837538428245011e+01
7.800000000000000000e+01 -8.764374888649149042e-01 4.923507471485359943e+00
7.900000000000000000e+01 -1.128363078616640564e-02 3.443970365385019505e+01
7.900000000000000000e+01 -1.076608803353347743e-01 2.315926309199095456e+01
7.900000000000000000e+01 -1.368833490074498311e-06 1.089484132815437363e+02
7.900000000000000000e+01 -2.008895882005567665e-02 8.776972648175774339e+01
7.900000000000000000e+01 -9.251881995165128769e-01 4.949881786739221745e+00
8.000000000000000000e+01 -1.147339032108316004e-02 3.435977491556089092e+01
8.000000000000000000e+01 -1.044131736862747711e-01 2.272066002399213147e+01
8.000000000000000000e+01 -1.352180320028065932e-06 1.089490746485751913e+02
8.000000000000000000e+01 -2.038015636358689667e-02 8.777097320524480040e+01
8.000000000000000000e+01 -9.785423466034228746e-01 4.977063208528989868e+00
8.100000000000000000e+01 -1.171305990478836538e-02 3.428271321489008727e+01
8.100000000000000000e+01 -9.992324715444134142e-02 2.226831600838803382e+01
8.100000000000000000e+01 -1.335945379440292770e-06 1.089497116804682122e+02
8.100000000000000000e+01 -2.067235728490912292e-02 8.777211440473192283e+01
8.100000000000000000e+01 -1.000000000000000000e+00 3.815098945094971494e+00
8.100000000000000000e+01 -1.000000000000000000e+00 6.564625586129838375e+00
8.200000000000000000e+01 -1.200152824046483643e-02 3.420848905905516801e+01
8.200000000000000000e+01 -9.399543973475715797e-02 2.180537962898698368e+01
8.200000000000000000e+01 -1.320113343293252425e-06 1.089503255560217383e+02
8.200000000000000000e+01 -1.000000000000000000e+00 3.219774819202481098e+00
8.200000000000000000e+01 -2.096557198389312898e-02 8.777314880992206270e+01
8.200000000000000000e+01 -1.000000000000000000e+00 7.861767286637278751e+00
8.300000000000000000e+01 -1.233733781686996780e-02 3.413706699719593018e+01
8.300000000000000000e+01 -8.643738161617521565e-02 2.133602790918020986e+01
8.300000000000000000e+01 -1.304669945134977143e-06 1.089509173843991334e+02
8.300000000000000000e+01 -1.000000000000000000e+00 2.836094273829548928e+00
8.300000000000000000e+01 -2.125981163829011866e-02 8.777407503187296811e+01
8.400000000000000000e+01 -1.271874130198287836e-02 3.406840584982744957e+01
8.400000000000000000e+01 -7.708036529062789466e-02 2.086541788959020494e+01
8.400000000000000000e+01 -1.000000000000000000e+00 2.540916465756888343e+00
8.400000000000000000e+01 -1.289601411942922837e-06 1.089514882075029618e+02
8.400000000000000000e+01 -2.155508816221438778e-02 8.777489156468540443e+01
8.500000000000000000e+01 -1.314375725601726018e-02 3.400245896046428840e+01
8.500000000000000000e+01 -6.580411649309667044e-02 2.039943594297590934e+01
8.500000000000000000e+01 -1.000000000000000000e+00 2.296392895460527050e+00
8.500000000000000000e+01 -1.274894534392133200e-06 1.089520390075909262e+02
8.500000000000000000e+01 -2.185141416698969594e-02 8.777559678964337309e+01
8.600000000000000000e+01 -1.361022390137492724e-02 3.393917450462659247e+01
8.600000000000000000e+01 -5.256049399499110319e-02 1.994422435545763861e+01
8.600000000000000000e+01 -1.000000000000000000e+00 2.085130790816723145e+00
8.600000000000000000e+01 -1.260536850535938596e-06 1.089525707100530525e+02
8.600000000000000000e+01 -2.214880293115252183e-02 8.777618897500886419e+01
8.700000000000000000e+01 -1.411584982863043833e-02 3.387849584808537173e+01
8.700000000000000000e+01 -3.738843891248155860e-02 1.950555236125198633e+01
8.700000000000000000e+01 -1.000000000000000000e+00 1.897507420880063966e+00
8.700000000000000000e+01 -1.246516475682954823e-06 1.089530841871687130e+02
8.700000000000000000e+01 -2.244726837055882954e-02 8.777666627920837072e+01
8.800000000000000000e+01 -2.041379531873832240e-02 1.908818753813016400e+01
8.800000000000000000e+01 -1.465826081681669869e-02 3.382036197052702420e+01
8.800000000000000000e+01 -1.000000000000000000e+00 1.727571856829508201e+00
8.800000000000000000e+01 -1.232822028420760806e-06 1.089535802619595302e+02
8.800000000000000000e+01 -2.274682501558410522e-02 8.777702675210605321e+01
8.900000000000000000e+01 -1.832890772196394714e-03 1.869544833769279180e+01
8.900000000000000000e+01 -1.523504214003762285e-02 3.376470794255209285e+01
8.900000000000000000e+01 -1.000000000000000000e+00 1.571355597124583614e+00
8.900000000000000000e+01 -1.219442577922290869e-06 1.089540597116386778e+02
8.900000000000000000e+01 -2.304748799069311280e-02 8.777726833582239863e+01
9.000000000000000000e+01 1.811486376557170513e-02 1.832904972255603582e+01
9.000000000000000000e+01 -1.584377593444146956e-02 3.371146545064770805e+01
9.000000000000000000e+01 -1.000000000000000000e+00 1.426062427612604822e+00
9.000000000000000000e+01 -1.206367834280361341e-06 1.089545232704811326e+02
9.000000000000000000e+01 -2.334927299760447897e-02 8.777738886814422870e+01
9.100000000000000000e+01 3.917670785609657369e-02 1.798923419905126053e+01
9.100000000000000000e+01 -1.648207344412506645e-02 3.366056335397335886e+01
9.100000000000000000e+01 -1.000000000000000000e+00 1.289636855734824117e+00
9.100000000000000000e+01 -1.193588001022409829e-06 1.089549716327374682e+02
9.100000000000000000e+01 -2.365219630213651059e-02 8.777738608140228393e+01
9.200000000000000000e+01 6.111113367289479348e-02 1.767508755585102165e+01
9.200000000000000000e+01 -1.714760209183202599e-02 3.361192825466465450e+01
9.200000000000000000e+01 -1.000000000000000000e+00 1.160515660258175652e+00
9.200000000000000000e+01 -1.181093409231980859e-06 1.089554054546416637e+02
9.200000000000000000e+01 -2.395627472392730314e-02 8.777725760323936299e+01
9.300000000000000000e+01 8.370378631960723181e-02 1.738491479975190046e+01
9.300000000000000000e+01 -1.783810760593336833e-02 3.356548508044057400e+01
9.300000000000000000e+01 -1.000000000000000000e+00 1.037475995688038388e+00
9.300000000000000000e+01 -1.168875151906006459e-06 1.089558253583059155e+02
9.300000000000000000e+01 -2.426152562837064278e-02 8.777700096008398134e+01
9.400000000000000000e+01 1.067748238919726117e-01 1.711658302669123799e+01
9.400000000000000000e+01 -1.855143138039562489e-02 3.352115764559757594e+01
9.400000000000000000e+01 -1.000000000000000000e+00 9.195378549214674457e-01
9.400000000000000000e+01 -1.156924420200912568e-06 1.089562319320790493e+02
9.400000000000000000e+01 -2.456796692184974248e-02 8.777661357344064186e+01
9.500000000000000000e+01 1.301799234338569533e-01 1.686778632068360295e+01
9.500000000000000000e+01 -1.000000000000000000e+00 8.058989858963345743e-01
9.500000000000000000e+01 -1.928552350776274737e-02 3.347886919476180623e+01
9.500000000000000000e+01 -1.145233061919324700e-06 1.089566257341060265e+02
9.500000000000000000e+01 -2.487561704789646722e-02 8.777609276399842031e+01
9.600000000000000000e+01 1.538074991604702346e-01 1.663622568116439027e+01
9.600000000000000000e+01 -1.000000000000000000e+00 6.958898435739503396e-01
9.600000000000000000e+01 -2.003845192149911539e-02 3.343854290912395300e+01
9.600000000000000000e+01 -1.133793046868989763e-06 1.089570072933640006e+02
9.600000000000000000e+01 -2.518449498669282638e-02 8.777543574865839560e+01
9.700000000000000000e+01 1.775741993921568784e-01 1.641971712277230466e+01
9.700000000000000000e+01 -1.000000000000000000e+00 5.889415839957089505e-01
9.700000000000000000e+01 -2.080840808375692200e-02 3.340010237229101620e+01
9.700000000000000000e+01 -1.122596846411653196e-06 1.089573771117996159e+02
9.700000000000000000e+01 -2.549462025577990676e-02 8.777463964139450070e+01
9.800000000000000000e+01 2.014200189656613904e-01 1.621624708436026552e+01
9.800000000000000000e+01 -1.000000000000000000e+00 4.845625944232201943e-01
9.800000000000000000e+01 -2.159370974717900182e-02 3.336347199013972897e+01
9.800000000000000000e+01 -1.111637035326080009e-06 1.089577356656728142e+02
9.800000000000000000e+01 -2.580601291213081849e-02 8.777370145319342498e+01
9.900000000000000000e+01 2.253037526067319662e-01 1.602399294685200815e+01
9.900000000000000000e+01 -1.000000000000000000e+00 3.823209655406934471e-01
9.900000000000000000e+01 -2.239280125189923101e-02 3.332857735574133073e+01
9.900000000000000000e+01 -1.100906685867082768e-06 1.089580834074281341e+02
9.900000000000000000e+01 -2.611869355604791790e-02 8.777261808952601996e+01
1.000000000000000000e+02 2.491990967484449537e-01 1.584132229803179293e+01
1.000000000000000000e+02 -1.000000000000000000e+00 2.818309794297367832e-01
1.000000000000000000e+02 -2.320425181384798419e-02 3.329534556969521475e+01
1.000000000000000000e+02 -1.090399109123943175e-06 1.089584207674472793e+02
1.000000000000000000e+02 -2.643268333601967238e-02 8.777138635173837145e+01
