1.000000000000000000e+01 -2.132875463859801269e-05 1.071770143377574698e+02
1.000000000000000000e+01 -3.728311797177354722e-03 4.109109005096387790e+01
1.000000000000000000e+01 -4.222452795375647439e-02 4.505434336710917975e+00
1.000000000000000000e+01 -6.584127535962290556e-03 2.990769037438834488e+01
1.000000000000000000e+01 -3.803672520109471246e-03 8.617900652072145817e+01
1.000000000000000000e+01 -5.555682577771572372e-01 7.447472631396731657e+00
1.000000000000000000e+01 -1.000000000000000000e+00 4.545261777994994645e+00
1.000000000000000000e+01 -8.392302748975980498e-01 6.896790431579042036e+00
1.000000000000000000e+01 -1.000000000000000000e+00 6.442350262538164785e+00
1.000000000000000000e+01 -1.000000000000000000e+00 6.768664592374322275e+00
1.000000000000000000e+01 -8.752041825556869936e-01 8.246000191726290396e+00
1.100000000000000000e+01 -2.612421338870841216e-05 1.073656771759546160e+02
1.100000000000000000e+01 -4.078833528797181848e-03 4.108161924844828405e+01
1.100000000000000000e+01 -4.692927589044003367e-02 4.506135653472943758e+00
1.100000000000000000e+01 -7.257464281668185233e-03 2.991026723039831836e+01
1.100000000000000000e+01 -3.807845924796062886e-03 8.631800525932156631e+01
1.100000000000000000e+01 -5.547801301046428879e-01 8.159859602198597628e+00
1.100000000000000000e+01 -1.000000000000000000e+00 4.992486230687394055e+00
1.100000000000000000e+01 -8.107082892884960312e-01 7.879829525807185320e+00
1.100000000000000000e+01 -9.999985101548259925e-01 7.280872724349051417e+00
1.100000000000000000e+01 -9.999985101548259925e-01 7.280872724349212177e+00
1.100000000000000000e+01 -8.662250490435388084e-01 8.854635392656215132e+00
1.200000000000000000e+01 -3.327081267954866130e-05 1.074625373477225878e+02
1.200000000000000000e+01 -4.437277002725490728e-03 4.106542442081300237e+01
1.200000000000000000e+01 -5.168241673004263237e-02 4.506703170291637583e+00
1.200000000000000000e+01 -7.966809415047754889e-03 2.991041894489776709e+01
1.200000000000000000e+01 -3.845696617977185493e-03 8.642383279325386525e+01
1.200000000000000000e+01 -5.696126458036114837e-01 8.809209180563795982e+00
1.200000000000000000e+01 -1.000000000000000000e+00 5.442693626329092815e+00
1.200000000000000000e+01 -8.493329745312752088e-01 7.553937519945216117e+00
1.200000000000000000e+01 -9.987685712128486770e-01 7.868165012645430778e+00
1.300000000000000000e+01 -4.333870012718915848e-05 1.074806486583520666e+02
1.300000000000000000e+01 -4.803061775151426516e-03 4.104341129421860757e+01
1.300000000000000000e+01 -5.648508584768342083e-02 4.507180986511657217e+00
1.300000000000000000e+01 -8.709636555279457598e-03 2.990854327268577606e+01
1.300000000000000000e+01 -3.910173335791992597e-03 8.650578604757497203e+01
1.300000000000000000e+01 -5.726453246017280119e-01 9.500904965688325987e+00
1.300000000000000000e+01 -1.000000000000000000e+00 5.891377228786110365e+00
1.300000000000000000e+01 -8.760479896609947303e-01 8.138624128160367732e+00
1.400000000000000000e+01 -5.696589661931860727e-05 1.074265689856569423e+02
1.400000000000000000e+01 -5.175618080617870771e-03 4.101603665344979532e+01
1.400000000000000000e+01 -6.133819703186012273e-02 4.507588113887032399e+00
1.400000000000000000e+01 -9.484180528097310714e-03 2.990488414304487463e+01
1.400000000000000000e+01 -3.995951975134786477e-03 8.656997484621570038e+01
1.400000000000000000e+01 -5.737232201652543440e-01 1.020660970365559805e+01
1.400000000000000000e+01 -1.000000000000000000e+00 6.335996003299031010e+00
1.400000000000000000e+01 -8.825055360825713180e-01 8.746259368894502728e+00
1.500000000000000000e+01 -7.486604794089177337e-05 1.073027319780330231e+02
1.500000000000000000e+01 -5.554247055221069908e-03 4.098354068368038838e+01
1.500000000000000000e+01 -6.624286903395837367e-02 4.507927271366392930e+00
1.500000000000000000e+01 -1.028894695787786924e-02 2.989957044506995132e+01
1.500000000000000000e+01 -4.098934314156395600e-03 8.662050660190440965e+01
1.500000000000000000e+01 -5.747599343684800521e-01 1.091868508281756078e+01
1.500000000000000000e+01 -1.000000000000000000e+00 6.778904200030717142e+00
1.600000000000000000e+01 -9.780421153686759959e-05 1.071089071235284962e+02
1.600000000000000000e+01 -5.938328065547580047e-03 4.094600900277561095e+01
1.600000000000000000e+01 -7.120059923506145971e-02 4.508196803460999824e+00
1.600000000000000000e+01 -1.112278221614603456e-02 2.989265262956542202e+01
1.600000000000000000e+01 -4.215980101702286598e-03 8.666018231782449277e+01
1.600000000000000000e+01 -5.758590500845884863e-01 1.163551845400920293e+01
1.600000000000000000e+01 -1.000000000000000000e+00 7.220275953767403720e+00
1.700000000000000000e+01 -1.265732500767335141e-04 1.068431661125954832e+02
1.700000000000000000e+01 -6.327255852195456075e-03 4.090341674709083009e+01
1.700000000000000000e+01 -7.621326944969036843e-02 4.508399024859423676e+00
1.700000000000000000e+01 -1.198477320046863713e-02 2.988413232232582217e+01
1.700000000000000000e+01 -4.344597094949898160e-03 8.669092567902269764e+01
1.700000000000000000e+01 -5.769957128808116398e-01 1.235752659093668626e+01
1.700000000000000000e+01 -1.000000000000000000e+00 7.660067766561304836e+00
1.800000000000000000e+01 -1.619683166652439315e-04 1.065025669349863477e+02
1.800000000000000000e+01 -6.720417703891966646e-03 4.085565258290787938e+01
1.800000000000000000e+01 -8.128307981966931273e-02 4.508543502509327006e+00
1.800000000000000000e+01 -1.287418642496302584e-02 2.987398362072303115e+01
1.800000000000000000e+01 -4.482732925205321767e-03 8.671404166471468500e+01
1.800000000000000000e+01 -5.781375129019037384e-01 1.308543560553114915e+01
1.900000000000000000e+01 -2.047634144098137068e-04 1.060836755663928272e+02
1.900000000000000000e+01 -7.117179408645016650e-03 4.080253171914553434e+01
1.900000000000000000e+01 -8.641259693262123842e-02 4.508643223854592819e+00
1.900000000000000000e+01 -4.628641372394150418e-03 8.673038110087000518e+01
1.900000000000000000e+01 -1.379046646527778801e-02 2.986216632590425490e+01
2.000000000000000000e+01 -2.556971831900031939e-04 1.055829800543872921e+02
2.000000000000000000e+01 -7.517156394002397213e-03 4.074333505836244029e+01
2.000000000000000000e+01 -9.166522314302595620e-02 4.505366443657408126e+00
2.000000000000000000e+01 -4.780768081849297649e-03 8.674039401868556354e+01
2.000000000000000000e+01 -1.473348001705974443e-02 2.984817461682599316e+01
2.100000000000000000e+01 -3.154653607835753402e-04 1.049972672503086244e+02
2.100000000000000000e+01 -7.919156053278983767e-03 4.067855165321429922e+01
2.100000000000000000e+01 -4.937774645664727222e-03 8.674435271315618934e+01
2.100000000000000000e+01 -9.694501800073809794e-02 4.504561678221279841e+00
2.100000000000000000e+01 -1.570268797507443082e-02 2.983277443204899626e+01
2.200000000000000000e+01 -3.847509444406214127e-04 1.043239085856062189e+02
2.200000000000000000e+01 -8.322415395625518131e-03 4.060758111796636882e+01
2.200000000000000000e+01 -5.097937921058757343e-03 8.674209648473393486e+01
2.200000000000000000e+01 -1.022882110238130249e-01 4.504143296325384682e+00
2.200000000000000000e+01 -1.669851462399166847e-02 2.981555880984461027e+01
2.300000000000000000e+01 -4.642944236503313655e-04 1.035611625746126094e+02
2.300000000000000000e+01 -8.726347768106674369e-03 4.052993504122346735e+01
2.300000000000000000e+01 -5.259456372577153184e-03 8.673328858890366178e+01
2.300000000000000000e+01 -1.077053543315410755e-01 4.503755132886764656e+00
2.300000000000000000e+01 -1.772023328056118383e-02 2.979641007127793983e+01
2.400000000000000000e+01 -5.550540290659015160e-04 1.027083699984761296e+02
2.400000000000000000e+01 -9.130270065687050643e-03 4.044491742811231205e+01
2.400000000000000000e+01 -5.420695302187054573e-03 8.671718090748383645e+01
2.400000000000000000e+01 -1.132516102607293990e-01 4.501278064173693139e+00
2.400000000000000000e+01 -1.876874334762216115e-02 2.977495801622515970e+01
2.500000000000000000e+01 -6.583502819353936886e-04 1.017662445594114473e+02
2.500000000000000000e+01 -9.532931114184102842e-03 4.035247683962455056e+01
2.500000000000000000e+01 -5.579217700561582734e-03 8.669269630046656516e+01
2.500000000000000000e+01 -1.188193490107414124e-01 4.501486538135406335e+00
2.500000000000000000e+01 -1.984342599503244667e-02 2.975173099173799685e+01
2.600000000000000000e+01 -7.762537884991201325e-04 1.007370993824929712e+02
2.600000000000000000e+01 -9.933359248452795776e-03 4.025190264674257890e+01
2.600000000000000000e+01 -5.731751608010266473e-03 8.665809943995681408e+01
2.600000000000000000e+01 -1.244483260193996049e-01 4.502637068704673950e+00
2.600000000000000000e+01 -2.094517311741996360e-02 2.972637023100511655e+01
2.700000000000000000e+01 -9.121973841927905448e-04 9.962513889376319298e+01
2.700000000000000000e+01 -1.033047537865435309e-02 4.014230887309258833e+01
2.700000000000000000e+01 -5.873559560035985019e-03 8.661082150775534672e+01
2.700000000000000000e+01 -1.302028745554293931e-01 4.502504553041224433e+00
2.700000000000000000e+01 -2.207535187412775282e-02 2.969842748222673023e+01
2.800000000000000000e+01 -1.072000305663715295e-03 9.843697794424333836e+01
2.800000000000000000e+01 -1.072317491302041473e-02 4.002402281649409588e+01
2.800000000000000000e+01 -5.997389146303492430e-03 8.654720016646595582e+01
2.800000000000000000e+01 -1.358235360226048571e-01 4.510072736966192153e+00
2.800000000000000000e+01 -2.323187828356982829e-02 2.966906485429846896e+01
2.900000000000000000e+01 -1.278461700316239945e-03 9.709286971900591823e+01
2.900000000000000000e+01 -1.111172240653712090e-02 3.989001484455250335e+01
2.900000000000000000e+01 -6.084512476187058788e-03 8.645377282390096241e+01
2.900000000000000000e+01 -1.416624950493892698e-01 4.514096024430793719e+00
2.900000000000000000e+01 -2.442372437684451475e-02 2.963572207940718073e+01
3.000000000000000000e+01 -1.530024602107697305e-03 9.577107072627531181e+01
3.000000000000000000e+01 -1.149094338501860033e-02 3.974720047749585916e+01
3.000000000000000000e+01 -6.125106254342226920e-03 8.633224974671456664e+01
3.000000000000000000e+01 -1.478385435613898402e-01 4.509523736584691633e+00
3.000000000000000000e+01 -2.564612939484521570e-02 2.959846341815202564e+01
3.100000000000000000e+01 -1.868479902083202771e-03 9.441816125993162245e+01
3.100000000000000000e+01 -1.186024321077601244e-02 3.959222581300308974e+01
3.100000000000000000e+01 -6.080963391774387231e-03 8.616171633584949063e+01
3.100000000000000000e+01 -1.540619457205567588e-01 4.507555701817596017e+00
3.100000000000000000e+01 -2.690073336059491463e-02 2.955847670350064504e+01
3.200000000000000000e+01 -2.349992721632467290e-03 9.306776040968132691e+01
3.200000000000000000e+01 -1.221724308768882758e-02 3.942421647766392567e+01
3.200000000000000000e+01 -5.894865738288184061e-03 8.591477566468739724e+01
3.200000000000000000e+01 -1.603104891188860681e-01 4.508666108132858064e+00
3.200000000000000000e+01 -2.818848614571435943e-02 2.951532375226552674e+01
3.300000000000000000e+01 -3.056818808129247757e-03 9.177381540265191973e+01
3.300000000000000000e+01 -5.483701273586336425e-03 8.554589931639624467e+01
3.300000000000000000e+01 -1.255972344854014607e-02 3.924171703323415272e+01
3.300000000000000000e+01 -1.666641277629200002e-01 4.510284934834575488e+00
3.300000000000000000e+01 -2.951186356575284664e-02 2.946824376676712731e+01
3.400000000000000000e+01 -4.056741935966242003e-03 9.061341657630134705e+01
3.400000000000000000e+01 -4.779118959376546689e-03 8.498605576524687422e+01
3.400000000000000000e+01 -1.288489406121676867e-02 3.904348981397690466e+01
3.400000000000000000e+01 -1.731289031424337044e-01 4.512350279032731670e+00
3.400000000000000000e+01 -3.087253890819397287e-02 2.941679954009433828e+01
3.500000000000000000e+01 -3.860207570297550551e-03 8.416038982937052992e+01
3.500000000000000000e+01 -5.270399306181139734e-03 8.967052265743515704e+01
3.500000000000000000e+01 -1.318963802107834572e-02 3.882794820689009896e+01
3.500000000000000000e+01 -1.798210442930377462e-01 4.511813068862745801e+00
3.500000000000000000e+01 -3.227379672590625914e-02 2.935992843235709771e+01
3.600000000000000000e+01 -2.973278394388781387e-03 8.300681840131467482e+01
3.600000000000000000e+01 -1.347053436836464016e-02 3.859199314608763842e+01
3.600000000000000000e+01 -6.453564032940358082e-03 8.896469362873924069e+01
3.600000000000000000e+01 -1.857643919562183832e-01 4.535186405778199870e+00
3.600000000000000000e+01 -3.370476976169269057e-02 2.930124831923330220e+01
3.700000000000000000e+01 -2.375160813110505868e-03 8.163363883171939506e+01
3.700000000000000000e+01 -1.372174358769916169e-02 3.833754794716144687e+01
3.700000000000000000e+01 -7.346018957540011857e-03 8.849405500138378500e+01
3.700000000000000000e+01 -1.924951661781269530e-01 4.540353839986132733e+00
3.700000000000000000e+01 -3.518420096048380935e-02 2.923350015884592068e+01
3.800000000000000000e+01 -2.028000379671790390e-03 8.009587532669308985e+01
3.800000000000000000e+01 -1.393916551848201762e-02 3.806181171398397112e+01
3.800000000000000000e+01 -7.988590692931587384e-03 8.816914236771258118e+01
3.800000000000000000e+01 -1.993347698562113746e-01 4.546298736554105879e+00
3.800000000000000000e+01 -3.670504324714408961e-02 2.915872924194531635e+01
3.900000000000000000e+01 -1.848171840017917003e-03 7.845986695350377715e+01
3.900000000000000000e+01 -1.411755268877782840e-02 3.776347715995770216e+01
3.900000000000000000e+01 -8.466533544808455339e-03 8.793433021867055288e+01
3.900000000000000000e+01 -2.062822010974475484e-01 4.553106647359268067e+00
3.900000000000000000e+01 -3.826724968125566617e-02 2.907592826502077799e+01
4.000000000000000000e+01 -1.769383602748913521e-03 7.677195738126631852e+01
4.000000000000000000e+01 -1.425162914568735631e-02 3.744138595463621755e+01
4.000000000000000000e+01 -8.848150154526498307e-03 8.775394796298738243e+01
4.000000000000000000e+01 -2.133339491991706194e-01 4.560891004073146071e+00
4.000000000000000000e+01 -3.986901522137683423e-02 2.898385811243942811e+01
4.100000000000000000e+01 -1.753846634825562871e-03 7.506465595046439887e+01
4.100000000000000000e+01 -1.433673524244846731e-02 3.709467481257918564e+01
4.100000000000000000e+01 -9.174602133893275391e-03 8.760649262406307969e+01
4.100000000000000000e+01 -2.204880559559242725e-01 4.569733657541257266e+00
4.100000000000000000e+01 -4.150765182352377652e-02 2.888100990980440486e+01
4.200000000000000000e+01 -1.782159566452032155e-03 7.336156760379931541e+01
4.200000000000000000e+01 -1.436977072957558096e-02 3.672285853408226330e+01
4.200000000000000000e+01 -9.468713826966750416e-03 8.747876944979924474e+01
4.200000000000000000e+01 -2.277393308453208032e-01 4.579759103152287736e+00
4.200000000000000000e+01 -4.317681679073680917e-02 2.876556590738273300e+01
4.300000000000000000e+01 -1.845895879126140549e-03 7.165253762939211413e+01
4.300000000000000000e+01 -1.434965122628433128e-02 3.632030806980697690e+01
4.300000000000000000e+01 -9.744946462270625415e-03 8.736031856852672206e+01
4.300000000000000000e+01 -2.349618806474358390e-01 4.593782711199102309e+00
4.300000000000000000e+01 -4.486524352032195823e-02 2.863455540471004923e+01
4.400000000000000000e+01 -1.942924597663382279e-03 7.000686222526377378e+01
4.400000000000000000e+01 -1.428457687221501050e-02 3.589810391580461157e+01
4.400000000000000000e+01 -1.000709914500767621e-02 8.724948723278575358e+01
4.400000000000000000e+01 -2.423571658572231113e-01 4.607120568546048567e+00
4.400000000000000000e+01 -4.655519153308317060e-02 2.848641364850710289e+01
4.500000000000000000e+01 -2.073335204770695561e-03 6.841138948447512291e+01
4.500000000000000000e+01 -1.418942319456365127e-02 3.545354889730677428e+01
4.500000000000000000e+01 -1.026085898453074803e-02 8.714033914988347362e+01
4.500000000000000000e+01 -2.498185596596357305e-01 4.622155056709670973e+00
4.500000000000000000e+01 -4.821774006815481711e-02 2.831731167435167151e+01
4.600000000000000000e+01 -2.239603438403860256e-03 6.687648618850256810e+01
4.600000000000000000e+01 -1.409343868489437192e-02 3.498978303994087469e+01
4.600000000000000000e+01 -1.050930459352237938e-02 8.703003828941534437e+01
4.600000000000000000e+01 -2.573368884999387429e-01 4.639039273873819980e+00
4.600000000000000000e+01 -4.981306136366823317e-02 2.812324652239940193e+01
4.700000000000000000e+01 -2.444081360372129131e-03 6.541054443813541752e+01
4.700000000000000000e+01 -1.404447773145534040e-02 3.451136872087641194e+01
4.700000000000000000e+01 -1.075332904365917767e-02 8.691620667367642739e+01
4.700000000000000000e+01 -2.648946002355788698e-01 4.657976988373818905e+00
4.700000000000000000e+01 -5.127908907579235842e-02 2.789960193520723664e+01
4.800000000000000000e+01 -2.689140905584272521e-03 6.401996628969439485e+01
4.800000000000000000e+01 -1.411164426852216935e-02 3.402426621101479753e+01
4.800000000000000000e+01 -1.099444855856692750e-02 8.679706731677266873e+01
4.800000000000000000e+01 -2.724794306307165015e-01 4.679146563768709299e+00
4.800000000000000000e+01 -5.253849359168099448e-02 2.764111221830773601e+01
4.900000000000000000e+01 -2.975601518106431916e-03 6.270937463489163832e+01
4.900000000000000000e+01 -1.438516021123346228e-02 3.353583331380252730e+01
4.900000000000000000e+01 -1.123255926154093955e-02 8.667092278888691226e+01
4.900000000000000000e+01 -2.800682170789769443e-01 4.702777553189471327e+00
4.900000000000000000e+01 -5.348898519468297391e-02 2.734217449692068769e+01
5.000000000000000000e+01 -3.306365436146914069e-03 6.146885564540921365e+01
5.000000000000000000e+01 -1.497471021952591873e-02 3.304940828328018654e+01
5.000000000000000000e+01 -1.146959888488916120e-02 8.653489555986638493e+01
5.000000000000000000e+01 -2.875023758446288435e-01 4.731718335260667097e+00
5.000000000000000000e+01 -5.401043436626967037e-02 2.699501559024690422e+01
5.100000000000000000e+01 -3.673353745260187625e-03 6.032415673622275420e+01
5.100000000000000000e+01 -1.596539907573678307e-02 3.258314560316472352e+01
5.100000000000000000e+01 -1.170312323203142983e-02 8.639050672756492588e+01
5.100000000000000000e+01 -2.950120311374175297e-01 4.761379784310068253e+00
5.100000000000000000e+01 -5.402041135567487579e-02 2.659822235995135387e+01
5.200000000000000000e+01 -4.075212920804182834e-03 5.926227206101047784e+01
5.200000000000000000e+01 -1.742273900542338355e-02 3.214078834544902463e+01
5.200000000000000000e+01 -1.193456503250731569e-02 8.623534995432775929e+01
5.200000000000000000e+01 -5.344880126246372154e-02 2.614658838801079099e+01
5.200000000000000000e+01 -3.024618971733552542e-01 4.794217743811119092e+00
5.300000000000000000e+01 -4.506495041367381861e-03 5.828092154592896179e+01
5.300000000000000000e+01 -1.934982089586204101e-02 3.172896360316285680e+01
5.300000000000000000e+01 -1.216345878440020824e-02 8.606830492159782864e+01
5.300000000000000000e+01 -5.228510742117638971e-02 2.563890627144807510e+01
5.300000000000000000e+01 -3.098164047437399482e-01 4.830529202853205639e+00
5.400000000000000000e+01 -4.960894131531597660e-03 5.737662040352743276e+01
5.400000000000000000e+01 -2.168249749190854017e-02 3.135177480163209296e+01
5.400000000000000000e+01 -1.238990866300982915e-02 8.588845795369039138e+01
5.400000000000000000e+01 -5.059272241676913973e-02 2.507701637893788060e+01
5.400000000000000000e+01 -3.170537580119651699e-01 4.870543908262632726e+00
5.500000000000000000e+01 -5.431588610585963948e-03 5.654495335531778721e+01
5.500000000000000000e+01 -2.430581433504632599e-02 3.101027508433508473e+01
5.500000000000000000e+01 -1.261391402777204372e-02 8.569496009050151031e+01
5.500000000000000000e+01 -4.848519818580056956e-02 2.446599380774712529e+01
5.500000000000000000e+01 -3.241538346266634729e-01 4.914497614514655943e+00
5.600000000000000000e+01 -5.911738561802253739e-03 5.578087344075466802e+01
5.600000000000000000e+01 -2.708594162618757281e-02 3.070268115797203023e+01
5.600000000000000000e+01 -1.283512963398144614e-02 8.548703425902805009e+01
5.600000000000000000e+01 -4.608589269912323483e-02 2.381378267860283771e+01
5.600000000000000000e+01 -3.310810574015181085e-01 4.962699142349590531e+00
5.700000000000000000e+01 -6.397492481888961309e-03 5.507572499455535819e+01
5.700000000000000000e+01 -2.991918528862883356e-02 3.042342356086907884e+01
5.700000000000000000e+01 -4.348654650382797332e-02 2.312774290659355003e+01
5.700000000000000000e+01 -1.305424457518388273e-02 8.526272824646896709e+01
5.700000000000000000e+01 -3.376902596755864683e-01 5.017416751768265293e+00
5.800000000000000000e+01 -6.878021690072388776e-03 5.443065528911285611e+01
5.800000000000000000e+01 -4.081440122143530774e-02 2.242325472032647937e+01
5.800000000000000000e+01 -3.268640090102344076e-02 3.017066612938446823e+01
5.800000000000000000e+01 -1.326985321935617024e-02 8.502409918054564741e+01
5.800000000000000000e+01 -3.442046138704023539e-01 5.074942675916404689e+00
5.900000000000000000e+01 -7.350910573996719509e-03 5.383663717023229367e+01
5.900000000000000000e+01 -3.808667692773769209e-02 2.170789432115921613e+01
5.900000000000000000e+01 -3.534762423924837221e-02 2.993770639674454870e+01
5.900000000000000000e+01 -1.348244041596195070e-02 8.476958969431241542e+01
5.900000000000000000e+01 -3.504763595500522966e-01 5.137433763419514854e+00
6.000000000000000000e+01 -7.812160821086996422e-03 5.328829605463546670e+01
6.000000000000000000e+01 -3.532089458722000030e-02 2.099036030533109098e+01
6.000000000000000000e+01 -3.787736005062660588e-02 2.972003794262822396e+01
6.000000000000000000e+01 -1.369209663498043884e-02 8.449905452204197331e+01
6.000000000000000000e+01 -3.565037927430955156e-01 5.205049736812956240e+00
6.100000000000000000e+01 -8.258814165154889503e-03 5.278052558930185256e+01
6.100000000000000000e+01 -3.251458152546683050e-02 2.027800772203040935e+01
6.100000000000000000e+01 -1.389889299028327502e-02 8.421250372611095258e+01
6.100000000000000000e+01 -4.026807310312738308e-02 2.951378868351615026e+01
6.100000000000000000e+01 -3.622894321276088347e-01 5.277943342722440256e+00
6.200000000000000000e+01 -8.688682905484130040e-03 5.230857604999873445e+01
6.200000000000000000e+01 -2.964863323522274122e-02 1.957705516209188445e+01
6.200000000000000000e+01 -1.410266942602682316e-02 8.391011326310372453e+01
6.200000000000000000e+01 -4.251989781320713452e-02 2.931563884115380958e+01
6.200000000000000000e+01 -3.678121673186516838e-01 5.356354986409800567e+00
6.300000000000000000e+01 -9.100389621310699464e-03 5.186805579019335966e+01
6.300000000000000000e+01 -2.670293654996485494e-02 1.889220448800469399e+01
6.300000000000000000e+01 -1.430379379140997095e-02 8.359229873957785628e+01
6.300000000000000000e+01 -4.464139874555517196e-02 2.912307890158403012e+01
6.300000000000000000e+01 -3.730899581180408542e-01 5.440394371224180681e+00
6.400000000000000000e+01 -2.365224285208160360e-02 1.822708011487667079e+01
6.400000000000000000e+01 -9.493197287392235104e-03 5.145495111001120137e+01
6.400000000000000000e+01 -1.450230045100716833e-02 8.325963038602742472e+01
6.400000000000000000e+01 -4.664254745540948044e-02 2.893408634818572622e+01
6.400000000000000000e+01 -3.781417976245337043e-01 5.530170036263790223e+00
6.500000000000000000e+01 -2.046943649927183279e-02 1.758421671527639774e+01
6.500000000000000000e+01 -9.866805209403119170e-03 5.106558061136711046e+01
6.500000000000000000e+01 -1.469843231010707629e-02 8.291287166801360797e+01
6.500000000000000000e+01 -4.853451225276447789e-02 2.874710533007274194e+01
6.500000000000000000e+01 -3.830051905194739037e-01 5.625745808361549471e+00
6.600000000000000000e+01 -1.712205539180676472e-02 1.696562226658121730e+01
6.600000000000000000e+01 -1.022132512504374605e-02 5.069674904525930970e+01
6.600000000000000000e+01 -1.489246219579256660e-02 8.255296244699685815e+01
6.600000000000000000e+01 -5.032355861861201318e-02 2.856072350245064229e+01
6.600000000000000000e+01 -3.876892113266998119e-01 5.727275693096925302e+00
6.700000000000000000e+01 -1.357724364178939692e-02 1.637227169406868654e+01
6.700000000000000000e+01 -1.055710890192321227e-02 5.034548968901714261e+01
6.700000000000000000e+01 -1.508473649948270656e-02 8.218093893221777080e+01
6.700000000000000000e+01 -5.201934207501439367e-02 2.837404617732810763e+01
6.700000000000000000e+01 -3.922525796909908102e-01 5.834784049007965656e+00
6.800000000000000000e+01 -9.796109002228591336e-03 1.580465259053139171e+01
6.800000000000000000e+01 -1.087478252348287114e-02 5.000916123908594102e+01
6.800000000000000000e+01 -1.527568390285619949e-02 8.179802114315720019e+01
6.800000000000000000e+01 -5.362980895480820576e-02 2.818638138887570932e+01
6.800000000000000000e+01 -3.967589197595742245e-01 5.948284069883823300e+00
6.900000000000000000e+01 -5.733251016752824794e-03 1.526285945125138532e+01
6.900000000000000000e+01 -1.117521861731544074e-02 4.968540843418643504e+01
6.900000000000000000e+01 -1.546570279182390636e-02 8.140550533217881934e+01
6.900000000000000000e+01 -5.516079766472004736e-02 2.799714769343772858e+01
6.900000000000000000e+01 -4.012782592618482913e-01 6.067772374568165539e+00
7.000000000000000000e+01 -1.335295026052436915e-03 1.474681785387750033e+01
7.000000000000000000e+01 -1.145916316573967510e-02 4.937225663289734712e+01
7.000000000000000000e+01 -1.565510021131026955e-02 8.100468459202322435e+01
7.000000000000000000e+01 -5.661481544773511176e-02 2.780580269768706358e+01
7.000000000000000000e+01 -4.058674456796945162e-01 6.193269309203568440e+00
7.100000000000000000e+01 3.455897436185432700e-03 1.425612808924874741e+01
7.100000000000000000e+01 -1.172714501324101377e-02 4.906774554663156351e+01
7.100000000000000000e+01 -1.584388215189638793e-02 8.059738759652280748e+01
7.100000000000000000e+01 -5.799522917900861579e-02 2.761220272730637859e+01
7.100000000000000000e+01 -4.106792380092978423e-01 6.323689762441969897e+00
7.200000000000000000e+01 8.724696508791712421e-03 1.379010474159158051e+01
7.200000000000000000e+01 -1.198108395997368389e-02 4.877036722335167696e+01
7.200000000000000000e+01 -1.603362654782039196e-02 8.018403897205823228e+01
7.200000000000000000e+01 -5.930934784645568864e-02 2.741594292157479629e+01
7.200000000000000000e+01 -4.156996238571399882e-01 6.461019193386150050e+00
7.300000000000000000e+01 1.454633329459396190e-02 1.334855132073345452e+01
7.300000000000000000e+01 -1.222125604378861488e-02 4.847866224925917322e+01
7.300000000000000000e+01 -1.622415087365150846e-02 7.976662013764187975e+01
7.300000000000000000e+01 -6.055668389168655102e-02 2.721703254387649551e+01
7.300000000000000000e+01 -4.211030377342974695e-01 6.603687083075563180e+00
7.400000000000000000e+01 2.100780647050963859e-02 1.293122159506661895e+01
7.400000000000000000e+01 -1.244849516891881336e-02 4.819133549969998143e+01
7.400000000000000000e+01 -1.641590872807035736e-02 7.934649537989132284e+01
7.400000000000000000e+01 -6.173892566537274307e-02 2.701541671892142915e+01
7.400000000000000000e+01 -4.270033653927079453e-01 6.751152118795315182e+00
7.500000000000000000e+01 2.819414750381779577e-02 1.253808049973376448e+01
7.500000000000000000e+01 -1.266377617538413068e-02 4.790714314107207628e+01
7.500000000000000000e+01 -1.660945719383401936e-02 7.892504662129147164e+01
7.500000000000000000e+01 -6.285861366025508046e-02 2.681116511017224724e+01
7.500000000000000000e+01 -4.335218667263539549e-01 6.902565068803455439e+00
7.600000000000000000e+01 3.616262847150404636e-02 1.216923136603309530e+01
7.600000000000000000e+01 -1.286711607696916157e-02 4.762494591693739210e+01
7.600000000000000000e+01 -1.680404178150276748e-02 7.850304607739735729e+01
7.600000000000000000e+01 -6.390998064397171441e-02 2.660383702103363746e+01
7.600000000000000000e+01 -4.407380516487252597e-01 7.056038308840746787e+00
7.700000000000000000e+01 4.494891924967076707e-02 1.182609610710067649e+01
7.700000000000000000e+01 -1.305986714988830073e-02 4.734465850005226173e+01
7.700000000000000000e+01 -1.700192246040994198e-02 7.808190171389728107e+01
7.700000000000000000e+01 -6.489856761358581139e-02 2.639399673667928425e+01
7.700000000000000000e+01 -4.486235206716077117e-01 7.212348996838775506e+00
7.800000000000000000e+01 5.451618163078177787e-02 1.150890519106906673e+01
7.800000000000000000e+01 -1.324195665999573085e-02 4.706498106473792120e+01
7.800000000000000000e+01 -1.720230432683171953e-02 7.766275944736729286e+01
7.800000000000000000e+01 -6.582081920615037718e-02 2.618154063692158573e+01
7.800000000000000000e+01 -4.572400102668525701e-01 7.368164148924974732e+00
7.900000000000000000e+01 6.476143227550394676e-02 1.121816889397754835e+01
7.900000000000000000e+01 -1.341365042710102561e-02 4.678520429318232488e+01
7.900000000000000000e+01 -1.740541251161646652e-02 7.724653908131851665e+01
7.900000000000000000e+01 -6.667517441920287058e-02 2.596653499960060429e+01
7.900000000000000000e+01 -4.665133699436941339e-01 7.521617803159385218e+00
8.000000000000000000e+01 7.552554706779643356e-02 1.095257061736653625e+01
8.000000000000000000e+01 -1.357560815620872420e-02 4.650342501084877966e+01
8.000000000000000000e+01 -1.761071702032040304e-02 7.683203761467896697e+01
8.000000000000000000e+01 -6.745853096679950422e-02 2.574804864683594730e+01
8.000000000000000000e+01 -4.763272116851930416e-01 7.670276593728617698e+00
8.100000000000000000e+01 8.655211100178882011e-02 1.071522699271774570e+01
8.100000000000000000e+01 -1.372617274690773707e-02 4.622239561687879217e+01
8.100000000000000000e+01 -1.782029605881698536e-02 7.642664106860242157e+01
8.100000000000000000e+01 -6.817273443462298910e-02 2.552930368006870765e+01
8.100000000000000000e+01 -4.865077231443860062e-01 7.814112636688283153e+00
8.200000000000000000e+01 9.764338604141996336e-02 1.050119310902294245e+01
8.200000000000000000e+01 -1.386674036701156069e-02 4.593870699369228561e+01
8.200000000000000000e+01 -1.803253657771757348e-02 7.602359254497501695e+01
8.200000000000000000e+01 -6.880819387990624869e-02 2.530706552816588584e+01
8.200000000000000000e+01 -4.967981360935585511e-01 7.952092771250204528e+00
8.300000000000000000e+01 1.085696548440024389e-01 1.030970479775007220e+01
8.300000000000000000e+01 -1.399639568940718413e-02 4.565281232698416858e+01
8.300000000000000000e+01 -1.824810365846037813e-02 7.562615841624989343e+01
8.300000000000000000e+01 -6.936370950842533911e-02 2.508263110356144665e+01
8.300000000000000000e+01 -5.070675659072050312e-01 8.083968101130578177e+00
8.400000000000000000e+01 1.191553665090059055e-01 1.013879674525030161e+01
8.400000000000000000e+01 -1.411440099711852060e-02 4.536468937058924666e+01
8.400000000000000000e+01 -1.846776616066632751e-02 7.523479081090069087e+01
8.400000000000000000e+01 -6.983561051546548215e-02 2.485627237412186474e+01
8.400000000000000000e+01 -5.171564532617112242e-01 8.210775720472751615e+00
8.500000000000000000e+01 1.292649522846851806e-01 9.985436483394956042e+00
8.500000000000000000e+01 -1.421977105251772018e-02 4.507317319832079505e+01
8.500000000000000000e+01 -1.868995218829147889e-02 7.484993955320811665e+01
8.500000000000000000e+01 -7.021547369733606436e-02 2.462771585513447192e+01
8.500000000000000000e+01 -5.270331355776831650e-01 8.331584395998506309e+00
8.600000000000000000e+01 1.388144451850667205e-01 9.847684290256111694e+00
8.600000000000000000e+01 -1.431158906359413473e-02 4.477831681629582050e+01
8.600000000000000000e+01 -1.891544632187059163e-02 7.447181508069266442e+01
8.600000000000000000e+01 -7.049846742652224330e-02 2.439721243803380091e+01
8.600000000000000000e+01 -5.366139064416625137e-01 8.448032413675663932e+00
8.700000000000000000e+01 1.477547509799926884e-01 9.723475467715303466e+00
8.700000000000000000e+01 -1.438850487668710994e-02 4.447981210076162739e+01
8.700000000000000000e+01 -1.914421195490503477e-02 7.410064153927127961e+01
8.700000000000000000e+01 -7.067716349259844932e-02 2.416484654591188175e+01
8.700000000000000000e+01 -5.458802421416570905e-01 8.560993177806901500e+00
8.800000000000000000e+01 1.560643448559729252e-01 9.610985473544159774e+00
8.800000000000000000e+01 -1.444891485856415921e-02 4.417738101956318530e+01
8.800000000000000000e+01 -1.937618090001998195e-02 7.373659406321289111e+01
8.800000000000000000e+01 -7.074316017664528111e-02 2.393070469912602150e+01
8.800000000000000000e+01 -5.548376603916905792e-01 8.671318438037285858e+00
8.900000000000000000e+01 1.637418248299424006e-01 9.508630661724437161e+00
8.900000000000000000e+01 -1.449098102686112097e-02 4.387075973390753347e+01
8.900000000000000000e+01 -1.961127819990760371e-02 7.337978658188747261e+01
8.900000000000000000e+01 -7.068683573439484003e-02 2.369487083334841415e+01
8.900000000000000000e+01 -5.635095808879022616e-01 8.779806006273897623e+00
9.000000000000000000e+01 1.707991323434492337e-01 9.415049581220893415e+00
9.000000000000000000e+01 -1.451253663992111732e-02 4.355969509250247995e+01
9.000000000000000000e+01 -1.984941262830531433e-02 7.303028432738945241e+01
9.000000000000000000e+01 -7.049728420833796527e-02 2.345742879279254822e+01
9.000000000000000000e+01 -5.719315389814109141e-01 8.887180330946891971e+00
