1.000000000000000000e+01 -1.165012815740365189e-05 1.073374442926363628e+02
1.000000000000000000e+01 -3.729209461189969283e-03 4.109438963563515301e+01
1.000000000000000000e+01 -4.224692927293108302e-02 4.503673374590131395e+00
1.000000000000000000e+01 -6.586012995247013738e-03 2.990815805450229092e+01
1.000000000000000000e+01 -3.805006017645542679e-03 8.618191280626345474e+01
1.000000000000000000e+01 -5.643951682131261860e-01 7.414327786747108462e+00
1.000000000000000000e+01 -1.000000000000000000e+00 4.547084025708794108e+00
1.000000000000000000e+01 -8.748192709737838690e-01 6.264123345373161733e+00
1.000000000000000000e+01 -1.000000000000000000e+00 6.688468947900606310e+00
1.000000000000000000e+01 -1.000000000000000000e+00 6.731295281739255287e+00
1.000000000000000000e+01 -8.778070165938663960e-01 7.988378030763722215e+00
1.100000000000000000e+01 -1.141069230233161096e-05 1.076024284226418644e+02
1.100000000000000000e+01 -4.079723455329872274e-03 4.108696990648777359e+01
1.100000000000000000e+01 -4.695903990512718951e-02 4.504017204808450359e+00
1.100000000000000000e+01 -7.259489950917342310e-03 2.991081936643457340e+01
1.100000000000000000e+01 -3.809926153000787324e-03 8.632243377545920282e+01
1.100000000000000000e+01 -5.646235522512176308e-01 8.131538612174955105e+00
1.100000000000000000e+01 -1.000000000000000000e+00 4.994842885501775243e+00
1.100000000000000000e+01 -8.720936348411734151e-01 6.901057876215236142e+00
1.100000000000000000e+01 -1.000000000000000000e+00 7.393460773547589682e+00
1.100000000000000000e+01 -1.000000000000000000e+00 7.406751794518929621e+00
1.100000000000000000e+01 -8.799835588799109765e-01 8.777908083349998947e+00
1.200000000000000000e+01 -1.157449632210965338e-05 1.078001256680670537e+02
1.200000000000000000e+01 -4.438506694985885730e-03 4.107348717495158041e+01
1.200000000000000000e+01 -5.172145837873614455e-02 4.504166225308590121e+00
1.200000000000000000e+01 -7.969223093127083407e-03 2.991113322300120103e+01
1.200000000000000000e+01 -3.848934713976666887e-03 8.643023003490627332e+01
1.200000000000000000e+01 -5.641097135505293014e-01 8.854242267969729241e+00
1.200000000000000000e+01 -1.000000000000000000e+00 5.440897128314062137e+00
1.200000000000000000e+01 -8.692573499409580462e-01 7.556461611362518482e+00
1.300000000000000000e+01 -1.219035878283136959e-05 1.079482649852944718e+02
1.300000000000000000e+01 -4.804710988809727905e-03 4.105498341553431629e+01
1.300000000000000000e+01 -5.653595894630187441e-02 4.504136364489484734e+00
1.300000000000000000e+01 -8.712626432393830167e-03 2.990946464788465065e+01
1.300000000000000000e+01 -3.914831619458732266e-03 8.651471298645797958e+01
1.300000000000000000e+01 -5.652579348323760744e-01 9.560937982526509060e+00
1.300000000000000000e+01 -1.000000000000000000e+00 5.886102312225049538e+00
1.300000000000000000e+01 -8.672765866673766144e-01 8.196238671957109645e+00
1.400000000000000000e+01 -1.333055561591836872e-05 1.080583694181884482e+02
1.400000000000000000e+01 -5.177656965158683108e-03 4.103212450677217760e+01
1.400000000000000000e+01 -6.140395111458499949e-02 4.503934667683298088e+00
1.400000000000000000e+01 -9.487792148204624021e-03 2.990603773279329403e+01
1.400000000000000000e+01 -4.002382232631942864e-03 8.658211775587800219e+01
1.400000000000000000e+01 -5.679552680798365394e-01 1.025441639252325565e+01
1.400000000000000000e+01 -1.000000000000000000e+00 6.330594676351177341e+00
1.400000000000000000e+01 -8.666618387128049994e-01 8.806140343337290233e+00
1.500000000000000000e+01 -1.509042076305887007e-05 1.081380381270695779e+02
1.500000000000000000e+01 -5.556758939469526662e-03 4.100534706852663902e+01
1.500000000000000000e+01 -6.632699055620790152e-02 4.503563013183164543e+00
1.500000000000000000e+01 -1.029328121155449055e-02 2.990098149564573404e+01
1.500000000000000000e+01 -4.107684250186907984e-03 8.663670004353822662e+01
1.500000000000000000e+01 -5.713009812224014716e-01 1.094886227989264427e+01
1.500000000000000000e+01 -1.000000000000000000e+00 6.774189791665153670e+00
1.600000000000000000e+01 -1.758868612192100920e-05 1.081922951630784837e+02
1.600000000000000000e+01 -5.941446195717450460e-03 4.097494367676360838e+01
1.600000000000000000e+01 -7.130702393245674786e-02 4.503022253347588766e+00
1.600000000000000000e+01 -1.112796631969148985e-02 2.989436276392854097e+01
1.600000000000000000e+01 -4.227767769982688183e-03 8.668144096471206694e+01
1.600000000000000000e+01 -5.745687151205013388e-01 1.165248076577890046e+01
1.600000000000000000e+01 -1.000000000000000000e+00 7.216639787136864825e+00
1.700000000000000000e+01 -2.096831924145763356e-05 1.082244143228572710e+02
1.700000000000000000e+01 -6.331142796743118202e-03 4.094111273526353045e+01
1.700000000000000000e+01 -7.634647160750993033e-02 4.502314657605587023e+00
1.700000000000000000e+01 -1.199094950707126246e-02 2.988620936564347375e+01
1.700000000000000000e+01 -4.360333104312690521e-03 8.671847581853249665e+01
1.700000000000000000e+01 -5.774500063268105388e-01 1.236701940956907997e+01
1.700000000000000000e+01 -1.000000000000000000e+00 7.657694116161327003e+00
1.800000000000000000e+01 -2.539762401435789410e-05 1.082364391048690493e+02
1.800000000000000000e+01 -6.725263842017868178e-03 4.090398804844485880e+01
1.800000000000000000e+01 -8.144823669507122998e-02 4.501444512451834079e+00
1.800000000000000000e+01 -1.288152063256725426e-02 2.987652551546210944e+01
1.800000000000000000e+01 -4.503570982665648648e-03 8.674936323349851364e+01
1.800000000000000000e+01 -5.799199939457783115e-01 1.309212545769279323e+01
1.900000000000000000e+01 -3.107158669791228612e-05 1.082295202720067238e+02
1.900000000000000000e+01 -7.123154812823898063e-03 4.086365088682121183e+01
1.900000000000000000e+01 -8.661751689763326489e-02 4.500333563564193895e+00
1.900000000000000000e+01 -4.656002201921067771e-03 8.677525394111948742e+01
1.900000000000000000e+01 -1.379914363380897735e-02 2.986529084022023284e+01
2.000000000000000000e+01 -3.821238034617608959e-05 1.082041382096438724e+02
2.000000000000000000e+01 -7.524327277044263323e-03 4.082015586327415235e+01
2.000000000000000000e+01 -9.185672043199312464e-02 4.499042844759526538e+00
2.000000000000000000e+01 -4.816534375811935310e-03 8.679702379075223462e+01
2.000000000000000000e+01 -1.474342577098194072e-02 2.985248971665615159e+01
2.100000000000000000e+01 -4.707111556024205020e-05 1.081602554746104516e+02
2.100000000000000000e+01 -7.928088045763464001e-03 4.077354673564163079e+01
2.100000000000000000e+01 -4.984159179616007990e-03 8.681532251407607248e+01
2.100000000000000000e+01 -9.716846522428833344e-02 4.497682102731284992e+00
2.100000000000000000e+01 -1.571411216009230977e-02 2.983810739911390897e+01
2.200000000000000000e+01 -5.792800282415315466e-05 1.080974214350081155e+02
2.200000000000000000e+01 -8.333796906959392223e-03 4.072382217248997449e+01
2.200000000000000000e+01 -5.158080782943375714e-03 8.683064848633168253e+01
2.200000000000000000e+01 -1.025594276010951683e-01 4.496145229537305887e+00
2.200000000000000000e+01 -1.671109683879914987e-02 2.982209325172981096e+01
2.300000000000000000e+01 -7.109253945489131001e-05 1.080148476792220720e+02
2.300000000000000000e+01 -8.740792846137079505e-03 4.067097967991946206e+01
2.300000000000000000e+01 -5.337620798764390086e-03 8.684338212084351483e+01
2.300000000000000000e+01 -1.080341047203411814e-01 4.494466585588846819e+00
2.300000000000000000e+01 -1.773440630256817307e-02 2.980441144123246033e+01
2.400000000000000000e+01 -8.690323259986587287e-05 1.079114623884959201e+02
2.400000000000000000e+01 -9.148391514830454818e-03 4.061500290871582308e+01
2.400000000000000000e+01 -5.522196599295221137e-03 8.685380907869266309e+01
2.400000000000000000e+01 -1.135984678065831976e-01 4.492626036015223256e+00
2.400000000000000000e+01 -1.878420787491153626e-02 2.978501187106428461e+01
2.500000000000000000e+01 -1.057261693414257667e-04 1.077859541309177871e+02
2.500000000000000000e+01 -9.555887508057031229e-03 4.055586741197775780e+01
2.500000000000000000e+01 -5.711300050924972456e-03 8.686214410372556927e+01
2.500000000000000000e+01 -1.192548441806527693e-01 4.490763060737664070e+00
2.500000000000000000e+01 -1.986076236882886037e-02 2.976385491859316090e+01
2.600000000000000000e+01 -1.279532308536058031e-04 1.076368037975329344e+02
2.600000000000000000e+01 -9.962551873225184915e-03 4.049354256103804772e+01
2.600000000000000000e+01 -5.904480934536382453e-03 8.686853991105490991e+01
2.600000000000000000e+01 -1.250096739178090666e-01 4.488848455347506317e+00
2.600000000000000000e+01 -2.096451646789671691e-02 2.974087829574247266e+01
2.700000000000000000e+01 -1.539991430477739712e-04 1.074623144225803628e+02
2.700000000000000000e+01 -1.036763296515350562e-02 4.042798574368570996e+01
2.700000000000000000e+01 -6.101332408679041239e-03 8.687309988545037243e+01
2.700000000000000000e+01 -1.308696101534496947e-01 4.486864457205895995e+00
2.700000000000000000e+01 -2.209605689795326317e-02 2.971601435784270961e+01
2.800000000000000000e+01 -1.842976945049768986e-04 1.072606382313900042e+02
2.800000000000000000e+01 -1.077035348894374300e-02 4.035912708071639088e+01
2.800000000000000000e+01 -6.301480307822516537e-03 8.687588032187197484e+01
2.800000000000000000e+01 -1.368467135195220730e-01 4.484631761917375670e+00
2.800000000000000000e+01 -2.325617705401290466e-02 2.968915920725751434e+01
2.900000000000000000e+01 -2.192974239018319826e-04 1.070298015984249105e+02
2.900000000000000000e+01 -1.116990409532787366e-02 4.028691691268554109e+01
2.900000000000000000e+01 -6.504573113762075753e-03 8.687690446293728996e+01
2.900000000000000000e+01 -1.429460557845436131e-01 4.482237275571605117e+00
2.900000000000000000e+01 -2.444571747577782214e-02 2.966024258200899766e+01
3.000000000000000000e+01 -2.594563770149436012e-04 1.067677329206645140e+02
3.000000000000000000e+01 -1.156545951012312792e-02 4.021129444964532951e+01
3.000000000000000000e+01 -6.710269104575485033e-03 8.687615566729266448e+01
3.000000000000000000e+01 -1.491746257777549767e-01 4.479706603308782675e+00
3.000000000000000000e+01 -2.566565707241110980e-02 2.962917189826038467e+01
3.100000000000000000e+01 -3.052368937924519049e-04 1.064722900567965667e+02
3.100000000000000000e+01 -1.195628530153427377e-02 4.013228189010681035e+01
3.100000000000000000e+01 -6.918209712037251026e-03 8.687359649146621621e+01
3.100000000000000000e+01 -1.555048865479176090e-01 4.478031277689924927e+00
3.100000000000000000e+01 -2.691657766831090370e-02 2.959599808823799805e+01
3.200000000000000000e+01 -3.571018984010571290e-04 1.061412890665962578e+02
3.200000000000000000e+01 -1.234137468159282776e-02 4.004963123778813383e+01
3.200000000000000000e+01 -7.128084926830864469e-03 8.686910825072378373e+01
3.200000000000000000e+01 -1.620079322000967381e-01 4.475417438238568302e+00
3.200000000000000000e+01 -2.820054413039053964e-02 2.956030881929953225e+01
3.300000000000000000e+01 -4.155103602348535143e-04 1.057725397400637206e+02
3.300000000000000000e+01 -1.271986838823591093e-02 3.996332682870557562e+01
3.300000000000000000e+01 -7.339507614816679661e-03 8.686257441953301850e+01
3.300000000000000000e+01 -1.686677461497756159e-01 4.472610044249274885e+00
3.300000000000000000e+01 -2.951829451433958182e-02 2.952209693190839701e+01
3.400000000000000000e+01 -4.809176334040899509e-04 1.053638839811902983e+02
3.400000000000000000e+01 -1.309087129518879920e-02 3.987327294979765213e+01
3.400000000000000000e+01 -7.552090177583696898e-03 8.685381702570586526e+01
3.400000000000000000e+01 -1.754931936033222173e-01 4.469635823245726947e+00
3.400000000000000000e+01 -3.087093631841934110e-02 2.948121996613751961e+01
3.500000000000000000e+01 -5.537876886366958733e-04 1.049132313750448446e+02
3.500000000000000000e+01 -1.345352493327236186e-02 3.977937370110772974e+01
3.500000000000000000e+01 -7.765317205132567062e-03 8.684261045266694623e+01
3.500000000000000000e+01 -1.824935690434522917e-01 4.466523846250366248e+00
3.500000000000000000e+01 -3.225938040707981153e-02 2.943751429953532295e+01
3.600000000000000000e+01 -6.345800500648443457e-04 1.044186048154324737e+02
3.600000000000000000e+01 -1.380682159904417748e-02 3.968149838892936998e+01
3.600000000000000000e+01 -7.978682815211683710e-03 8.682866957518442064e+01
3.600000000000000000e+01 -1.896800463431675132e-01 4.463269352469382056e+00
3.600000000000000000e+01 -3.368479461312211265e-02 2.939081924460500161e+01
3.700000000000000000e+01 -7.237721101413294557e-04 1.038781991282014019e+02
3.700000000000000000e+01 -1.414959285407057024e-02 3.957953596430780863e+01
3.700000000000000000e+01 -8.191678978216286600e-03 8.681161192731913445e+01
3.700000000000000000e+01 -1.970645383689947905e-01 4.459868936714150855e+00
3.700000000000000000e+01 -3.514832498166638869e-02 2.934092843819180274e+01
3.800000000000000000e+01 -8.219348981140869740e-04 1.032904261260374170e+02
3.800000000000000000e+01 -1.448082748377903239e-02 3.947334743992550443e+01
3.800000000000000000e+01 -8.403428954345834243e-03 8.679097271404690161e+01
3.800000000000000000e+01 -2.046597844216327122e-01 4.456318982608773460e+00
3.800000000000000000e+01 -3.665062195224369490e-02 2.928763381393078191e+01
3.900000000000000000e+01 -9.297495432463569751e-04 1.026539821323768393e+02
3.900000000000000000e+01 -1.479935461261769857e-02 3.936278178267260586e+01
3.900000000000000000e+01 -8.612936602691734916e-03 8.676615905528325356e+01
3.900000000000000000e+01 -2.124794175187328937e-01 4.452614594335677189e+00
3.900000000000000000e+01 -3.819243408856794197e-02 2.923070939903820786e+01
4.000000000000000000e+01 -1.048104604305748460e-03 1.019679216176162555e+02
4.000000000000000000e+01 -1.510389149728182979e-02 3.924767564195838077e+01
4.000000000000000000e+01 -8.818909428586032759e-03 8.673641176229045868e+01
4.000000000000000000e+01 -2.205381993635947557e-01 4.448749487359862087e+00
4.000000000000000000e+01 -3.977450288768781539e-02 2.916991256893919626e+01
4.100000000000000000e+01 -1.206897706819017339e-03 1.010294959915206903e+02
4.100000000000000000e+01 -1.538328536832268313e-02 3.911973520096206158e+01
4.100000000000000000e+01 -9.008090667309988364e-03 8.669083432108887166e+01
4.100000000000000000e+01 -2.287035958999223406e-01 4.447909056522968640e+00
4.100000000000000000e+01 -4.139936049608089474e-02 2.910440718563777551e+01
4.200000000000000000e+01 -1.356870025123729524e-03 1.002099059954430231e+02
4.200000000000000000e+01 -1.565234678435539067e-02 3.899326354952256679e+01
4.200000000000000000e+01 -9.196596909853846369e-03 8.664487206567051203e+01
4.200000000000000000e+01 -2.372424116179432663e-01 4.444487830185804178e+00
4.200000000000000000e+01 -4.306400430002269714e-02 2.903490318625875943e+01
4.300000000000000000e+01 -1.524941760116295788e-03 9.933756201706098921e+01
4.300000000000000000e+01 -1.590206237447944204e-02 3.886132819807746586e+01
4.300000000000000000e+01 -9.372084400639722063e-03 8.658890555902941344e+01
4.300000000000000000e+01 -2.460694962023621257e-01 4.440848125703157123e+00
4.300000000000000000e+01 -4.477076456171784347e-02 2.896057715879549477e+01
4.400000000000000000e+01 -1.716141461037736871e-03 9.841436197769355942e+01
4.400000000000000000e+01 -1.613062812329119425e-02 3.872365685232333021e+01
4.400000000000000000e+01 -9.528694805947951485e-03 8.652015271694394016e+01
4.400000000000000000e+01 -2.552001472433024221e-01 4.437061226706683570e+00
4.400000000000000000e+01 -4.651995017740959137e-02 2.888108492758468415e+01
4.500000000000000000e+01 -1.939514132485751358e-03 9.743797396392989185e+01
4.500000000000000000e+01 -1.633589224439873852e-02 3.857968692141150768e+01
4.500000000000000000e+01 -9.656841810512321531e-03 8.643419034569406278e+01
4.500000000000000000e+01 -2.646449923928022030e-01 4.433300380769812143e+00
4.500000000000000000e+01 -4.831190127853161875e-02 2.879600050450993010e+01
4.600000000000000000e+01 -2.205802835958162698e-03 9.642399405253628686e+01
4.600000000000000000e+01 -1.651637624797852588e-02 3.842958356605913650e+01
4.600000000000000000e+01 -9.744053022584348370e-03 8.632618456392360429e+01
4.600000000000000000e+01 -2.744356259856937097e-01 4.429368082805323681e+00
4.600000000000000000e+01 -5.014650057823918233e-02 2.870490989090326650e+01
4.700000000000000000e+01 -2.579994964559152986e-03 9.523343258007943746e+01
4.700000000000000000e+01 -1.666279762306538403e-02 3.826410136045004151e+01
4.700000000000000000e+01 -9.733487720839631777e-03 8.616689686249378610e+01
4.700000000000000000e+01 -2.845738578445640155e-01 4.425530358240226114e+00
4.700000000000000000e+01 -5.202992041772591669e-02 2.860537885692475868e+01
4.800000000000000000e+01 -3.027386762888483254e-03 9.414791895266429833e+01
4.800000000000000000e+01 -1.678494949553934953e-02 3.809830715732675799e+01
4.800000000000000000e+01 -9.641410733800075822e-03 8.597518071620513069e+01
4.800000000000000000e+01 -2.950828046759486067e-01 4.421935200866998095e+00
4.800000000000000000e+01 -5.394923992559064879e-02 2.850024333378199870e+01
4.900000000000000000e+01 -3.631026795376302452e-03 9.306462530669844568e+01
4.900000000000000000e+01 -1.687605169071329861e-02 3.792466976070053875e+01
4.900000000000000000e+01 -9.392046574116791682e-03 8.571590861917353266e+01
4.900000000000000000e+01 -3.059953699272822680e-01 4.418380854833039884e+00
4.900000000000000000e+01 -5.590867368477669963e-02 2.838725430981647335e+01
5.000000000000000000e+01 -4.458278988907765986e-03 9.201657617085994900e+01
5.000000000000000000e+01 -1.693473408225412355e-02 3.774304292707188324e+01
5.000000000000000000e+01 -8.916900839601732062e-03 8.535796981115511528e+01
5.000000000000000000e+01 -3.171244839519238301e-01 4.418258072476851872e+00
5.000000000000000000e+01 -5.789928865605234454e-02 2.826702906673227389e+01
5.100000000000000000e+01 -5.561676860509553143e-03 9.104894850274675377e+01
5.100000000000000000e+01 -1.695980170365151557e-02 3.755223931308431418e+01
5.100000000000000000e+01 -8.162679377713300682e-03 8.485842944976288038e+01
5.100000000000000000e+01 -3.289003747358235641e-01 4.415081112345204950e+00
5.100000000000000000e+01 -5.992990547076759017e-02 2.813613157565287537e+01
5.200000000000000000e+01 -7.053797132058736014e-03 8.410176398752327032e+01
5.200000000000000000e+01 -1.694295027910871360e-02 3.734202836008599036e+01
5.200000000000000000e+01 -7.019696922705133402e-03 9.014537104562556635e+01
5.200000000000000000e+01 -3.411867265138061600e-01 4.411228510051000029e+00
5.200000000000000000e+01 -6.199899794263920988e-02 2.799135099595707388e+01
5.300000000000000000e+01 -5.978445639794747329e-03 8.316580599626195180e+01
5.300000000000000000e+01 -1.689757166728257654e-02 3.712947706382985302e+01
5.300000000000000000e+01 -8.435998007124601364e-03 8.948005714422407664e+01
5.300000000000000000e+01 -3.539169521325494783e-01 4.408822229654712821e+00
5.300000000000000000e+01 -6.408063217681279899e-02 2.783770116730818955e+01
5.400000000000000000e+01 -5.061513107969420854e-03 8.201584663016868149e+01
5.400000000000000000e+01 -1.681954937578467729e-02 3.690586307033155578e+01
5.400000000000000000e+01 -9.689356735603605469e-03 8.897691151573108925e+01
5.400000000000000000e+01 -3.671732673608355535e-01 4.406784424051791049e+00
5.400000000000000000e+01 -6.617348817701088071e-02 2.767104916431573614e+01
5.500000000000000000e+01 -4.390593565843780612e-03 8.069005314037060828e+01
5.500000000000000000e+01 -1.671203046348787233e-02 3.667050412267841608e+01
5.500000000000000000e+01 -1.069247347904691767e-02 8.860295944729035966e+01
5.500000000000000000e+01 -3.809827227602006761e-01 4.405198131150152463e+00
5.500000000000000000e+01 -6.826382929553488632e-02 2.748991067620183060e+01
5.600000000000000000e+01 -3.913142909962325638e-03 7.914457086271823982e+01
5.600000000000000000e+01 -1.657230565724689131e-02 3.641274448450734269e+01
5.600000000000000000e+01 -1.150027905896468250e-02 8.830596102422586569e+01
5.600000000000000000e+01 -3.951311503880619025e-01 4.406842625341242048e+00
5.600000000000000000e+01 -7.032990405750175200e-02 2.729008400981749105e+01
5.700000000000000000e+01 -3.633091013813609296e-03 7.757370291911817617e+01
5.700000000000000000e+01 -1.642280372138084713e-02 3.614935532792932094e+01
5.700000000000000000e+01 -1.210803675810915442e-02 8.808694893032762252e+01
5.700000000000000000e+01 -4.100578449762365962e-01 4.407085090790304527e+00
5.700000000000000000e+01 -7.235134385729354023e-02 2.707372402915671472e+01
5.800000000000000000e+01 -3.464436853253633104e-03 7.593471706604091764e+01
5.800000000000000000e+01 -1.626945246435877387e-02 3.587166679641446621e+01
5.800000000000000000e+01 -1.260568558719081869e-02 8.790799346221430710e+01
5.800000000000000000e+01 -4.255922762239761625e-01 4.408287392348391620e+00
5.800000000000000000e+01 -7.429440443466604760e-02 2.683673957099434304e+01
5.900000000000000000e+01 -3.367843874855786044e-03 7.418508801730314417e+01
5.900000000000000000e+01 -1.612450882038223010e-02 3.557010872868762164e+01
5.900000000000000000e+01 -1.303802267725996493e-02 8.774901779806153002e+01
5.900000000000000000e+01 -4.415159853949617852e-01 4.412939719444150199e+00
5.900000000000000000e+01 -7.610726479774213016e-02 2.657360283814391977e+01
6.000000000000000000e+01 -3.338763453347066718e-03 7.246708710731923020e+01
6.000000000000000000e+01 -1.602179768309485233e-02 3.526035117470573965e+01
6.000000000000000000e+01 -1.341257006959023328e-02 8.761181601652290851e+01
6.000000000000000000e+01 -4.582469350779266870e-01 4.417138982073044673e+00
6.000000000000000000e+01 -7.775277122945246921e-02 2.628638618405182825e+01
6.100000000000000000e+01 -3.359957656278367809e-03 7.074092935805478533e+01
6.100000000000000000e+01 -1.598785454807044940e-02 3.493499429889867258e+01
6.100000000000000000e+01 -1.375354757073748296e-02 8.748345874150379586e+01
6.100000000000000000e+01 -7.915751011348552690e-02 2.596973528552313937e+01
6.100000000000000000e+01 -4.755981586878544887e-01 4.423051129705591222e+00
6.200000000000000000e+01 -3.429436915660464234e-03 6.897120935942629671e+01
6.200000000000000000e+01 -1.606389724395201543e-02 3.458517502716519942e+01
6.200000000000000000e+01 -1.407395823288962351e-02 8.735480136847505150e+01
6.200000000000000000e+01 -8.021576340410145611e-02 2.561614831695960959e+01
6.200000000000000000e+01 -4.932935092074298145e-01 4.433312492383938874e+00
6.300000000000000000e+01 -3.550695328409469304e-03 6.726845988485361261e+01
6.300000000000000000e+01 -1.629890825018852352e-02 3.422766132488936108e+01
6.300000000000000000e+01 -1.437376529265849828e-02 8.722890870064115632e+01
6.300000000000000000e+01 -8.086798173430297110e-02 2.522855266631002280e+01
6.300000000000000000e+01 -5.117615044133584368e-01 4.444244662201272789e+00
6.400000000000000000e+01 -3.729406064872408874e-03 6.556863805337762585e+01
6.400000000000000000e+01 -1.675666091413005945e-02 3.384950493323097476e+01
6.400000000000000000e+01 -1.466141895618392962e-02 8.709595091332124639e+01
6.400000000000000000e+01 -8.094722104609501645e-02 2.479683308865966040e+01
6.400000000000000000e+01 -5.305355295216900302e-01 4.459897923801918296e+00
6.500000000000000000e+01 -3.967702837551614903e-03 6.394946669035200415e+01
6.500000000000000000e+01 -1.748747547782342898e-02 3.346546158633719870e+01
6.500000000000000000e+01 -1.493676909289075490e-02 8.695800556226298283e+01
6.500000000000000000e+01 -8.038969383965488547e-02 2.432281765177003763e+01
6.500000000000000000e+01 -5.498905204646857836e-01 4.477804209049058848e+00
6.600000000000000000e+01 -4.270952937946652372e-03 6.239299255385855503e+01
6.600000000000000000e+01 -1.855306891477526143e-02 3.307282416079637244e+01
6.600000000000000000e+01 -1.520256650819175673e-02 8.680972615851727880e+01
6.600000000000000000e+01 -7.903334132633263454e-02 2.380171237287555286e+01
6.600000000000000000e+01 -5.695838976964343603e-01 4.499855115673489614e+00
6.700000000000000000e+01 -4.647624837969911715e-03 6.088638115949814278e+01
6.700000000000000000e+01 -2.001119512743159551e-02 3.266761544892494840e+01
6.700000000000000000e+01 -1.546076675442279932e-02 8.664548739983493419e+01
6.700000000000000000e+01 -7.662798896057625153e-02 2.324107311378422480e+01
6.700000000000000000e+01 -5.901006363354491802e-01 4.523638683569076946e+00
6.800000000000000000e+01 -5.086250091242397811e-03 5.948359052881528442e+01
6.800000000000000000e+01 -2.188274837451358035e-02 3.226787112044502948e+01
6.800000000000000000e+01 -1.571007410631772294e-02 8.646749920667146228e+01
6.800000000000000000e+01 -7.328148194440761709e-02 2.262147960790309398e+01
6.800000000000000000e+01 -6.103439391113918422e-01 4.553663759666512156e+00
6.900000000000000000e+01 -5.591530319636906290e-03 5.815306188115324204e+01
6.900000000000000000e+01 -2.419581652252746073e-02 3.186628208298470355e+01
6.900000000000000000e+01 -1.595208676837090583e-02 8.626793772711623376e+01
6.900000000000000000e+01 -6.874629538510323989e-02 2.194896190806797520e+01
6.900000000000000000e+01 -6.301977011068845558e-01 4.591321947051992147e+00
7.000000000000000000e+01 -6.142677445955887702e-03 5.693035836293002916e+01
7.000000000000000000e+01 -2.686534887061337029e-02 3.147667659444986299e+01
7.000000000000000000e+01 -6.308806491447987996e-02 2.123667247793469670e+01
7.000000000000000000e+01 -1.618551214158688717e-02 8.604903731440566617e+01
7.000000000000000000e+01 -6.499142569618187038e-01 4.633931888571002133e+00
7.100000000000000000e+01 -6.735959077577961113e-03 5.579145269539966279e+01
7.100000000000000000e+01 -2.987377452394734956e-02 3.109383756778998276e+01
7.100000000000000000e+01 -5.619245994392200322e-02 2.048370486966664572e+01
7.100000000000000000e+01 -1.641107360749117713e-02 8.580342296616282738e+01
7.100000000000000000e+01 -6.687353257332512291e-01 4.685349016610924622e+00
7.200000000000000000e+01 -7.345510840975859670e-03 5.475489397440926354e+01
7.200000000000000000e+01 -4.819934665887025405e-02 1.970713423717966251e+01
7.200000000000000000e+01 -3.308163200249990971e-02 3.072732140450687410e+01
7.200000000000000000e+01 -1.662788908089311499e-02 8.553325853117515010e+01
7.200000000000000000e+01 -6.868635577667976388e-01 4.743216322167583598e+00
7.300000000000000000e+01 -7.963074305381376977e-03 5.380175090193519338e+01
7.300000000000000000e+01 -3.908022734760139422e-02 1.891242941570928693e+01
7.300000000000000000e+01 -3.643632723711395099e-02 3.037161000117977849e+01
7.300000000000000000e+01 -1.683623565544219505e-02 8.523221054325911439e+01
7.300000000000000000e+01 -7.035341844955883550e-01 4.810776627181844844e+00
7.400000000000000000e+01 -8.565517654604231854e-03 5.293836144608317795e+01
7.400000000000000000e+01 -2.902705185321413639e-02 1.811883741838201800e+01
7.400000000000000000e+01 -3.980041680816791272e-02 3.003109778234733440e+01
7.400000000000000000e+01 -1.703571566324781766e-02 8.490276480000697745e+01
7.400000000000000000e+01 -7.188601054737864260e-01 4.885888220111403335e+00
7.500000000000000000e+01 -1.811397119634712907e-02 1.733566528234769066e+01
7.500000000000000000e+01 -9.143214919602246984e-03 5.215229000516540481e+01
7.500000000000000000e+01 -4.311534558455380750e-02 2.970236692304996495e+01
7.500000000000000000e+01 -1.722667884751853673e-02 8.454215349920544043e+01
7.500000000000000000e+01 -7.324504876595063774e-01 4.969834608266745057e+00
7.600000000000000000e+01 -6.478198315605912180e-03 1.657454343900121785e+01
7.600000000000000000e+01 -9.686178351771655357e-03 5.143612285076604707e+01
7.600000000000000000e+01 -4.631724162403565853e-02 2.938368920318619359e+01
7.600000000000000000e+01 -1.740933077843591012e-02 8.415018103385894221e+01
7.600000000000000000e+01 -7.440690791998343379e-01 5.062709234065107644e+00
7.700000000000000000e+01 5.727782437453711982e-03 1.584485654040189928e+01
7.700000000000000000e+01 -1.018732334286630986e-02 5.078209286539661349e+01
7.700000000000000000e+01 -4.936186330170873326e-02 2.907328615356261992e+01
7.700000000000000000e+01 -1.758421541444664046e-02 8.372753302343058124e+01
7.700000000000000000e+01 -7.536528077631257094e-01 5.164207393301578186e+00
7.800000000000000000e+01 1.837183859333794619e-02 1.515221730020548563e+01
7.800000000000000000e+01 -1.064472581426700350e-02 5.018066828176248606e+01
7.800000000000000000e+01 -1.775236117928637170e-02 8.327389123999651588e+01
7.800000000000000000e+01 -5.223205818875905487e-02 2.876827403084367418e+01
7.800000000000000000e+01 -7.610424902641348410e-01 5.274890319980005238e+00
7.900000000000000000e+01 3.123733277480980619e-02 1.450490945326941095e+01
7.900000000000000000e+01 -1.105362878436053076e-02 4.962814808347081907e+01
7.900000000000000000e+01 -1.791471886657441601e-02 8.279547117198528383e+01
7.900000000000000000e+01 -5.488528769954759828e-02 2.846932686720232653e+01
7.900000000000000000e+01 -7.666957090206939496e-01 5.391959609470259984e+00
8.000000000000000000e+01 4.419456473158191873e-02 1.390455014578540549e+01
8.000000000000000000e+01 -1.141568519986749242e-02 4.911635359642630050e+01
8.000000000000000000e+01 -1.807261611726902056e-02 8.229501106376204689e+01
8.000000000000000000e+01 -5.732067673993433005e-02 2.817462172220236027e+01
8.000000000000000000e+01 -7.707946617632108754e-01 5.514740440563656421e+00
8.100000000000000000e+01 5.714939307911841987e-02 1.334973972087771443e+01
8.100000000000000000e+01 -1.173548870091841410e-02 4.863647850944969520e+01
8.100000000000000000e+01 -1.822782868513901991e-02 8.177273960167615030e+01
8.100000000000000000e+01 -5.955527370886223165e-02 2.788130643155773924e+01
8.100000000000000000e+01 -7.732638517643896092e-01 5.644165426302069299e+00
8.200000000000000000e+01 6.996216383611515710e-02 1.284118019237460295e+01
8.200000000000000000e+01 -1.201477959253621948e-02 4.818419618752255218e+01
8.200000000000000000e+01 -1.838165778333874720e-02 8.123426390459854929e+01
8.200000000000000000e+01 -6.158049397168063183e-02 2.758930823076341099e+01
8.200000000000000000e+01 -7.744908387090515545e-01 5.778365328150536051e+00
8.300000000000000000e+01 8.254607200905310360e-02 1.237698635636589017e+01
8.300000000000000000e+01 -1.225685902285205547e-02 4.775435049174036095e+01
8.300000000000000000e+01 -1.853577267421378794e-02 8.068362094662641937e+01
8.300000000000000000e+01 -6.340364035654676156e-02 2.729800624474901838e+01
8.300000000000000000e+01 -7.748043434601525892e-01 5.916224685094806368e+00
8.400000000000000000e+01 9.483149012633007580e-02 1.195494345241016632e+01
8.400000000000000000e+01 -1.246464000461850428e-02 4.734286178690922497e+01
8.400000000000000000e+01 -1.869148092862040964e-02 8.012596231352321752e+01
8.400000000000000000e+01 -6.502854670767943546e-02 2.700736862643961800e+01
8.400000000000000000e+01 -7.746075925170732290e-01 6.055997458550545609e+00
8.500000000000000000e+01 1.067609819046474312e-01 1.157154312377029726e+01
8.500000000000000000e+01 -1.264259980564798325e-02 4.694488155877746038e+01
8.500000000000000000e+01 -1.885084413767455433e-02 7.956237752205812797e+01
8.500000000000000000e+01 -6.647257748594231908e-02 2.671605503471225873e+01
8.500000000000000000e+01 -7.738964765012241731e-01 6.198232132136770822e+00
8.600000000000000000e+01 1.182763673778122471e-01 1.122432739792330914e+01
8.600000000000000000e+01 -1.279272728486173689e-02 4.655799279626820919e+01
8.600000000000000000e+01 -1.901437007044025351e-02 7.899762752223413997e+01
8.600000000000000000e+01 -6.773332081931421333e-02 2.642431143271282679e+01
8.600000000000000000e+01 -7.729543119327243472e-01 6.341372127727492369e+00
8.700000000000000000e+01 1.293563380951776309e-01 1.091010962259287886e+01
8.700000000000000000e+01 -1.291714469510589318e-02 4.617939996555797677e+01
8.700000000000000000e+01 -1.918303005983752058e-02 7.843561597365311400e+01
8.700000000000000000e+01 -6.881691568133996295e-02 2.613234956635259820e+01
8.700000000000000000e+01 -7.720806979325860464e-01 6.484025949119481602e+00
8.800000000000000000e+01 1.399437887895280674e-01 1.062590089026001827e+01
8.800000000000000000e+01 -1.301835931650568295e-02 4.580646505841841076e+01
8.800000000000000000e+01 -1.935828205016949105e-02 7.787707141529470789e+01
8.800000000000000000e+01 -6.973220371329497125e-02 2.583950592655670775e+01
8.800000000000000000e+01 -7.711910540441178075e-01 6.626798684057809474e+00
8.900000000000000000e+01 1.500511847037709345e-01 1.036864805277871149e+01
8.900000000000000000e+01 -1.309704240302591964e-02 4.543721247523233586e+01
8.900000000000000000e+01 -1.954047011210478801e-02 7.732625738966314088e+01
8.900000000000000000e+01 -7.048061974292572918e-02 2.554646872855596840e+01
8.900000000000000000e+01 -7.706457244924599381e-01 6.767803340801971324e+00
9.000000000000000000e+01 1.596039211156845272e-01 1.013601799991107022e+01
9.000000000000000000e+01 -1.315435161331519193e-02 4.507030549962833987e+01
9.000000000000000000e+01 -1.973003042147197447e-02 7.678280787341401492e+01
9.000000000000000000e+01 -7.106275458750678509e-02 2.525259779842188834e+01
9.000000000000000000e+01 -7.702075171936301201e-01 6.908223846066237961e+00
