1.000000000000000000e+01 -1.532011068894794580e-05 1.072767391172902762e+02
1.000000000000000000e+01 -3.729227284263616875e-03 4.109324631752746626e+01
1.000000000000000000e+01 -4.223953607971930868e-02 4.504370780285087861e+00
1.000000000000000000e+01 -6.585460656652784676e-03 2.990792721996733761e+01
1.000000000000000000e+01 -3.804394505919104792e-03 8.618085124943499409e+01
1.000000000000000000e+01 -5.637564671959081064e-01 7.430039214373874934e+00
1.000000000000000000e+01 -1.000000000000000000e+00 4.543638005500041821e+00
1.000000000000000000e+01 -8.688575711881890706e-01 6.141847715767947413e+00
1.000000000000000000e+01 -1.000000000000000000e+00 6.156174065086019276e+00
1.000000000000000000e+01 -1.000000000000000000e+00 6.735415726866652797e+00
1.000000000000000000e+01 -8.747913824074201594e-01 7.921182110280290622e+00
1.000000000000000000e+01 -1.000000000000000000e+00 7.528281811726868611e+00
1.100000000000000000e+01 -1.700484192453485498e-05 1.075128166358299353e+02
1.100000000000000000e+01 -4.079492783912156209e-03 4.108506781681379749e+01
1.100000000000000000e+01 -4.694922088508891173e-02 4.504848266295740089e+00
1.100000000000000000e+01 -7.258808490804933428e-03 2.991055354704825930e+01
1.100000000000000000e+01 -3.809065897057482050e-03 8.632078458135876531e+01
1.100000000000000000e+01 -5.686956888213877681e-01 8.115145613994080520e+00
1.100000000000000000e+01 -1.000000000000000000e+00 4.995101669402493449e+00
1.100000000000000000e+01 -8.731229642353326437e-01 6.787726382922286916e+00
1.100000000000000000e+01 -1.000000000000000000e+00 6.918936535714226288e+00
1.100000000000000000e+01 -1.000000000000000000e+00 7.328822133555999763e+00
1.100000000000000000e+01 -8.819894804350308926e-01 8.788286445961727367e+00
1.100000000000000000e+01 -1.000000000000000000e+00 7.859372906554602523e+00
1.200000000000000000e+01 -1.985590191457432463e-05 1.076722123737975210e+02
1.200000000000000000e+01 -4.438029859720114996e-03 4.107058944631587138e+01
1.200000000000000000e+01 -5.170854396335086006e-02 4.505154521552667823e+00
1.200000000000000000e+01 -7.968339908361612989e-03 2.991079968889512486e+01
1.200000000000000000e+01 -3.847670897922088763e-03 8.642782511704136539e+01
1.200000000000000000e+01 -5.720006017387554431e-01 8.800400414064764476e+00
1.200000000000000000e+01 -1.000000000000000000e+00 5.445271644092735563e+00
1.200000000000000000e+01 -8.775564040782150022e-01 7.462461297499189072e+00
1.300000000000000000e+01 -2.413643569232658471e-05 1.077707708971922358e+02
1.300000000000000000e+01 -4.804056641237478172e-03 4.105078721974848577e+01
1.300000000000000000e+01 -5.651901468285527863e-02 4.505318940158136165e+00
1.300000000000000000e+01 -8.711538526818817310e-03 2.990904581118498839e+01
1.300000000000000000e+01 -3.913059285325751722e-03 8.651135178961324357e+01
1.300000000000000000e+01 -5.732154178949072643e-01 9.499319579584573958e+00
1.300000000000000000e+01 -1.000000000000000000e+00 5.891431172289467888e+00
1.300000000000000000e+01 -8.790962878119287227e-01 8.110111746840363622e+00
1.400000000000000000e+01 -3.016827848824920510e-05 1.078179559144642923e+02
1.400000000000000000e+01 -5.176849808907468646e-03 4.102625289852011292e+01
1.400000000000000000e+01 -6.138184772060555766e-02 4.505353874083673382e+00
1.400000000000000000e+01 -9.486494622729385248e-03 2.990552684215578338e+01
1.400000000000000000e+01 -3.999966923550725244e-03 8.657755400128694134e+01
1.400000000000000000e+01 -5.742189975700158211e-01 1.020673917617262383e+01
1.400000000000000000e+01 -1.000000000000000000e+00 6.335780466789982412e+00
1.400000000000000000e+01 -8.810127188442515855e-01 8.744440677094754477e+00
1.500000000000000000e+01 -3.833114586986051847e-05 1.078191417917323349e+02
1.500000000000000000e+01 -5.555863125618895788e-03 4.099721153450581568e+01
1.500000000000000000e+01 -6.630879063491597336e-02 4.504349040927746017e+00
1.500000000000000000e+01 -1.029172381620291690e-02 2.990026481671522518e+01
1.500000000000000000e+01 -4.104423970546877513e-03 8.663062236999938648e+01
1.500000000000000000e+01 -5.752704545669617975e-01 1.091962556745843393e+01
1.500000000000000000e+01 -1.000000000000000000e+00 6.778639637113249350e+00
1.600000000000000000e+01 -4.906068954956248357e-05 1.077769824997078416e+02
1.600000000000000000e+01 -5.940337630808670451e-03 4.096412615162833504e+01
1.600000000000000000e+01 -7.128421897987191613e-02 4.503975129849842496e+00
1.600000000000000000e+01 -1.112614436870297194e-02 2.989352021770797307e+01
1.600000000000000000e+01 -4.223417767776373004e-03 8.667349447666509832e+01
1.600000000000000000e+01 -5.763728299980352965e-01 1.163739361218534185e+01
1.600000000000000000e+01 -1.000000000000000000e+00 7.219967986303389651e+00
1.700000000000000000e+01 -6.284501753044238791e-05 1.076922549553009816e+02
1.700000000000000000e+01 -6.329759110267612655e-03 4.092700285594053611e+01
1.700000000000000000e+01 -7.631771272845892795e-02 4.503478192591752638e+00
1.700000000000000000e+01 -1.198881111060772116e-02 2.988521644798392529e+01
1.700000000000000000e+01 -4.354584439784068423e-03 8.670822738139202102e+01
1.700000000000000000e+01 -5.775205410178029242e-01 1.236100951808410642e+01
1.700000000000000000e+01 -1.000000000000000000e+00 7.659685128021110678e+00
1.800000000000000000e+01 -8.021878420439141645e-05 1.075644153149895033e+02
1.800000000000000000e+01 -6.723533905076149730e-03 4.088588157204581108e+01
1.800000000000000000e+01 -8.141217070171863357e-02 4.502849695416806242e+00
1.800000000000000000e+01 -1.287901512670596230e-02 2.987534524619828957e+01
1.800000000000000000e+01 -4.496037489573129903e-03 8.673629694901538301e+01
1.800000000000000000e+01 -5.787171430570219322e-01 1.309159901269961068e+01
1.900000000000000000e+01 -1.017549758813979911e-04 1.073919768356416711e+02
1.900000000000000000e+01 -7.121049043515861876e-03 4.084074879338471931e+01
1.900000000000000000e+01 -8.657075099078004321e-02 4.502096462928290244e+00
1.900000000000000000e+01 -4.646245745572236997e-03 8.675876368067893907e+01
1.900000000000000000e+01 -1.379621034615030085e-02 2.986388406304165244e+01
2.000000000000000000e+01 -1.280543729016614580e-04 1.071727855565589351e+02
2.000000000000000000e+01 -7.521672003608845074e-03 4.079154659276650108e+01
2.000000000000000000e+01 -9.179695909015971045e-02 4.501228653025437509e+00
2.000000000000000000e+01 -4.803932925442139061e-03 8.677638449828955913e+01
2.000000000000000000e+01 -1.474000405263911281e-02 2.985080043996255128e+01
2.100000000000000000e+01 -1.597333090259049735e-04 1.069042341126500730e+02
2.100000000000000000e+01 -7.924748203882931927e-03 4.073817940038446039e+01
2.100000000000000000e+01 -4.968006862214175562e-03 8.678968424903271739e+01
2.100000000000000000e+01 -9.709470030761603587e-02 4.500255495160939923e+00
2.100000000000000000e+01 -1.571015847456600639e-02 2.983605428852042607e+01
2.200000000000000000e+01 -1.974107658460374343e-04 1.065834384839681661e+02
2.200000000000000000e+01 -8.329599835243728378e-03 4.068051943429745876e+01
2.200000000000000000e+01 -5.137503851036329811e-03 8.679900631593574190e+01
2.200000000000000000e+01 -1.024681953016794850e-01 4.499187032376601003e+00
2.200000000000000000e+01 -1.670657203791672818e-02 2.981959821082846673e+01
2.300000000000000000e+01 -2.416964835250790097e-04 1.062073940337521947e+02
2.300000000000000000e+01 -8.735547915201702374e-03 4.061834996064258263e+01
2.300000000000000000e+01 -5.311548518906268786e-03 8.680453603721355194e+01
2.300000000000000000e+01 -1.079337122474247762e-01 4.497513569303826841e+00
2.300000000000000000e+01 -1.772938543911111928e-02 2.980130915541222336e+01
2.400000000000000000e+01 -2.931820196159882629e-04 1.057731164267456734e+02
2.400000000000000000e+01 -9.141807322452325316e-03 4.055155801978596486e+01
2.400000000000000000e+01 -5.489310052511459440e-03 8.680633807631932086e+01
2.400000000000000000e+01 -1.134869485618449775e-01 4.495723525439841772e+00
2.400000000000000000e+01 -1.877871300649549408e-02 2.978119153829704047e+01
2.500000000000000000e+01 -3.524358401858004451e-04 1.052777781448718883e+02
2.500000000000000000e+01 -9.547558844156051744e-03 4.047998584021549817e+01
2.500000000000000000e+01 -5.669981480177616572e-03 8.680435970544253621e+01
2.500000000000000000e+01 -1.191107092715470023e-01 4.494701394247393900e+00
2.500000000000000000e+01 -1.985463515427788456e-02 2.975927943736673242e+01
2.600000000000000000e+01 -4.200037341708315070e-04 1.047188335129278727e+02
2.600000000000000000e+01 -9.952097290462915899e-03 4.040339026412754464e+01
2.600000000000000000e+01 -5.852598276288123111e-03 8.679839041945892575e+01
2.600000000000000000e+01 -1.248183366317322657e-01 4.494021492759685543e+00
2.600000000000000000e+01 -2.095786684823079671e-02 2.973543267635862364e+01
2.700000000000000000e+01 -4.965107482094865835e-04 1.040941577914124707e+02
2.700000000000000000e+01 -1.035478268126655173e-02 4.032140966701967955e+01
2.700000000000000000e+01 -6.035940022802439679e-03 8.678809293472426134e+01
2.700000000000000000e+01 -1.306426121575887389e-01 4.492683300522222645e+00
2.700000000000000000e+01 -2.208949485756735859e-02 2.970941348842444540e+01
2.800000000000000000e+01 -5.826031627376098516e-04 1.034021461977102376e+02
2.800000000000000000e+01 -1.075424076281316504e-02 4.023376934245079184e+01
2.800000000000000000e+01 -6.219265979331906231e-03 8.677299129762685936e+01
2.800000000000000000e+01 -1.365765723305795154e-01 4.491216567660401005e+00
2.800000000000000000e+01 -2.324939004153894415e-02 2.968120858711791143e+01
2.900000000000000000e+01 -6.790730072095806785e-04 1.026418697839679197e+02
2.900000000000000000e+01 -1.114975171911888191e-02 4.014058799308545389e+01
2.900000000000000000e+01 -6.401047954884751985e-03 8.675241992256516710e+01
2.900000000000000000e+01 -1.425049728901549295e-01 4.493419389607160142e+00
2.900000000000000000e+01 -2.443746770851351960e-02 2.965125196514356887e+01
3.000000000000000000e+01 -7.870435135192183247e-04 1.018131680108577797e+02
3.000000000000000000e+01 -1.154004226126972496e-02 4.004071606398434824e+01
3.000000000000000000e+01 -6.579485255508969385e-03 8.672530429988286471e+01
3.000000000000000000e+01 -1.486537049509485953e-01 4.492256833968288454e+00
3.000000000000000000e+01 -2.565752375330014601e-02 2.961834782354654294e+01
3.100000000000000000e+01 -9.081765682796248684e-04 1.009168604727850607e+02
3.100000000000000000e+01 -1.192410134986426201e-02 3.993413938318130363e+01
3.100000000000000000e+01 -6.752050130013469501e-03 8.669035122449477626e+01
3.100000000000000000e+01 -1.549303501517376169e-01 4.491004366282334459e+00
3.100000000000000000e+01 -2.690955237255689830e-02 2.958283423759285569e+01
3.200000000000000000e+01 -1.045063060805176587e-03 9.995489267350377816e+01
3.200000000000000000e+01 -1.230074617062792801e-02 3.982044514838887039e+01
3.200000000000000000e+01 -6.915239013290701980e-03 8.664569353132948493e+01
3.200000000000000000e+01 -1.613406643993290646e-01 4.489714886843750641e+00
3.200000000000000000e+01 -2.819483130382271704e-02 2.954452998698299737e+01
3.300000000000000000e+01 -1.217599835831612671e-03 9.880952540004928153e+01
3.300000000000000000e+01 -1.266788804241663485e-02 3.969273049942913190e+01
3.300000000000000000e+01 -7.055823833168768482e-03 8.658089080342949728e+01
3.300000000000000000e+01 -1.679985110451295283e-01 4.485643538197834346e+00
3.300000000000000000e+01 -2.951997353992863102e-02 2.950189868992490361e+01
3.400000000000000000e+01 -1.406377451495909557e-03 9.770755393811147371e+01
3.400000000000000000e+01 -1.302435988558862598e-02 3.956184040941588620e+01
3.400000000000000000e+01 -7.177596096394190002e-03 8.650458240478947403e+01
3.400000000000000000e+01 -1.747101794927816976e-01 4.484136986759865273e+00
3.400000000000000000e+01 -3.087675613332697272e-02 2.945709970809539868e+01
3.500000000000000000e+01 -1.635662275928351098e-03 9.655485614790840998e+01
3.500000000000000000e+01 -1.336855647601492385e-02 3.942206499098951866e+01
3.500000000000000000e+01 -7.262132784633040967e-03 8.640496945705733367e+01
3.500000000000000000e+01 -1.815613324337695955e-01 4.483103424605914711e+00
3.500000000000000000e+01 -3.227068156562579171e-02 2.940881066848846359e+01
3.600000000000000000e+01 -1.925837439426103916e-03 9.536357805031029500e+01
3.600000000000000000e+01 -1.369857972532628580e-02 3.927284091392510135e+01
3.600000000000000000e+01 -7.287999646833025376e-03 8.627258225615197773e+01
3.600000000000000000e+01 -1.885229446598425396e-01 4.483452836849832757e+00
3.600000000000000000e+01 -3.370233927535335600e-02 2.935689935863258171e+01
3.700000000000000000e+01 -2.311159458356339558e-03 9.415075405648146045e+01
3.700000000000000000e+01 -1.401238807931838755e-02 3.911317216374313688e+01
3.700000000000000000e+01 -7.220033879550630945e-03 8.609217915911727914e+01
3.700000000000000000e+01 -1.956795662602295316e-01 4.483161616393188886e+00
3.700000000000000000e+01 -3.517427080654884214e-02 2.930059537164768457e+01
3.800000000000000000e+01 -2.844632157656101432e-03 9.294668410236431555e+01
3.800000000000000000e+01 -1.430747428356016898e-02 3.894250039779613104e+01
3.800000000000000000e+01 -7.004180895157881455e-03 8.584010800526023388e+01
3.800000000000000000e+01 -2.030211529764474332e-01 4.482776667209684263e+00
3.800000000000000000e+01 -3.668701389914713618e-02 2.923964019283264548e+01
3.900000000000000000e+01 -3.598522261007720043e-03 9.179270150364332892e+01
3.900000000000000000e+01 -6.567325143807488212e-03 8.547877261406172522e+01
3.900000000000000000e+01 -1.458125009410679053e-02 3.876070626841405442e+01
3.900000000000000000e+01 -2.102486796107334854e-01 4.489356159646700206e+00
3.900000000000000000e+01 -3.823563361117180565e-02 2.917515038201844746e+01
4.000000000000000000e+01 -4.685135386071599163e-03 9.069487054002094339e+01
4.000000000000000000e+01 -5.799810758490961740e-03 8.492021942839363646e+01
4.000000000000000000e+01 -1.483024854835699076e-02 3.855828770857671373e+01
4.000000000000000000e+01 -2.181015333213248419e-01 4.485876164633288532e+00
4.000000000000000000e+01 -3.984042796946609538e-02 2.910133571182811352e+01
4.100000000000000000e+01 -4.861097859701420283e-03 8.415703183522505526e+01
4.100000000000000000e+01 -5.938454691038127890e-03 8.982672102754757759e+01
4.100000000000000000e+01 -1.505014622316534594e-02 3.834778244413648451e+01
4.100000000000000000e+01 -2.259749592545430841e-01 4.486840512029860228e+00
4.100000000000000000e+01 -4.148016091386774740e-02 2.902322640979702228e+01
4.200000000000000000e+01 -3.941448319023484886e-03 8.314413365020450897e+01
4.200000000000000000e+01 -1.523766886592627275e-02 3.812241163661087739e+01
4.200000000000000000e+01 -7.171057495943305299e-03 8.916571757755265537e+01
4.200000000000000000e+01 -2.340437826271321575e-01 4.488260122615137071e+00
4.200000000000000000e+01 -4.316254443533059509e-02 2.893808975182639287e+01
4.300000000000000000e+01 -3.237435427593767998e-03 8.191070777065321806e+01
4.300000000000000000e+01 -1.538868961041730404e-02 3.788119782369231814e+01
4.300000000000000000e+01 -8.186622560759880540e-03 8.868972654416148771e+01
4.300000000000000000e+01 -2.423140070340553121e-01 4.490191544376552102e+00
4.300000000000000000e+01 -4.488692974441049754e-02 2.884506927989768243e+01
4.400000000000000000e+01 -2.780456040909823866e-03 8.051343610815831653e+01
4.400000000000000000e+01 -1.549911196449122591e-02 3.762314008886029626e+01
4.400000000000000000e+01 -8.954463758684909347e-03 8.834913004840340989e+01
4.400000000000000000e+01 -2.507892777690065023e-01 4.492727814657847318e+00
4.400000000000000000e+01 -4.665160717845758670e-02 2.874314323569011620e+01
4.500000000000000000e+01 -2.511044316800347710e-03 7.900691142476088658e+01
4.500000000000000000e+01 -1.556522287668657238e-02 3.734743392316280364e+01
4.500000000000000000e+01 -9.535085770935052343e-03 8.809825073322294031e+01
4.500000000000000000e+01 -2.594754880295497834e-01 4.495915752503935714e+00
4.500000000000000000e+01 -4.845331330251028551e-02 2.863114395479414043e+01
4.600000000000000000e+01 -2.358538739148525673e-03 7.737986263837436240e+01
4.600000000000000000e+01 -1.557958895005594549e-02 3.704745745166293602e+01
4.600000000000000000e+01 -1.000266317239869272e-02 8.789881616032704414e+01
4.600000000000000000e+01 -2.676340904600664206e-01 4.513965789576838361e+00
4.600000000000000000e+01 -5.027193308644709036e-02 2.851049602978657660e+01
4.700000000000000000e+01 -2.293928436151349178e-03 7.575788046445025259e+01
4.700000000000000000e+01 -1.554901125367887278e-02 3.673244936968205820e+01
4.700000000000000000e+01 -1.038603768026615144e-02 8.774168048599655378e+01
4.700000000000000000e+01 -2.766637177737334419e-01 4.519883284942889823e+00
4.700000000000000000e+01 -5.212678265440053721e-02 2.837389452752672270e+01
4.800000000000000000e+01 -2.283559754399333043e-03 7.411879111033061918e+01
4.800000000000000000e+01 -1.547559452829608793e-02 3.639651127785042206e+01
4.800000000000000000e+01 -1.072318782271556095e-02 8.760693028460306664e+01
4.800000000000000000e+01 -2.865179167588179920e-01 4.515300200772092154e+00
4.800000000000000000e+01 -5.401058071056860643e-02 2.821721478613015677e+01
4.900000000000000000e+01 -2.314594929974093506e-03 7.248157348181624116e+01
4.900000000000000000e+01 -1.536093615744374766e-02 3.604222068227770848e+01
4.900000000000000000e+01 -1.103113291797557655e-02 8.748598769165809586e+01
4.900000000000000000e+01 -2.960274942744755555e-01 4.522493053731231782e+00
4.900000000000000000e+01 -5.586909125230352102e-02 2.804703456502004499e+01
5.000000000000000000e+01 -2.381438610072394990e-03 7.086068718720292736e+01
5.000000000000000000e+01 -1.522178618454288548e-02 3.566909941627348957e+01
5.000000000000000000e+01 -1.131964534914839567e-02 8.737271627975374599e+01
5.000000000000000000e+01 -3.057103706191159898e-01 4.531495923497339540e+00
5.000000000000000000e+01 -5.768926354984525023e-02 2.785654516991701257e+01
5.100000000000000000e+01 -2.484172277976713465e-03 6.923735490560829930e+01
5.100000000000000000e+01 -1.507256325374512103e-02 3.527247023981180263e+01
5.100000000000000000e+01 -1.159692358662049207e-02 8.726065437226621668e+01
5.100000000000000000e+01 -3.146308422351545286e-01 4.558314862850171068e+00
5.100000000000000000e+01 -5.940152716863939669e-02 2.764790456186266354e+01
5.200000000000000000e+01 -2.623514871791842677e-03 6.768299498358419442e+01
5.200000000000000000e+01 -1.496706702874870364e-02 3.486447082491805816e+01
5.200000000000000000e+01 -1.186316792393447839e-02 8.715061762163458070e+01
5.200000000000000000e+01 -3.245944742417355977e-01 4.571689498972719257e+00
5.200000000000000000e+01 -6.101313608348711559e-02 2.740678407767905966e+01
5.300000000000000000e+01 -2.802174612945660098e-03 6.617929175334548120e+01
5.300000000000000000e+01 -1.494807167611693008e-02 3.444364493287348949e+01
5.300000000000000000e+01 -1.212220544091877072e-02 8.703803321269755600e+01
5.300000000000000000e+01 -3.347134530031412591e-01 4.587094745417694241e+00
5.300000000000000000e+01 -6.242780511778616565e-02 2.713433331733648046e+01
5.400000000000000000e+01 -3.023290920179061946e-03 6.473463712686920246e+01
5.400000000000000000e+01 -1.508023555572004376e-02 3.401385333357880114e+01
5.400000000000000000e+01 -1.237584343183972119e-02 8.692079197891260378e+01
5.400000000000000000e+01 -3.449710630588000426e-01 4.604765267963250253e+00
5.400000000000000000e+01 -6.356548824791963259e-02 2.682622626727201975e+01
5.500000000000000000e+01 -3.289293520668765906e-03 6.335600813673219278e+01
5.500000000000000000e+01 -1.543903081615095180e-02 3.357982964862279118e+01
5.500000000000000000e+01 -1.262502996784788979e-02 8.679702997945067011e+01
5.500000000000000000e+01 -3.553453313150380932e-01 4.624956598738070745e+00
5.500000000000000000e+01 -6.433420538393684607e-02 2.647810995904054465e+01
5.600000000000000000e+01 -3.605169839530675963e-03 6.203075563061536712e+01
5.600000000000000000e+01 -1.611332570755879406e-02 3.314111522624956763e+01
5.600000000000000000e+01 -1.287115664856938388e-02 8.666298057613254002e+01
5.600000000000000000e+01 -6.461450837448487472e-02 2.608283436908883246e+01
5.600000000000000000e+01 -3.656205222453128845e-01 4.650455402802143645e+00
5.700000000000000000e+01 -3.963574954591201314e-03 6.079785461196724583e+01
5.700000000000000000e+01 -1.715844900231794715e-02 3.271479195795329531e+01
5.700000000000000000e+01 -1.311251474968209811e-02 8.652076856612903555e+01
5.700000000000000000e+01 -6.435525501337117926e-02 2.564204857568262952e+01
5.700000000000000000e+01 -3.760892525286677057e-01 4.677094634516205218e+00
5.800000000000000000e+01 -4.364774874649611502e-03 5.964233326622198916e+01
5.800000000000000000e+01 -1.862270825662156945e-02 3.230147963138311695e+01
5.800000000000000000e+01 -1.335026522963904221e-02 8.636722275293652729e+01
5.800000000000000000e+01 -6.348196344060270946e-02 2.515118305067537818e+01
5.800000000000000000e+01 -3.865648771830958452e-01 4.707270044001969467e+00
5.900000000000000000e+01 -4.804098097985466664e-03 5.856470122967991188e+01
5.900000000000000000e+01 -2.051010685800866082e-02 3.190635961190744041e+01
5.900000000000000000e+01 -1.358457607186549718e-02 8.620098052216120266e+01
5.900000000000000000e+01 -6.197489068283449504e-02 2.460966350790670276e+01
5.900000000000000000e+01 -3.970119632739639304e-01 4.741298285538185553e+00
6.000000000000000000e+01 -5.278935284406132550e-03 5.755572100210922315e+01
6.000000000000000000e+01 -2.280095204459327979e-02 3.152994033926851358e+01
6.000000000000000000e+01 -1.381554808903796838e-02 8.601891347906372687e+01
6.000000000000000000e+01 -5.981617292175925998e-02 2.401602392864019464e+01
6.000000000000000000e+01 -4.072023745274221951e-01 4.781605973823616296e+00
6.100000000000000000e+01 -5.774509395519294118e-03 5.662936343730669364e+01
6.100000000000000000e+01 -2.538147643245818041e-02 3.118086369558115223e+01
6.100000000000000000e+01 -1.404230046637813291e-02 8.582298435193240493e+01
6.100000000000000000e+01 -5.712835786727839954e-02 2.338024788484020178e+01
6.100000000000000000e+01 -4.174002799113756823e-01 4.824840598296443517e+00
6.200000000000000000e+01 -6.285714836018044260e-03 5.577410265205097772e+01
6.200000000000000000e+01 -2.816817407000777110e-02 3.085630462931314355e+01
6.200000000000000000e+01 -1.426498623109735166e-02 8.561055975826226927e+01
6.200000000000000000e+01 -5.395629424167171229e-02 2.270603952647782364e+01
6.200000000000000000e+01 -4.274039042765800933e-01 4.873144980903933110e+00
6.300000000000000000e+01 -6.804154134568384839e-03 5.498565768674548337e+01
6.300000000000000000e+01 -3.106067144840341659e-02 3.055482576451268528e+01
6.300000000000000000e+01 -5.037863653947165926e-02 2.200158281754935174e+01
6.300000000000000000e+01 -1.448355192761483813e-02 8.538062035231934033e+01
6.300000000000000000e+01 -4.371684655294451050e-01 4.926875705069596378e+00
6.400000000000000000e+01 -7.321896435023283502e-03 5.425919971344505655e+01
6.400000000000000000e+01 -4.646033335561947086e-02 2.127629194566839033e+01
6.400000000000000000e+01 -3.397227852409982068e-02 3.027369107414656568e+01
6.400000000000000000e+01 -1.469790499294565574e-02 8.513232779833327868e+01
6.400000000000000000e+01 -4.466519818494343874e-01 4.986338458111572614e+00
6.500000000000000000e+01 -7.831893674419590848e-03 5.358955379280538267e+01
6.500000000000000000e+01 -4.223752311132730752e-02 2.053968410044793558e+01
6.500000000000000000e+01 -3.683611683561124200e-02 3.000970509121880170e+01
6.500000000000000000e+01 -1.490786604383421456e-02 8.486498200370638756e+01
6.500000000000000000e+01 -4.557842709866283815e-01 5.051952978565840802e+00
6.600000000000000000e+01 -8.330632732270316573e-03 5.296886537252951399e+01
6.600000000000000000e+01 -3.770391243367594847e-02 1.979809644161773718e+01
6.600000000000000000e+01 -3.962329861367749895e-02 2.975836115731295450e+01
6.600000000000000000e+01 -1.511389473407968344e-02 8.457653095551273736e+01
6.600000000000000000e+01 -4.643889015811256127e-01 5.125693647129308417e+00
6.700000000000000000e+01 -8.808592067215775118e-03 5.239729217604523370e+01
6.700000000000000000e+01 -3.291843086721865652e-02 1.906457083680861686e+01
6.700000000000000000e+01 -4.227816318916598204e-02 2.951925900472944164e+01
6.700000000000000000e+01 -1.531536448379851485e-02 8.426991537185993764e+01
6.700000000000000000e+01 -4.727525198388767280e-01 5.204438957233585406e+00
6.800000000000000000e+01 -9.264651960601374969e-03 5.186693997949816293e+01
6.800000000000000000e+01 -2.784090676684448928e-02 1.834381255426637125e+01
6.800000000000000000e+01 -1.551237925710374603e-02 8.394369669888752128e+01
6.800000000000000000e+01 -4.480043367352743583e-02 2.928820560809390372e+01
6.800000000000000000e+01 -4.806904182824116578e-01 5.290050044749970759e+00
6.900000000000000000e+01 -2.245471431299274345e-02 1.764151965297651614e+01
6.900000000000000000e+01 -9.696606614334843388e-03 5.137297025494176950e+01
6.900000000000000000e+01 -1.570558653648192540e-02 8.359831815915603670e+01
6.900000000000000000e+01 -4.718635464291990461e-02 2.906289199751607555e+01
6.900000000000000000e+01 -4.882223735211497218e-01 5.382591909030447042e+00
7.000000000000000000e+01 -1.673664433269570970e-02 1.696215749629785208e+01
7.000000000000000000e+01 -1.010312913520722278e-02 5.091081595763375134e+01
7.000000000000000000e+01 -1.589506074238290767e-02 8.323444916626286272e+01
7.000000000000000000e+01 -4.943819926705245171e-02 2.884142544724134538e+01
7.000000000000000000e+01 -4.953912811389550308e-01 5.482046207530652637e+00
7.100000000000000000e+01 -1.065854439335073983e-02 1.630950307824848267e+01
7.100000000000000000e+01 -1.048371389144964194e-02 5.047637188498696048e+01
7.100000000000000000e+01 -1.608117046931008959e-02 8.285307009078124452e+01
7.100000000000000000e+01 -5.155661305717347542e-02 2.862204986306781507e+01
7.100000000000000000e+01 -5.021941864281505019e-01 5.588458561013047721e+00
7.200000000000000000e+01 -4.191027012338526848e-03 1.568597576533142757e+01
7.200000000000000000e+01 -1.083848922878061401e-02 5.006578204814252331e+01
7.200000000000000000e+01 -1.626443807900499958e-02 8.245544138112997246e+01
7.200000000000000000e+01 -5.354808659802692827e-02 2.840355864580891065e+01
7.200000000000000000e+01 -5.087075787151433826e-01 5.701622326931463647e+00
7.300000000000000000e+01 2.698372348597254892e-03 1.509328832772425599e+01
7.300000000000000000e+01 -1.116804084772444160e-02 4.967558414679326262e+01
7.300000000000000000e+01 -1.644542628145304053e-02 8.204300657773306682e+01
7.300000000000000000e+01 -5.541815586878105077e-02 2.818493542267062679e+01
7.300000000000000000e+01 -5.150028097914525205e-01 5.821281246999226333e+00
7.400000000000000000e+01 1.004475087922426443e-02 1.453240703573251658e+01
7.400000000000000000e+01 -1.147341610832623184e-02 4.930258687607557988e+01
7.400000000000000000e+01 -1.662485953032242364e-02 8.161751264299594766e+01
7.400000000000000000e+01 -5.717388288016500564e-02 2.796548777451755541e+01
7.400000000000000000e+01 -5.211908971100982502e-01 5.946975968955075409e+00
7.500000000000000000e+01 1.787769683712166560e-02 1.400414937301151141e+01
7.500000000000000000e+01 -1.175577747087196839e-02 4.894413219348022892e+01
7.500000000000000000e+01 -1.680319242289389850e-02 8.118066940926067332e+01
7.500000000000000000e+01 -5.881655362559282119e-02 2.774443758858906506e+01
7.500000000000000000e+01 -5.273108522888345640e-01 6.078290388917396925e+00
7.600000000000000000e+01 2.621923965705092938e-02 1.350887100282196585e+01
7.600000000000000000e+01 -1.201591635663444915e-02 4.859782386375960783e+01
7.600000000000000000e+01 -1.698081547410004721e-02 8.073524777656098195e+01
7.600000000000000000e+01 -6.034928388869134630e-02 2.752171361166882591e+01
7.600000000000000000e+01 -5.335643386703152746e-01 6.213476659791820289e+00
7.700000000000000000e+01 3.510421538932901458e-02 1.304586869587871512e+01
7.700000000000000000e+01 -1.225642803050884522e-02 4.826105864446239480e+01
7.700000000000000000e+01 -1.715926783559094601e-02 8.028131915157044318e+01
7.700000000000000000e+01 -6.178233670533273686e-02 2.729640594177230284e+01
7.700000000000000000e+01 -5.398522816725209728e-01 6.353877212471662261e+00
7.800000000000000000e+01 4.452256152150304430e-02 1.261538239230127800e+01
7.800000000000000000e+01 -1.247793770162348818e-02 4.793215608162856256e+01
7.800000000000000000e+01 -1.733880051649784940e-02 7.982186989267984245e+01
7.800000000000000000e+01 -6.311473028062764001e-02 2.706868998564823414e+01
7.800000000000000000e+01 -5.463500013004114475e-01 6.497234946480702433e+00
7.900000000000000000e+01 5.445357336065650283e-02 1.221694980423992227e+01
7.900000000000000000e+01 -1.268181024760875637e-02 4.760924288538956972e+01
7.900000000000000000e+01 -1.752031150492690606e-02 7.935890817550098575e+01
7.900000000000000000e+01 -6.435087197011127302e-02 2.683857750659558050e+01
7.900000000000000000e+01 -5.531363841769326717e-01 6.642283282448294912e+00
8.000000000000000000e+01 6.483082356640003374e-02 1.185020708395226663e+01
8.000000000000000000e+01 -1.286889012220389546e-02 4.729107864201505151e+01
8.000000000000000000e+01 -1.770386565924969222e-02 7.889391887336732623e+01
8.000000000000000000e+01 -6.548733632847181241e-02 2.660577186506496261e+01
8.000000000000000000e+01 -5.601643975046323165e-01 6.787920667950149145e+00
8.100000000000000000e+01 7.556771533474081204e-02 1.151408919431206712e+01
8.100000000000000000e+01 -1.303995652738906483e-02 4.697607109824023297e+01
8.100000000000000000e+01 -1.788979245988581504e-02 7.842911928645919772e+01
8.100000000000000000e+01 -6.652552615287182780e-02 2.637046379317489198e+01
8.100000000000000000e+01 -5.675079783231411490e-01 6.932050285482548979e+00
8.200000000000000000e+01 8.654009359633299536e-02 1.120782165691376520e+01
8.200000000000000000e+01 -1.319645347031962908e-02 4.666331154015983174e+01
8.200000000000000000e+01 -1.807967126787028353e-02 7.796500484512606022e+01
8.200000000000000000e+01 -6.746911094486487959e-02 2.613255488994964537e+01
8.200000000000000000e+01 -5.749774827385580878e-01 7.075328734619243498e+00
8.300000000000000000e+01 9.760389399564933788e-02 1.092977573937312918e+01
8.300000000000000000e+01 -1.333845637436113785e-02 4.635165506354090326e+01
8.300000000000000000e+01 -1.827325808084085887e-02 7.750363273231577921e+01
8.300000000000000000e+01 -6.831481283587120812e-02 2.589224996366928977e+01
8.300000000000000000e+01 -5.825931580903747076e-01 7.215712774277147190e+00
8.400000000000000000e+01 1.086154696444946027e-01 1.067807154058203167e+01
8.400000000000000000e+01 -1.346648559890998263e-02 4.603996628679707470e+01
8.400000000000000000e+01 -1.847136740541460362e-02 7.704648862660657471e+01
8.400000000000000000e+01 -6.906384703275822434e-02 2.564978959485988952e+01
8.400000000000000000e+01 -5.903117304876922544e-01 7.352465915627838910e+00
8.500000000000000000e+01 1.194264263979659263e-01 1.045045533980018071e+01
8.500000000000000000e+01 -1.358016993556360012e-02 4.572757023539067234e+01
8.500000000000000000e+01 -1.867296630126336413e-02 7.659392773249832942e+01
8.500000000000000000e+01 -6.970762666025072385e-02 2.540483470222948625e+01
8.500000000000000000e+01 -5.980164128535134793e-01 7.485076155924479835e+00
8.600000000000000000e+01 1.299000093879805195e-01 1.024544109587026597e+01
8.600000000000000000e+01 -1.367958742982611393e-02 4.541427108037971294e+01
8.600000000000000000e+01 -1.887971577627250291e-02 7.614729913041871612e+01
8.600000000000000000e+01 -7.024784818547892551e-02 2.515801154368343262e+01
8.600000000000000000e+01 -6.055908598482255822e-01 7.614561730866098443e+00
8.700000000000000000e+01 1.399484091145409559e-01 1.006028000910097475e+01
8.700000000000000000e+01 -1.376398019673277968e-02 4.509901121419995462e+01
8.700000000000000000e+01 -1.909099881533813520e-02 7.570742494071672013e+01
8.700000000000000000e+01 -7.067855425530218672e-02 2.490927333924324927e+01
8.700000000000000000e+01 -6.130579374235777257e-01 7.740218984859069451e+00
8.800000000000000000e+01 1.495108959305141982e-01 9.892106384676155884e+00
8.800000000000000000e+01 -1.383316392790907498e-02 4.478036352004588849e+01
8.800000000000000000e+01 -1.930658212120436520e-02 7.527344634055486949e+01
8.800000000000000000e+01 -7.099371624332792563e-02 2.465799423061299578e+01
8.800000000000000000e+01 -6.203918699909440893e-01 7.862200892504316307e+00
8.900000000000000000e+01 1.585009134911867790e-01 9.740935779329271682e+00
8.900000000000000000e+01 -1.388436085814959316e-02 4.446036269530518581e+01
8.900000000000000000e+01 -1.952728394764687014e-02 7.485021158953610154e+01
8.900000000000000000e+01 -7.119108860047280996e-02 2.440653887831917146e+01
8.900000000000000000e+01 -6.275746632231004041e-01 7.981574212535242907e+00
9.000000000000000000e+01 1.669401750178806931e-01 9.602572051169726564e+00
9.000000000000000000e+01 -1.391775113491584490e-02 4.413570573269364417e+01
9.000000000000000000e+01 -1.975161706747903881e-02 7.443388881968192550e+01
9.000000000000000000e+01 -7.125881465358507860e-02 2.415268190300984585e+01
9.000000000000000000e+01 -6.346657431815083683e-01 8.097647442527728501e+00
