1.000000000000000000e+01 4.616444224126618595e-06 5.402808999999999529e-01 5.242639768014038327e-04
1.100000000000000000e+01 5.609446474396202891e-06 5.402808000000000055e-01 6.362245744485087390e-04
1.200000000000000000e+01 6.706620578585646397e-06 5.402805999999999997e-01 7.596035978148959729e-04
1.300000000000000000e+01 7.910671790991163091e-06 5.402803999999999940e-01 8.946097312391280455e-04
1.400000000000000000e+01 9.224634928488422298e-06 5.402801000000000409e-01 1.041477157154716828e-03
1.500000000000000000e+01 1.065183949289523497e-05 5.402797000000000294e-01 1.200460756211721479e-03
1.600000000000000000e+01 1.219596078530381223e-05 5.402791999999999595e-01 1.371840807009645780e-03
1.700000000000000000e+01 1.386095253489639201e-05 5.402786000000000532e-01 1.555914286354099325e-03
1.800000000000000000e+01 1.565118488790022671e-05 5.402780000000000360e-01 1.753009168597103760e-03
1.900000000000000000e+01 1.757138669484287595e-05 5.402770999999999546e-01 1.963476425836119428e-03
2.000000000000000000e+01 1.962670284270804627e-05 5.402761999999999842e-01 2.187695027604105551e-03
2.100000000000000000e+01 2.182271988082758887e-05 5.402749999999999497e-01 2.426072940683966957e-03
2.200000000000000000e+01 2.416545464071146438e-05 5.402736000000000205e-01 2.679044129093629233e-03
2.300000000000000000e+01 2.666142949438876511e-05 5.402719999999999745e-01 2.947074553657741663e-03
2.400000000000000000e+01 2.931771763328694640e-05 5.402702000000000337e-01 3.230665171726769275e-03
2.500000000000000000e+01 3.214195091419749117e-05 5.402679999999999705e-01 3.530349937032365229e-03
2.600000000000000000e+01 3.514237173790381579e-05 5.402656000000000125e-01 3.846698799348867003e-03
2.700000000000000000e+01 3.832787970114042472e-05 5.402628000000000430e-01 4.180319704162329189e-03
2.800000000000000000e+01 4.170810190138697431e-05 5.402595000000000036e-01 4.531862592209294840e-03
2.900000000000000000e+01 4.529340648261690882e-05 5.402557999999999527e-01 4.902017399282430736e-03
3.000000000000000000e+01 4.909501071925631013e-05 5.402516000000000540e-01 5.291521055553833654e-03
3.100000000000000000e+01 5.312503174112018662e-05 5.402468999999999744e-01 5.701158485170446794e-03
3.200000000000000000e+01 5.739657043768867307e-05 5.402415000000000411e-01 6.131766605674150890e-03
3.300000000000000000e+01 6.192377718247216959e-05 5.402354000000000323e-01 6.584235327466268425e-03
3.400000000000000000e+01 6.672197018971124359e-05 5.402285999999999477e-01 7.059513553003157055e-03
3.500000000000000000e+01 7.180770523858939520e-05 5.402209000000000039e-01 7.558610176225812050e-03
3.600000000000000000e+01 7.719893648205213108e-05 5.402122000000000313e-01 8.082602081461135943e-03
3.700000000000000000e+01 8.291506399126091363e-05 5.402025000000000299e-01 8.632632142930867988e-03
3.800000000000000000e+01 8.897715074287628292e-05 5.401915999999999940e-01 9.209920223276825760e-03
3.900000000000000000e+01 9.540803506851165791e-05 5.401793999999999762e-01 9.815765172655732326e-03
4.000000000000000000e+01 1.022325456420925639e-04 5.401658000000000293e-01 1.045155582728190917e-02
4.100000000000000000e+01 1.094775350292979201e-04 5.401506000000000363e-01 1.111875800863948091e-02
4.200000000000000000e+01 1.171722966583194737e-04 5.401335999999999915e-01 1.181894752110010730e-02
4.300000000000000000e+01 1.253486331873739318e-04 5.401146000000000003e-01 1.255379415071710032e-02
4.400000000000000000e+01 1.340413216542311902e-04 5.400935000000000041e-01 1.332509766253694300e-02
4.500000000000000000e+01 1.432879844064175454e-04 5.400700000000000500e-01 1.413474780020253056e-02
4.600000000000000000e+01 1.531298054173289445e-04 5.400437999999999628e-01 1.498477428160589417e-02
4.700000000000000000e+01 1.636118275435900532e-04 5.400146999999999586e-01 1.587735679667486022e-02
4.800000000000000000e+01 1.747831279810170839e-04 5.399821999999999678e-01 1.681480500508030634e-02
4.900000000000000000e+01 1.931364545660836966e-04 5.399258000000000113e-01 1.833010254201142275e-02
5.000000000000000000e+01 2.068370786004731067e-04 5.398815999999999615e-01 1.943613509736007161e-02
5.100000000000000000e+01 2.215472111454384798e-04 5.398321000000000369e-01 2.060357118125508147e-02
5.200000000000000000e+01 2.373580543932769782e-04 5.397766999999999982e-01 2.183638014895817117e-02
5.300000000000000000e+01 2.543706382224004037e-04 5.397146000000000443e-01 2.313883128138966017e-02
5.400000000000000000e+01 2.783552177433548007e-04 5.396227999999999581e-01 2.493898052327222364e-02
5.500000000000000000e+01 2.994587482810532816e-04 5.395385999999999793e-01 2.648446520988508024e-02
5.600000000000000000e+01 3.221245972126743546e-04 5.394444999999999935e-01 2.810924928234863687e-02
5.700000000000000000e+01 3.467662982004008211e-04 5.393381999999999898e-01 2.983724004226350618e-02
5.800000000000000000e+01 3.787756543247937065e-04 5.391941999999999569e-01 3.202933417970880992e-02
5.900000000000000000e+01 4.091628544610090247e-04 5.390521000000000340e-01 3.405425610755043186e-02
6.000000000000000000e+01 4.424997660981130681e-04 5.388903999999999916e-01 3.622013766194057821e-02
6.100000000000000000e+01 4.842290413926564211e-04 5.386798000000000419e-01 3.885843396817754980e-02
6.200000000000000000e+01 5.258774973630581887e-04 5.384617000000000431e-01 4.141285778607986523e-02
6.300000000000000000e+01 5.720432494823952984e-04 5.382112000000000007e-01 4.416261962151013520e-02
6.400000000000000000e+01 6.286566576308586299e-04 5.378924000000000483e-01 4.743036000813524722e-02
6.500000000000000000e+01 6.872774868212472949e-04 5.375503000000000364e-01 5.069981294213794093e-02
6.600000000000000000e+01 7.582630297166630638e-04 5.371209000000000122e-01 5.452372908728766315e-02
6.700000000000000000e+01 8.337427767952267218e-04 5.366482000000000196e-01 5.843999953017371685e-02
6.800000000000000000e+01 9.245077416939042952e-04 5.360595999999999695e-01 6.297165001785033633e-02
6.900000000000000000e+01 1.027714719451230246e-03 5.353664999999999674e-01 6.791338754471795691e-02
7.000000000000000000e+01 1.141988273159970802e-03 5.345729000000000175e-01 7.315343985763063384e-02
7.100000000000000000e+01 1.278511212584610476e-03 5.335923999999999667e-01 7.913815636501982109e-02
7.200000000000000000e+01 1.436397017017453483e-03 5.324197999999999986e-01 8.573263966666025415e-02
7.300000000000000000e+01 1.619883796040164688e-03 5.310110000000000108e-01 9.301754584967486528e-02
7.400000000000000000e+01 1.833669210137935492e-03 5.293147000000000268e-01 1.010662467135360065e-01
7.500000000000000000e+01 2.083362500472193263e-03 5.272679999999999589e-01 1.099590063652128025e-01
7.600000000000000000e+01 2.374882813006171968e-03 5.248000000000000442e-01 1.197575355008220765e-01
7.700000000000000000e+01 2.714581831652632810e-03 5.218302999999999692e-01 1.305103805406676587e-01
7.800000000000000000e+01 3.108378326580059619e-03 5.182761999999999647e-01 1.422284902512870042e-01
7.900000000000000000e+01 3.561358897619790274e-03 5.140561999999999632e-01 1.548829191421305929e-01
8.000000000000000000e+01 4.076668787062848361e-03 5.091020000000000545e-01 1.683877364941513965e-01
8.100000000000000000e+01 4.652424183830682937e-03 5.033914999999999917e-01 1.825433511466738601e-01
8.200000000000000000e+01 5.289648179356026651e-03 4.968727000000000005e-01 1.972522504586717018e-01
8.300000000000000000e+01 5.983867588918146373e-03 4.895494000000000234e-01 2.123136658208967520e-01
8.400000000000000000e+01 6.728249048990204637e-03 4.814541999999999988e-01 2.275168488402853073e-01
8.500000000000000000e+01 7.514546335692185407e-03 4.726420000000000066e-01 2.426635639295990909e-01
8.600000000000000000e+01 8.332162099283396337e-03 4.632037999999999989e-01 2.575486957568234869e-01
8.700000000000000000e+01 9.175045170587193405e-03 4.531858000000000275e-01 2.720814936721943633e-01
8.800000000000000000e+01 1.003769845922735000e-02 4.426328999999999958e-01 2.861939030549547347e-01
8.900000000000000000e+01 1.090941930333665620e-02 4.316646000000000094e-01 2.997431118644183212e-01
9.000000000000000000e+01 1.178658017414936643e-02 4.203183999999999809e-01 3.127147512092203208e-01
