1.000000000000000000e+01 -1.047511653835168252e-05 1.073569824714043079e+02
1.000000000000000000e+01 -3.729387820303136421e-03 4.109456338045536938e+01
1.000000000000000000e+01 -4.224713479244969483e-02 4.503569366718699563e+00
1.000000000000000000e+01 -6.586370377744987445e-03 2.990834052605924853e+01
1.000000000000000000e+01 -3.805644911669672000e-03 8.618219862349140215e+01
1.000000000000000000e+01 -5.577866305768832689e-01 7.684386626164116940e+00
1.000000000000000000e+01 -1.000000000000000000e+00 4.542823832610796586e+00
1.000000000000000000e+01 -8.796324447242346301e-01 6.281414419468737798e+00
1.000000000000000000e+01 -1.000000000000000000e+00 6.622262628511361271e+00
1.000000000000000000e+01 -1.000000000000000000e+00 6.642869177369660427e+00
1.000000000000000000e+01 -8.504401738372229236e-01 8.024228758601818612e+00
1.100000000000000000e+01 -9.621895842405167303e-06 1.076311353423225228e+02
1.100000000000000000e+01 -4.079932232774753989e-03 4.108736906926485943e+01
1.100000000000000000e+01 -4.695896250413215262e-02 4.503910016256668314e+00
1.100000000000000000e+01 -7.259879195877939201e-03 2.991101773820786391e+01
1.100000000000000000e+01 -3.810538900866928397e-03 8.632293256197789333e+01
1.100000000000000000e+01 -5.586644117569262713e-01 8.414057259401838351e+00
1.100000000000000000e+01 -1.000000000000000000e+00 4.990331014583449409e+00
1.100000000000000000e+01 -8.786456467138981097e-01 6.938029851802320458e+00
1.100000000000000000e+01 -9.999777774046422207e-01 7.343738371119155950e+00
1.100000000000000000e+01 -9.999777774046422207e-01 7.343738371119379771e+00
1.100000000000000000e+01 -8.528165834207565021e-01 8.824364746633673207e+00
1.200000000000000000e+01 -8.924845927709048663e-06 1.078409928541624652e+02
1.200000000000000000e+01 -4.438681497712331295e-03 4.107417931455700000e+01
1.200000000000000000e+01 -5.172110449003900629e-02 4.504051518838315005e+00
1.200000000000000000e+01 -7.969582083836669606e-03 2.991136804875363353e+01
1.200000000000000000e+01 -3.849555255525279919e-03 8.643099543604778034e+01
1.200000000000000000e+01 -5.594661706223530429e-01 9.131008739139607755e+00
1.200000000000000000e+01 -1.000000000000000000e+00 5.436612502692351967e+00
1.200000000000000000e+01 -8.778367237452229244e-01 7.596969548388763371e+00
1.300000000000000000e+01 -8.359514121590302393e-06 1.080049070410336327e+02
1.300000000000000000e+01 -4.804835451194268935e-03 4.105606136044073651e+01
1.300000000000000000e+01 -5.653543051404481129e-02 4.504000363321728706e+00
1.300000000000000000e+01 -8.712913328814634456e-03 2.990974532834978916e+01
1.300000000000000000e+01 -3.915526417066274648e-03 8.651580132182139948e+01
1.300000000000000000e+01 -5.603559614917996701e-01 9.836031384029167768e+00
1.300000000000000000e+01 -1.000000000000000000e+00 5.881691979867679443e+00
1.300000000000000000e+01 -8.771761654384303553e-01 8.257093394539078091e+00
1.400000000000000000e+01 -7.910123730271182023e-06 1.081350967238171563e+02
1.400000000000000000e+01 -5.177763688566715955e-03 4.103370487384557208e+01
1.400000000000000000e+01 -6.140341480516353645e-02 4.503760471322962644e+00
1.400000000000000000e+01 -9.487985593568627404e-03 2.990636252719036037e+01
1.400000000000000000e+01 -4.003236111628127175e-03 8.658360165251144736e+01
1.400000000000000000e+01 -5.625292413788777202e-01 1.052441693366681541e+01
1.400000000000000000e+01 -1.000000000000000000e+00 6.325701558620125731e+00
1.400000000000000000e+01 -8.769229795217811096e-01 8.902092125531092748e+00
1.500000000000000000e+01 -7.567461310844194979e-06 1.082399343043903315e+02
1.500000000000000000e+01 -5.556873854033129306e-03 4.100757455810028773e+01
1.500000000000000000e+01 -6.632660900609183008e-02 4.503335955308635619e+00
1.500000000000000000e+01 -1.029341068707681321e-02 2.990134621063945630e+01
1.500000000000000000e+01 -4.108757773644894883e-03 8.663866052521446193e+01
1.500000000000000000e+01 -5.637759298067785974e-01 1.121752219039015408e+01
1.500000000000000000e+01 -1.000000000000000000e+00 6.768342519378786726e+00
1.600000000000000000e+01 -7.327523087732222012e-06 1.083252982751333633e+02
1.600000000000000000e+01 -5.941614104304620940e-03 4.097798586757028971e+01
1.600000000000000000e+01 -7.130696826028244673e-02 4.502730280995482559e+00
1.600000000000000000e+01 -1.112805806366468780e-02 2.989476496343857903e+01
1.600000000000000000e+01 -4.229135064632832258e-03 8.668398479076057583e+01
1.600000000000000000e+01 -5.652356363053260280e-01 1.191389672836479718e+01
1.600000000000000000e+01 -1.000000000000000000e+00 7.209634981944430088e+00
1.700000000000000000e+01 -7.190661521136479984e-06 1.083954023958695103e+02
1.700000000000000000e+01 -6.331406693730735544e-03 4.094516204868413922e+01
1.700000000000000000e+01 -7.634693268897019269e-02 4.501947261376280096e+00
1.700000000000000000e+01 -1.199103799101615929e-02 2.988665218340452867e+01
1.700000000000000000e+01 -4.362083752757420739e-03 8.672173188031459290e+01
1.700000000000000000e+01 -5.668906667249125064e-01 1.261608034612382667e+01
1.700000000000000000e+01 -1.000000000000000000e+00 7.649511306523721466e+00
1.800000000000000000e+01 -7.161067421922139585e-06 1.084533198349483598e+02
1.800000000000000000e+01 -6.725662192290616029e-03 4.090926379221674125e+01
1.800000000000000000e+01 -8.144943784935242126e-02 4.500992244149431443e+00
1.800000000000000000e+01 -1.288164391176471746e-02 2.987701804395216598e+01
1.800000000000000000e+01 -4.505813805247775583e-03 8.675348379103547813e+01
1.800000000000000000e+01 -5.687202307386259870e-01 1.332669230462561849e+01
1.900000000000000000e+01 -7.246492267843915017e-06 1.085013236645471721e+02
1.900000000000000000e+01 -7.123780400182553457e-03 4.087040902211446536e+01
1.900000000000000000e+01 -8.661791816275868361e-02 4.499870091915648906e+00
1.900000000000000000e+01 -4.658903819217974536e-03 8.678042117481136586e+01
1.900000000000000000e+01 -1.379933189254506712e-02 2.986585696938116286e+01
2.000000000000000000e+01 -7.458113733370020791e-06 1.085411137349886559e+02
2.000000000000000000e+01 -7.525149676764755421e-03 4.082868585853449872e+01
2.000000000000000000e+01 -9.185629466753932049e-02 4.498584132320094575e+00
2.000000000000000000e+01 -4.820210261782751845e-03 8.680343878792858447e+01
2.000000000000000000e+01 -1.474370622863056118e-02 2.985315205877169120e+01
2.100000000000000000e+01 -7.810579294892596415e-06 1.085739704363499527e+02
2.100000000000000000e+01 -7.929146997562778673e-03 4.078416157375768591e+01
2.100000000000000000e+01 -4.988802738080069799e-03 8.682322418677799192e+01
2.100000000000000000e+01 -9.716889986935152435e-02 4.497138592393369549e+00
2.100000000000000000e+01 -1.571451065120990295e-02 2.983887825678723615e+01
2.200000000000000000e+01 -8.322105367564849851e-06 1.086008615919782443e+02
2.200000000000000000e+01 -8.335136941825539367e-03 4.073688862254639531e+01
2.200000000000000000e+01 -5.163915021087187376e-03 8.684031211318229282e+01
2.200000000000000000e+01 -1.025604777966550168e-01 4.495536763078137987e+00
2.200000000000000000e+01 -1.671162379745267865e-02 2.982300368553008596e+01
2.300000000000000000e+01 -9.014680383378749034e-06 1.086225175505590670e+02
2.300000000000000000e+01 -8.742469603371385081e-03 4.068690900752805817e+01
2.300000000000000000e+01 -5.344909617993142022e-03 8.685512291293449039e+01
2.300000000000000000e+01 -1.080361752258650193e-01 4.493780604608964779e+00
2.300000000000000000e+01 -1.773505645660413896e-02 2.980549055327949404e+01
2.400000000000000000e+01 -9.914301288031172193e-06 1.086394847763905886e+02
2.400000000000000000e+01 -9.150497321174842422e-03 4.063425634549901133e+01
2.400000000000000000e+01 -5.531263490644056438e-03 8.686798941249980999e+01
2.400000000000000000e+01 -1.136015511562359775e-01 4.491870801061597973e+00
2.400000000000000000e+01 -1.878492549438195991e-02 2.978629466318302121e+01
2.500000000000000000e+01 -1.105146219759891071e-05 1.086521644673316160e+02
2.500000000000000000e+01 -9.558488370187677788e-03 4.057896204658342754e+01
2.500000000000000000e+01 -5.722490829008317070e-03 8.687918036001278210e+01
2.500000000000000000e+01 -1.192624140303455010e-01 4.489810650508308854e+00
2.500000000000000000e+01 -1.986155027075433774e-02 2.976537025825093252e+01
2.600000000000000000e+01 -1.246135761058083166e-05 1.086608411396408229e+02
2.600000000000000000e+01 -9.965759106991206942e-03 4.052105202997560696e+01
2.600000000000000000e+01 -5.918219498240463380e-03 8.688891033662335417e+01
2.600000000000000000e+01 -1.250250653694696679e-01 4.487599955002849583e+00
2.600000000000000000e+01 -2.096534638149241334e-02 2.974266237897114351e+01
2.700000000000000000e+01 -1.418449232403737617e-05 1.086657027170752627e+02
2.700000000000000000e+01 -1.037158510136346884e-02 4.046055129596270206e+01
2.700000000000000000e+01 -6.118112368659244828e-03 8.689735403663078728e+01
2.700000000000000000e+01 -1.308961908896451587e-01 4.485237874938099445e+00
2.700000000000000000e+01 -2.209688181878046581e-02 2.971811143329302496e+01
2.800000000000000000e+01 -1.626703323739688961e-05 1.086668560374900068e+02
2.800000000000000000e+01 -1.077520684935638455e-02 4.039748341303793921e+01
2.800000000000000000e+01 -6.321875690969784231e-03 8.690465317337252316e+01
2.800000000000000000e+01 -1.368830526276616222e-01 4.482718662887350547e+00
2.800000000000000000e+01 -2.325684828340335644e-02 2.969165172355911864e+01
2.900000000000000000e+01 -1.876198161170651569e-05 1.086643378236376947e+02
2.900000000000000000e+01 -1.117589241351026400e-02 4.033187448447795020e+01
2.900000000000000000e+01 -6.529252332203321421e-03 8.691092624287936985e+01
2.900000000000000000e+01 -1.429929423617699036e-01 4.480047196496462547e+00
2.900000000000000000e+01 -2.444615873539879650e-02 2.966320836395176386e+01
3.000000000000000000e+01 -2.172906539975539287e-05 1.086581225878772585e+02
3.000000000000000000e+01 -1.157286773315423581e-02 4.026374869162879833e+01
3.000000000000000000e+01 -6.740014896508709184e-03 8.691626790467745423e+01
3.000000000000000000e+01 -1.492338773420646136e-01 4.477221068494228184e+00
3.000000000000000000e+01 -2.566573782332825029e-02 2.963269953794377898e+01
3.100000000000000000e+01 -2.523570141961109173e-05 1.086481286628857390e+02
3.100000000000000000e+01 -1.196533978416542895e-02 4.019313167780819640e+01
3.100000000000000000e+01 -6.953961171758935890e-03 8.692075550241702331e+01
3.100000000000000000e+01 -1.556152601172973438e-01 4.474213798684514742e+00
3.100000000000000000e+01 -2.691667450697887709e-02 2.960003099669377846e+01
3.200000000000000000e+01 -2.935875094050805834e-05 1.086342215212322628e+02
3.200000000000000000e+01 -1.235258062483302575e-02 4.012005189478439604e+01
3.200000000000000000e+01 -7.170918644013877033e-03 8.692445598430532527e+01
3.200000000000000000e+01 -1.621446648098316956e-01 4.471062009248244706e+00
3.200000000000000000e+01 -2.819997913335276635e-02 2.956510380758761869e+01
3.300000000000000000e+01 -3.418392175478175606e-05 1.086162161455452093e+02
3.300000000000000000e+01 -1.273378803465950379e-02 4.004453692947547694e+01
3.300000000000000000e+01 -7.390722108001727964e-03 8.692741984541079603e+01
3.300000000000000000e+01 -1.688326327489800827e-01 4.467737605793151268e+00
3.300000000000000000e+01 -2.951677805785989789e-02 2.952780323504806859e+01
3.400000000000000000e+01 -3.980771052011073102e-05 1.085938789954867474e+02
3.400000000000000000e+01 -1.310817641539423206e-02 3.996661682976826313e+01
3.400000000000000000e+01 -7.613227348857804812e-03 8.692968971698071812e+01
3.400000000000000000e+01 -1.756895571407536827e-01 4.464234954779397135e+00
3.400000000000000000e+01 -3.086811478099006981e-02 2.948800688939782688e+01
3.500000000000000000e+01 -4.633822367372162997e-05 1.085669270600551357e+02
3.500000000000000000e+01 -1.347494452692373466e-02 3.988632333486352621e+01
3.500000000000000000e+01 -7.838303423230821507e-03 8.693129895214060809e+01
3.500000000000000000e+01 -1.827263797224749631e-01 4.460551524637121901e+00
3.500000000000000000e+01 -3.225497271367556984e-02 2.944558312425005653e+01
3.600000000000000000e+01 -5.389625959683828194e-05 1.085350279439470569e+02
3.600000000000000000e+01 -1.383327338522177298e-02 3.980369000074007602e+01
3.600000000000000000e+01 -8.065829654302535817e-03 8.693227349022561157e+01
3.600000000000000000e+01 -1.899548985865437689e-01 4.456682090149000963e+00
3.600000000000000000e+01 -3.367826375093897068e-02 2.940039052518456586e+01
3.700000000000000000e+01 -6.261654154591351183e-05 1.084977983327523248e+02
3.700000000000000000e+01 -1.418231109612672070e-02 3.971875220048327293e+01
3.700000000000000000e+01 -8.295695153590791626e-03 8.693263237486695516e+01
3.700000000000000000e+01 -1.973877987306547066e-01 4.452620095446879311e+00
3.700000000000000000e+01 -3.513880554394895744e-02 2.935227895639254569e+01
3.800000000000000000e+01 -7.264890875616892120e-05 1.084548020547941007e+02
3.800000000000000000e+01 -1.452116778752280714e-02 3.963154778316173577e+01
3.800000000000000000e+01 -8.527797453967651820e-03 8.693238847980596518e+01
3.800000000000000000e+01 -2.050387180351912197e-01 4.448358170369366427e+00
3.800000000000000000e+01 -3.663733693167731814e-02 2.930108973444764686e+01
3.900000000000000000e+01 -8.415962021891042828e-05 1.084055475285667711e+02
3.900000000000000000e+01 -1.484890871348354749e-02 3.954211775862063405e+01
3.900000000000000000e+01 -8.762040646912999317e-03 8.693154893531175276e+01
3.900000000000000000e+01 -2.129223310439792571e-01 4.443888341064487157e+00
3.900000000000000000e+01 -3.817452261970964711e-02 2.924665576764402886e+01
4.000000000000000000e+01 -9.733262249288404438e-05 1.083494849391382928e+02
4.000000000000000000e+01 -1.516462502163085958e-02 3.945050295725876310e+01
4.000000000000000000e+01 -8.998328814794783609e-03 8.693011775411839892e+01
4.000000000000000000e+01 -2.210477297631765203e-01 4.439321770421305935e+00
4.000000000000000000e+01 -3.975086874716397822e-02 2.918882221096354357e+01
4.100000000000000000e+01 -1.123709421297045831e-04 1.082860022933400757e+02
4.100000000000000000e+01 -1.546716064155406398e-02 3.935675802534213830e+01
4.100000000000000000e+01 -9.236585108709330014e-03 8.692808704008437815e+01
4.100000000000000000e+01 -2.294444105158020275e-01 4.434422327925978458e+00
4.100000000000000000e+01 -4.136713561519422822e-02 2.912736401289558330e+01
4.200000000000000000e+01 -1.294978887892900873e-04 1.082144219880423037e+02
4.200000000000000000e+01 -1.575549925074899715e-02 3.926093557411191171e+01
4.200000000000000000e+01 -9.476723761246075989e-03 8.692545009594836358e+01
4.200000000000000000e+01 -2.381253950324172808e-01 4.429282139781302696e+00
4.200000000000000000e+01 -4.302373569324309532e-02 2.906210489463157387e+01
4.300000000000000000e+01 -1.489580876693428471e-04 1.081339974443108360e+02
4.300000000000000000e+01 -1.602855760774439184e-02 3.916309653816055203e+01
4.300000000000000000e+01 -9.718667431667488490e-03 8.692219287833590613e+01
4.300000000000000000e+01 -2.471106085057789281e-01 4.423892736072104093e+00
4.300000000000000000e+01 -4.472115704257175611e-02 2.899283902082454034e+01
4.400000000000000000e+01 -1.710188352110355268e-04 1.080439070972842899e+02
4.400000000000000000e+01 -1.628524222336294458e-02 3.906330897739999131e+01
4.400000000000000000e+01 -9.962337234294200289e-03 8.691829568096254377e+01
4.400000000000000000e+01 -2.564218175430713065e-01 4.418242924921474746e+00
4.400000000000000000e+01 -4.645984991883742726e-02 2.891934821189462923e+01
4.500000000000000000e+01 -1.959707776526155429e-04 1.079432508620927393e+02
4.500000000000000000e+01 -1.652448470595319074e-02 3.896164747693234176e+01
4.500000000000000000e+01 -1.020765681085343893e-02 8.691373300736711371e+01
4.500000000000000000e+01 -2.660828196496005660e-01 4.412318941824585394e+00
4.500000000000000000e+01 -4.824021895560125922e-02 2.884140072775286257e+01
4.600000000000000000e+01 -2.241286306492412499e-04 1.078310453110905627e+02
4.600000000000000000e+01 -1.674526241755414438e-02 3.885819466041181158e+01
4.600000000000000000e+01 -1.045454930387703860e-02 8.690847289625079952e+01
4.600000000000000000e+01 -2.761195622188362120e-01 4.406106200349048763e+00
4.600000000000000000e+01 -5.006259521506302435e-02 2.875874999025302614e+01
4.700000000000000000e+01 -2.558313951232744150e-04 1.077062189350777004e+02
4.700000000000000000e+01 -1.694663682474426003e-02 3.875304024439142836e+01
4.700000000000000000e+01 -1.070293671492643026e-02 8.690247641798205791e+01
4.700000000000000000e+01 -2.865604587191750152e-01 4.399588502842239457e+00
4.700000000000000000e+01 -5.192722114723367921e-02 2.867113331627333395e+01
4.800000000000000000e+01 -2.914423891970747884e-04 1.075676075674286238e+02
4.800000000000000000e+01 -1.712778178881136162e-02 3.864628105461245866e+01
4.800000000000000000e+01 -1.095274106473638660e-02 8.689569690276364611e+01
4.800000000000000000e+01 -2.974366698063403702e-01 4.392748122184207737e+00
4.800000000000000000e+01 -5.383421242848488580e-02 2.857827054255925248e+01
4.900000000000000000e+01 -3.313484586136036087e-04 1.074139505358135978e+02
4.900000000000000000e+01 -1.728801875767259355e-02 3.853802051504901272e+01
4.900000000000000000e+01 -1.120387832793072642e-02 8.688807853658991576e+01
4.900000000000000000e+01 -3.087824427458141785e-01 4.385565691197964355e+00
4.900000000000000000e+01 -5.578351341595776114e-02 2.847986273318551653e+01
5.000000000000000000e+01 -3.759591278072212236e-04 1.072438860942318826e+02
5.000000000000000000e+01 -1.742684603815171374e-02 3.842836782412531704e+01
5.000000000000000000e+01 -1.145626335142007138e-02 8.687955582621204087e+01
5.000000000000000000e+01 -3.206354997243412441e-01 4.378020434127161131e+00
5.000000000000000000e+01 -5.777485570460859365e-02 2.837559114296809071e+01
5.100000000000000000e+01 -4.257043198095206106e-04 1.070559504668822655e+02
5.100000000000000000e+01 -1.754396825214315364e-02 3.831743649551918196e+01
5.100000000000000000e+01 -1.170980118787076120e-02 8.687005069192223061e+01
5.100000000000000000e+01 -3.330375886953546583e-01 4.370088133221727844e+00
5.100000000000000000e+01 -5.980769484124758006e-02 2.826511476640370191e+01
5.200000000000000000e+01 -4.810324085100627979e-04 1.068485737962166411e+02
5.200000000000000000e+01 -1.763932127473090417e-02 3.820534371149295083e+01
5.200000000000000000e+01 -1.196439133021744497e-02 8.685947205714516883e+01
5.200000000000000000e+01 -3.460349087368432275e-01 4.361743363475389934e+00
5.200000000000000000e+01 -6.188115899196534181e-02 2.814807091388180638e+01
5.300000000000000000e+01 -5.424069804875596840e-04 1.066200805706557304e+02
5.300000000000000000e+01 -1.771309477480444497e-02 3.809220853985836897e+01
5.300000000000000000e+01 -1.221991900614457713e-02 8.684771217843385216e+01
5.300000000000000000e+01 -3.596787678761531604e-01 4.352957831112481024e+00
5.300000000000000000e+01 -6.399395284911725545e-02 2.802407279643453109e+01
5.400000000000000000e+01 -6.103031544584032898e-04 1.063686909230663815e+02
5.400000000000000000e+01 -1.776574861150092763e-02 3.797815066623985558e+01
5.400000000000000000e+01 -1.247625566879979539e-02 8.683464421601084382e+01
5.400000000000000000e+01 -3.740263653370392016e-01 4.343700093849482968e+00
5.400000000000000000e+01 -6.614430741126631208e-02 2.789270840890864633e+01
5.500000000000000000e+01 -6.852029829687877362e-04 1.060925241511401396e+02
5.500000000000000000e+01 -1.779803066243078324e-02 3.786328853419825435e+01
5.500000000000000000e+01 -1.273324490850802002e-02 8.682011753196880477e+01
5.500000000000000000e+01 -3.891415819400981246e-01 4.333935457016149684e+00
5.500000000000000000e+01 -6.832986116513599384e-02 2.775353960369862705e+01
5.600000000000000000e+01 -7.675855803683832249e-04 1.057896037639518880e+02
5.600000000000000000e+01 -1.781100546265518281e-02 3.774773770895070868e+01
5.600000000000000000e+01 -1.299067876807978583e-02 8.680395380842574582e+01
5.600000000000000000e+01 -4.050960066539389670e-01 4.323625878757143326e+00
5.600000000000000000e+01 -7.054757080202864183e-02 2.760610017206835920e+01
5.700000000000000000e+01 -8.579176480255144670e-04 1.054578710840536360e+02
5.700000000000000000e+01 -1.780603585265715105e-02 3.763160555362372151e+01
5.700000000000000000e+01 -1.324831785458716917e-02 8.678594477234771887e+01
5.700000000000000000e+01 -4.219702355794215376e-01 4.312727288579260687e+00
5.700000000000000000e+01 -7.279346005166296985e-02 2.744989310970465368e+01
5.800000000000000000e+01 -1.040498650087383608e-03 1.047131912203964816e+02
5.800000000000000000e+01 -1.775540312134255352e-02 3.750425407267526623e+01
5.800000000000000000e+01 -1.349114168547222749e-02 8.675179331028856211e+01
5.800000000000000000e+01 -4.396200109628993213e-01 4.303567536391845749e+00
5.800000000000000000e+01 -7.505897065475217178e-02 2.728221796254318932e+01
5.900000000000000000e+01 -1.161501155155210624e-03 1.042558877479590507e+02
5.900000000000000000e+01 -1.771385779733181814e-02 3.738538669685031834e+01
5.900000000000000000e+01 -1.374490469138335211e-02 8.672603651545998105e+01
5.900000000000000000e+01 -4.585719904095260646e-01 4.291652314390919543e+00
5.900000000000000000e+01 -7.734307453031390167e-02 2.710628851538089990e+01
6.000000000000000000e+01 -1.293620941644251822e-03 1.037550303286701734e+02
6.000000000000000000e+01 -1.765917928486759533e-02 3.726592049234461967e+01
6.000000000000000000e+01 -1.399690446513010382e-02 8.669670332443455152e+01
6.000000000000000000e+01 -4.787455585700432503e-01 4.279020953127970373e+00
6.000000000000000000e+01 -7.963603091513139776e-02 2.691977592433857325e+01
6.100000000000000000e+01 -1.437595271296726249e-03 1.032077062927939011e+02
6.100000000000000000e+01 -1.759376256722028700e-02 3.714588286215650470e+01
6.100000000000000000e+01 -1.424626080856074978e-02 8.666312010951149603e+01
6.100000000000000000e+01 -5.002722964813872686e-01 4.265608292935184842e+00
6.100000000000000000e+01 -8.192834580862545790e-02 2.672202146536700340e+01
6.200000000000000000e+01 -1.676118225386811307e-03 1.022309623315657063e+02
6.200000000000000000e+01 -1.749724514337063289e-02 3.701368337369955697e+01
6.200000000000000000e+01 -1.446985111852724416e-02 8.660465894387027674e+01
6.200000000000000000e+01 -5.230075473771571559e-01 4.253800180710222811e+00
6.200000000000000000e+01 -8.419770977785154265e-02 2.650916238896833477e+01
6.300000000000000000e+01 -1.861723621349563621e-03 1.015162462273597157e+02
6.300000000000000000e+01 -1.741365324121506297e-02 3.689012879140871348e+01
6.300000000000000000e+01 -1.470206834371095249e-02 8.655389526242991849e+01
6.300000000000000000e+01 -8.644572782822772250e-02 2.628585793971326723e+01
6.300000000000000000e+01 -5.476443464313397458e-01 4.238986907466403942e+00
6.400000000000000000e+01 -2.066138015363574911e-03 1.007385630911285546e+02
6.400000000000000000e+01 -1.732729135629402367e-02 3.676549578809336083e+01
6.400000000000000000e+01 -1.492309689197413025e-02 8.649354073792254383e+01
6.400000000000000000e+01 -8.864750902316359538e-02 2.604882261983605218e+01
6.400000000000000000e+01 -5.741402640697300663e-01 4.223193538746956577e+00
6.500000000000000000e+01 -2.377776465758368353e-03 9.953317823077448168e+01
6.500000000000000000e+01 -1.722355656508956986e-02 3.662721968431264941e+01
6.500000000000000000e+01 -1.509036724125433805e-02 8.639239173232394364e+01
6.500000000000000000e+01 -9.075965373256952851e-02 2.579300375682111124e+01
6.500000000000000000e+01 -6.023770294096151279e-01 4.208707423506458767e+00
6.600000000000000000e+01 -2.667774691113770306e-03 9.851735324155016826e+01
6.600000000000000000e+01 -1.713631123985406499e-02 3.649549048269803109e+01
6.600000000000000000e+01 -1.524626756246038814e-02 8.628879123885828051e+01
6.600000000000000000e+01 -9.278316163677009787e-02 2.552389860414109890e+01
6.600000000000000000e+01 -6.331632225180264806e-01 4.191373928822732964e+00
6.700000000000000000e+01 -3.089599252861958533e-03 9.716933490162305986e+01
6.700000000000000000e+01 -1.704612928861487867e-02 3.635109793264345512e+01
6.700000000000000000e+01 -1.529935730921405841e-02 8.612556519382289366e+01
6.700000000000000000e+01 -9.464505908131881640e-02 2.523382650291926055e+01
6.700000000000000000e+01 -6.662535939345861635e-01 4.174653003616975333e+00
6.800000000000000000e+01 -3.541472351699256893e-03 9.599443074530888964e+01
6.800000000000000000e+01 -1.697766306486674787e-02 3.621215420735394730e+01
6.800000000000000000e+01 -1.529262343540114394e-02 8.594227305082713997e+01
6.800000000000000000e+01 -9.634087047844057394e-02 2.492835151162619667e+01
6.800000000000000000e+01 -7.025377175678675368e-01 4.154918633796214067e+00
6.900000000000000000e+01 -4.283354080275619986e-03 9.450647572361143034e+01
6.900000000000000000e+01 -1.691704952939566964e-02 3.605675424293481512e+01
6.900000000000000000e+01 -1.501267893269570691e-02 8.563645258224249801e+01
6.900000000000000000e+01 -9.775111929377604258e-02 2.459775499944693777e+01
6.900000000000000000e+01 -7.417242858403326755e-01 4.135834956813715380e+00
7.000000000000000000e+01 -5.403376767145119663e-03 9.300990080548218941e+01
7.000000000000000000e+01 -1.688118859012424297e-02 3.589324518382981211e+01
7.000000000000000000e+01 -1.433967738648259105e-02 8.518046691937657044e+01
7.000000000000000000e+01 -9.881779084956252013e-02 2.424388575406892699e+01
7.000000000000000000e+01 -7.845058393597568180e-01 4.115492300218049238e+00
7.100000000000000000e+01 -1.688153059857235017e-02 3.573027791466568459e+01
7.100000000000000000e+01 -6.905446256390478273e-03 9.174017275428320772e+01
7.100000000000000000e+01 -1.325631563184832135e-02 8.456486610514471636e+01
7.100000000000000000e+01 -9.948827454648391522e-02 2.386960388916376274e+01
7.100000000000000000e+01 -8.317412687973244623e-01 4.091990821987910643e+00
7.200000000000000000e+01 -1.692045981100491828e-02 3.554429980703796588e+01
7.200000000000000000e+01 -9.207037530399942230e-03 9.048850590051213771e+01
7.200000000000000000e+01 -1.136212642080158645e-02 8.351007739065229885e+01
7.200000000000000000e+01 -9.952956067167695320e-02 2.346301673187814885e+01
7.200000000000000000e+01 -8.830710934636216702e-01 4.068807121078010347e+00
7.300000000000000000e+01 -1.701823358150150386e-02 3.534184471097685076e+01
7.300000000000000000e+01 -9.248886722682758688e-03 8.196722856491388143e+01
7.300000000000000000e+01 -1.170056349218546142e-02 8.953628458231524689e+01
7.300000000000000000e+01 -9.880561891012297482e-02 2.302590340780191980e+01
7.300000000000000000e+01 -9.392874840907085021e-01 4.044186534259664789e+00
7.400000000000000000e+01 -7.533701609909852943e-03 7.992801407958961590e+01
7.400000000000000000e+01 -1.719685386397291904e-02 3.511725537190589108e+01
7.400000000000000000e+01 -1.376814861854553686e-02 8.886907727320487993e+01
7.400000000000000000e+01 -9.707700245194376965e-02 2.255471678962253890e+01
7.400000000000000000e+01 -1.000000000000000000e+00 3.874842065687217563e+00
7.400000000000000000e+01 -1.000000000000000000e+00 4.167143539124575469e+00
7.500000000000000000e+01 -6.346924574076826323e-03 7.736914475985042827e+01
7.500000000000000000e+01 -1.750066066374390134e-02 3.485561032717033214e+01
7.500000000000000000e+01 -1.528257393727423114e-02 8.838606090336909915e+01
7.500000000000000000e+01 -9.397087280279066424e-02 2.203639523104958542e+01
7.500000000000000000e+01 -1.000000000000000000e+00 2.798698933017288226e+00
7.500000000000000000e+01 -1.000000000000000000e+00 5.719625196823043822e+00
7.600000000000000000e+01 -5.662586669900049330e-03 7.462401810496780286e+01
7.600000000000000000e+01 -1.795681706877962081e-02 3.456743017645894156e+01
7.600000000000000000e+01 -1.628261720047322059e-02 8.804633127422292205e+01
7.600000000000000000e+01 -8.923970339520199968e-02 2.148945848119993585e+01
7.600000000000000000e+01 -1.000000000000000000e+00 2.365037872852813194e+00
7.600000000000000000e+01 -1.000000000000000000e+00 6.661602323894697086e+00
7.700000000000000000e+01 -5.248714948531729534e-03 7.156047704737285642e+01
7.700000000000000000e+01 -1.867450486143190300e-02 3.422518269838779048e+01
7.700000000000000000e+01 -1.702643465724519578e-02 8.775790163229325458e+01
7.700000000000000000e+01 -8.226145530149266138e-02 2.088324943087416585e+01
7.700000000000000000e+01 -1.000000000000000000e+00 2.096792023310153130e+00
7.700000000000000000e+01 -1.000000000000000000e+00 7.459273625747597336e+00
7.800000000000000000e+01 -5.071375700357303763e-03 6.837535033302457066e+01
7.800000000000000000e+01 -1.975044928605636588e-02 3.382685966386129905e+01
7.800000000000000000e+01 -7.257821104361864006e-02 2.023089768210352801e+01
7.800000000000000000e+01 -1.759299887664916850e-02 8.749573054727474641e+01
7.800000000000000000e+01 -1.000000000000000000e+00 1.888956543324774584e+00
7.900000000000000000e+01 -5.126583531585649292e-03 6.515901874542279870e+01
7.900000000000000000e+01 -2.135175896786569230e-02 3.336182604746856128e+01
7.900000000000000000e+01 -5.964917316397071873e-02 1.952396802507041684e+01
7.900000000000000000e+01 -1.804875499389261076e-02 8.722952663913092408e+01
7.900000000000000000e+01 -1.000000000000000000e+00 1.735212347449111459e+00
8.000000000000000000e+01 -5.452673159651364940e-03 6.198818406965708050e+01
8.000000000000000000e+01 -2.371247854000426217e-02 3.281694067283093830e+01
8.000000000000000000e+01 -4.294245883193491264e-02 1.875535859282987516e+01
8.000000000000000000e+01 -1.842886412606621616e-02 8.693076847861972567e+01
8.000000000000000000e+01 -1.000000000000000000e+00 1.631117021491362618e+00
8.100000000000000000e+01 -6.066259898261893747e-03 5.907107934208276845e+01
8.100000000000000000e+01 -2.265408215316375151e-02 1.793712186927106345e+01
8.100000000000000000e+01 -2.697430763880601795e-02 3.221013479193326390e+01
8.100000000000000000e+01 -1.000000000000000000e+00 1.570494197108784684e+00
8.100000000000000000e+01 -1.874584138606853051e-02 8.658539352194722483e+01
8.200000000000000000e+01 1.880446271084441976e-04 1.710191942946619292e+01
8.200000000000000000e+01 -6.936095667620464748e-03 5.646962620332430305e+01
8.200000000000000000e+01 -3.123913034022701013e-02 3.154956687540341775e+01
8.200000000000000000e+01 -1.000000000000000000e+00 1.496230045321761182e+00
8.200000000000000000e+01 -1.901008939496352107e-02 8.616934585797098123e+01
8.400000000000000000e+01 5.007175762326900731e-02 1.534634110941552620e+01
8.400000000000000000e+01 -8.971275839869181923e-03 5.243721582755486565e+01
8.400000000000000000e+01 -4.191350446598727381e-02 3.019889181539636169e+01
8.400000000000000000e+01 -1.000000000000000000e+00 1.595433380828543024e+00
8.400000000000000000e+01 -1.940084570940010453e-02 8.508222340919942894e+01
8.500000000000000000e+01 7.351335924147692213e-02 1.451298582239218682e+01
8.500000000000000000e+01 -9.877472039392549974e-03 5.097972401017001687e+01
8.500000000000000000e+01 -4.738958491731821987e-02 2.956611450799556096e+01
8.500000000000000000e+01 -1.954093647800343378e-02 8.441683572725611384e+01
8.500000000000000000e+01 -1.000000000000000000e+00 1.718968750398444767e+00
8.600000000000000000e+01 9.456296663280422399e-02 1.374355062612808176e+01
8.600000000000000000e+01 -1.062007101625500605e-02 4.980952742976283076e+01
8.600000000000000000e+01 -5.241211223680986714e-02 2.897897056947082461e+01
8.600000000000000000e+01 -1.965615926300239361e-02 8.368809534761004443e+01
8.600000000000000000e+01 -1.000000000000000000e+00 1.889402596367824927e+00
8.700000000000000000e+01 1.129788358032600137e-01 1.304903357655616780e+01
8.700000000000000000e+01 -1.119776363192134805e-02 4.885373120437978400e+01
8.700000000000000000e+01 -5.679756446526822156e-02 2.843539932551761851e+01
8.700000000000000000e+01 -1.975646589794671781e-02 8.291320432672313245e+01
8.700000000000000000e+01 -1.000000000000000000e+00 2.104587220803900927e+00
8.800000000000000000e+01 1.289018259451115977e-01 1.243244961784270508e+01
8.800000000000000000e+01 -1.163106980158559040e-02 4.805447017938689669e+01
8.800000000000000000e+01 -1.985111230190371792e-02 8.211195399480398294e+01
8.800000000000000000e+01 -6.049371401497657258e-02 2.793051413829535790e+01
8.800000000000000000e+01 -1.000000000000000000e+00 2.361556874667766870e+00
8.900000000000000000e+01 1.426852612795237729e-01 1.189054239365916921e+01
8.900000000000000000e+01 -1.194705010498485660e-02 4.736808568899906646e+01
8.900000000000000000e+01 -1.994749925996930004e-02 8.130309869862971084e+01
8.900000000000000000e+01 -6.352929420720714038e-02 2.745851456701891991e+01
8.900000000000000000e+01 -1.000000000000000000e+00 2.657705829160160516e+00
9.000000000000000000e+01 1.547074004069830810e-01 1.141426938200600105e+01
9.000000000000000000e+01 -1.217289367574164727e-02 4.675911097217823453e+01
9.000000000000000000e+01 -2.005097940347218277e-02 8.049518798274122844e+01
9.000000000000000000e+01 -6.599362076137320343e-02 2.701074071084104489e+01
9.000000000000000000e+01 -1.000000000000000000e+00 2.997039882664927823e+00
