1.000000000000000000e+01 7.357560598512912756e-05 5.402765999999999957e-01 2.094892400229659418e-03
1.100000000000000000e+01 8.940282130310094988e-05 5.402744000000000435e-01 2.542293583093084824e-03
1.200000000000000000e+01 1.068902525147772103e-04 5.402715000000000156e-01 3.035316616856309664e-03
1.300000000000000000e+01 1.260814199635707292e-04 5.402677000000000174e-01 3.574806497429929963e-03
1.400000000000000000e+01 1.470244514290951622e-04 5.402628999999999904e-01 4.161692111031046158e-03
1.500000000000000000e+01 1.697721329546443916e-04 5.402569000000000399e-01 4.796984231189237689e-03
1.600000000000000000e+01 1.943822970559485751e-04 5.402495000000000491e-01 5.481782509456825832e-03
1.700000000000000000e+01 2.209181545227738503e-04 5.402403999999999540e-01 6.217280466869830498e-03
1.800000000000000000e+01 2.494483955157602672e-04 5.402293999999999707e-01 7.004763489198498339e-03
1.900000000000000000e+01 2.800475888476592289e-04 5.402162000000000353e-01 7.845614816661360819e-03
2.000000000000000000e+01 3.127965743480173389e-04 5.402004999999999724e-01 8.741320533271281640e-03
2.100000000000000000e+01 3.477827276225629351e-04 5.401818999999999926e-01 9.693470558199397333e-03
2.200000000000000000e+01 3.851006406875637483e-04 5.401601000000000319e-01 1.070377062932137240e-02
2.300000000000000000e+01 4.248514465207665035e-04 5.401346999999999676e-01 1.177401531034691189e-02
2.400000000000000000e+01 4.671460126970632793e-04 5.401051000000000046e-01 1.290616892866862375e-02
2.500000000000000000e+01 5.121018259728346653e-04 5.400709999999999678e-01 1.410226862502893946e-02
2.600000000000000000e+01 5.598461352694130951e-04 5.400315999999999450e-01 1.536450129069961978e-02
2.700000000000000000e+01 6.105155734882132491e-04 5.399865000000000359e-01 1.669518356849739038e-02
2.800000000000000000e+01 6.642577741484047976e-04 5.399348999999999954e-01 1.809679181461601102e-02
2.900000000000000000e+01 7.212304051450996569e-04 5.398760999999999699e-01 1.957192210798644472e-02
3.000000000000000000e+01 7.816035033647753894e-04 5.398093000000000474e-01 2.112334019922747566e-02
3.100000000000000000e+01 8.455589373896954314e-04 5.397334999999999772e-01 2.275395151112218073e-02
3.200000000000000000e+01 9.132933309620979226e-04 5.396478999999999582e-01 2.446686107310094491e-02
3.300000000000000000e+01 9.933756578762293048e-04 5.395394000000000023e-01 2.647523969018583320e-02
3.400000000000000000e+01 1.070824570412384378e-03 5.394276000000000071e-01 2.839845833495292793e-02
3.500000000000000000e+01 1.152966224563240459e-03 5.393016000000000476e-01 3.041936271290879290e-02
3.600000000000000000e+01 1.240093350905391604e-03 5.391597999999999669e-01 3.254237530195767947e-02
3.700000000000000000e+01 1.332620245954760753e-03 5.390004000000000461e-01 3.477456595012010099e-02
3.800000000000000000e+01 1.430716424584726164e-03 5.388216000000000117e-01 3.711670921325078976e-02
3.900000000000000000e+01 1.534825702940773159e-03 5.386212999999999695e-01 3.957590392680838259e-02
4.000000000000000000e+01 1.651492335956362186e-03 5.383841000000000321e-01 4.230165277258373518e-02
4.100000000000000000e+01 1.770077902407662376e-03 5.381297999999999915e-01 4.503866150776838356e-02
4.200000000000000000e+01 1.896172691291474373e-03 5.378452999999999706e-01 4.791433264425784544e-02
4.300000000000000000e+01 2.030302034119853098e-03 5.375271999999999828e-01 5.093557205511803354e-02
4.400000000000000000e+01 2.173073063505323588e-03 5.371717000000000297e-01 5.411053351878786222e-02
4.500000000000000000e+01 2.325029264863348859e-03 5.367747000000000490e-01 5.744530177455863668e-02
4.600000000000000000e+01 2.492333665404535513e-03 5.363160999999999623e-01 6.106741943139384204e-02
4.700000000000000000e+01 2.665889996161489514e-03 5.358176999999999524e-01 6.477025807205341601e-02
4.800000000000000000e+01 2.850987506399958564e-03 5.352616000000000041e-01 6.866194897505334405e-02
4.900000000000000000e+01 3.048466250395141797e-03 5.346412999999999860e-01 7.275172844943213202e-02
5.000000000000000000e+01 3.259221233081275714e-03 5.339498000000000300e-01 7.704903100721781362e-02
5.100000000000000000e+01 3.489072016920754908e-03 5.331620000000000248e-01 8.166150912759108371e-02
5.200000000000000000e+01 3.730343792444712828e-03 5.322991000000000250e-01 8.642193878918412453e-02
5.300000000000000000e+01 3.988082017116320946e-03 5.313383000000000411e-01 9.142128932413003117e-02
5.400000000000000000e+01 4.263432457365846744e-03 5.302689000000000430e-01 9.666943676196745883e-02
5.500000000000000000e+01 4.557570464674599517e-03 5.290795000000000359e-01 1.021755856907075183e-01
5.600000000000000000e+01 4.876428613577581464e-03 5.277372999999999648e-01 1.080356274809168848e-01
5.700000000000000000e+01 5.212707691551596821e-03 5.262651999999999886e-01 1.140977844125527635e-01
5.800000000000000000e+01 5.571571073235156643e-03 5.246323000000000514e-01 1.204424252449156768e-01
5.900000000000000000e+01 5.954218646936743596e-03 5.228237000000000023e-01 1.270743110027952039e-01
6.000000000000000000e+01 6.365594519252859920e-03 5.208040999999999920e-01 1.340612104222424494e-01
6.100000000000000000e+01 6.799826777035676388e-03 5.185918999999999945e-01 1.412832554096670190e-01
6.200000000000000000e+01 7.261079603583560881e-03 5.161544999999999606e-01 1.487943334639760529e-01
6.300000000000000000e+01 7.750149433356119666e-03 5.134752000000000205e-01 1.565891135424805347e-01
6.400000000000000000e+01 8.267612628109908407e-03 5.105374000000000301e-01 1.646585700322857060e-01
6.500000000000000000e+01 8.813817465935352632e-03 5.073256000000000432e-01 1.729901831519490008e-01
6.600000000000000000e+01 9.391940078462923322e-03 5.038049999999999473e-01 1.816145607015197672e-01
6.700000000000000000e+01 9.995664316251238329e-03 5.000004999999999589e-01 1.904182540015643965e-01
6.800000000000000000e+01 1.062731960349543904e-02 4.958831000000000211e-01 1.994220944462734013e-01
6.900000000000000000e+01 1.128597272748424300e-02 4.914439999999999920e-01 2.085980975569123597e-01
7.000000000000000000e+01 1.197040631509879542e-02 4.866767000000000176e-01 2.179161874978039759e-01
7.100000000000000000e+01 1.267904346590568825e-02 4.815780000000000061e-01 2.273430990376995586e-01
7.200000000000000000e+01 1.341006951947337593e-02 4.761470999999999898e-01 2.368443745166595449e-01
7.300000000000000000e+01 1.416145948319234849e-02 4.703860000000000263e-01 2.463850633149335945e-01
7.400000000000000000e+01 1.493096156608115545e-02 4.642998999999999876e-01 2.559294222451095613e-01
7.500000000000000000e+01 1.571625792234507268e-02 4.578960999999999726e-01 2.654429111579134637e-01
7.600000000000000000e+01 1.651358836097386110e-02 4.511968000000000090e-01 2.748749304582128739e-01
7.700000000000000000e+01 1.732366233944684572e-02 4.441852000000000023e-01 2.842331600646976764e-01
7.800000000000000000e+01 1.814237097437385385e-02 4.368898999999999977e-01 2.934658118273886784e-01
7.900000000000000000e+01 1.896745676517910470e-02 4.293252000000000179e-01 3.025461482441558214e-01
8.000000000000000000e+01 1.979678193231223376e-02 4.215058999999999889e-01 3.114500292169339324e-01
8.100000000000000000e+01 2.062772086596043400e-02 4.134548000000000112e-01 3.201486288182079365e-01
8.200000000000000000e+01 2.146008610907960620e-02 4.051690000000000014e-01 3.286428541427117711e-01
8.300000000000000000e+01 2.229112116333150165e-02 3.966761999999999788e-01 3.369034835898407354e-01
8.400000000000000000e+01 2.311936596453261980e-02 3.879915999999999920e-01 3.449173601001747635e-01
8.500000000000000000e+01 2.394384778698473853e-02 3.791269999999999918e-01 3.526759123999627654e-01
8.600000000000000000e+01 2.476303248489157213e-02 3.700996999999999759e-01 3.601675869920426543e-01
8.700000000000000000e+01 2.557590638920389375e-02 3.609255000000000102e-01 3.673834137886189399e-01
8.800000000000000000e+01 2.638412960148236314e-02 3.515866000000000269e-01 3.743408454846928746e-01
8.900000000000000000e+01 2.717968017643933309e-02 3.421874999999999778e-01 3.809686186303493649e-01
9.000000000000000000e+01 2.796912570646784696e-02 3.326521000000000061e-01 3.873284416110004402e-01
