1.000000000000000000e+01 1.159121884112693734e-06 5.402810999999999586e-01 2.621422377978898169e-04
1.100000000000000000e+01 1.408438879086679675e-06 5.402810999999999586e-01 3.181238828556438598e-04
1.200000000000000000e+01 1.683901381656472680e-06 5.402810999999999586e-01 3.798134681679391530e-04
1.300000000000000000e+01 1.986195040482123469e-06 5.402810000000000112e-01 4.473169917521032496e-04
1.400000000000000000e+01 2.316084437347056847e-06 5.402808999999999529e-01 5.207523513943313614e-04
1.500000000000000000e+01 2.674392124268436583e-06 5.402808000000000055e-01 6.002442446926059072e-04
1.600000000000000000e+01 3.062038545264031635e-06 5.402806999999999471e-01 6.859325689624665417e-04
1.700000000000000000e+01 3.480024391441491568e-06 5.402805999999999997e-01 7.779679212711639166e-04
1.800000000000000000e+01 3.929440582264642798e-06 5.402803999999999940e-01 8.765131984093391853e-04
1.900000000000000000e+01 4.411481344800787607e-06 5.402801999999999882e-01 9.817457968548967510e-04
2.000000000000000000e+01 4.927421712835224060e-06 5.402799000000000351e-01 1.093851912816923896e-03
2.100000000000000000e+01 5.478662932931470651e-06 5.402797000000000294e-01 1.213035642124193122e-03
2.200000000000000000e+01 6.066723873465839710e-06 5.402793000000000179e-01 1.339516280236947160e-03
2.300000000000000000e+01 6.693235516302813656e-06 5.402789000000000064e-01 1.473525822247133714e-03
2.400000000000000000e+01 7.359973445595944394e-06 5.402784999999999949e-01 1.615315262796617780e-03
2.500000000000000000e+01 8.068860484411939399e-06 5.402778999999999776e-01 1.765153596056158415e-03
2.600000000000000000e+01 8.821944914833060563e-06 5.402772999999999604e-01 1.923321815763325351e-03
2.700000000000000000e+01 9.621467600878827505e-06 5.402765999999999957e-01 2.090125915053369851e-03
2.800000000000000000e+01 1.046984657189867545e-05 5.402757999999999727e-01 2.265891886478895844e-03
2.900000000000000000e+01 1.136968235917032459e-05 5.402749000000000024e-01 2.450964721977056185e-03
3.000000000000000000e+01 1.232379903896482957e-05 5.402738000000000262e-01 2.645715412757100940e-03
3.100000000000000000e+01 1.333522835259281990e-05 5.402725999999999917e-01 2.850534949312553534e-03
3.200000000000000000e+01 1.440726277605668828e-05 5.402713000000000099e-01 3.065843321275320971e-03
3.300000000000000000e+01 1.554346635659663038e-05 5.402698000000000222e-01 3.292088517358892578e-03
3.400000000000000000e+01 1.674767312265330326e-05 5.402679999999999705e-01 3.529743525336719121e-03
3.500000000000000000e+01 1.802405798005196841e-05 5.402660999999999714e-01 3.779317331837581638e-03
3.600000000000000000e+01 1.937712236868329235e-05 5.402639999999999665e-01 4.041347922341538904e-03
3.700000000000000000e+01 2.081176089537724441e-05 5.402614999999999501e-01 4.316412280984381102e-03
3.800000000000000000e+01 2.233326888042798784e-05 5.402588000000000390e-01 4.605122390486621892e-03
3.900000000000000000e+01 2.394739553719255076e-05 5.402557999999999527e-01 4.908131231978576578e-03
4.000000000000000000e+01 2.566039142504238777e-05 5.402523999999999660e-01 5.226136784831379722e-03
4.100000000000000000e+01 2.747903572240214374e-05 5.402485000000000204e-01 5.559880026518951648e-03
4.200000000000000000e+01 2.941071985946168679e-05 5.402443000000000106e-01 5.910154932348269698e-03
4.300000000000000000e+01 3.146346606459631977e-05 5.402396000000000420e-01 6.277804475340365703e-03
4.400000000000000000e+01 3.364603536019771673e-05 5.402342999999999451e-01 6.663731625863814761e-03
4.500000000000000000e+01 3.596796483561749106e-05 5.402284000000000530e-01 7.068897351453066503e-03
4.600000000000000000e+01 3.843967727963176718e-05 5.402217999999999742e-01 7.494330616425268904e-03
4.700000000000000000e+01 4.107255117977481792e-05 5.402145999999999892e-01 7.941128381574836387e-03
4.800000000000000000e+01 4.387903735473703144e-05 5.402063999999999755e-01 8.410465603759740769e-03
4.900000000000000000e+01 4.687274722682292571e-05 5.401974000000000498e-01 8.903593235497300057e-03
5.000000000000000000e+01 5.006861463402397682e-05 5.401873999999999842e-01 9.421854224410454101e-03
5.100000000000000000e+01 5.348299873898651946e-05 5.401761999999999952e-01 9.966680512750177717e-03
5.200000000000000000e+01 5.713384293430560457e-05 5.401637000000000244e-01 1.053960103677826880e-02
5.300000000000000000e+01 6.104095001372855797e-05 5.401498999999999606e-01 1.114226972583322664e-02
5.400000000000000000e+01 6.522601999797192189e-05 5.401344999999999619e-01 1.177643750189866917e-02
5.500000000000000000e+01 6.971295575903830449e-05 5.401173999999999698e-01 1.244398427857439267e-02
5.600000000000000000e+01 7.452814101442918019e-05 5.400983999999999785e-01 1.314692995996811012e-02
5.700000000000000000e+01 7.970065669157692988e-05 5.400772000000000350e-01 1.388742443965617669e-02
5.800000000000000000e+01 9.102512331213782090e-05 5.400279999999999525e-01 1.546695006345134675e-02
5.900000000000000000e+01 9.787093403033152281e-05 5.399969000000000019e-01 1.638869896744710869e-02
6.000000000000000000e+01 1.053084802694045430e-04 5.399618999999999946e-01 1.736689582686163150e-02
6.100000000000000000e+01 1.134007684349568659e-04 5.399224999999999719e-01 1.840566040599566147e-02
6.200000000000000000e+01 1.278466061246848217e-04 5.398488000000000175e-01 2.020529450555751463e-02
6.300000000000000000e+01 1.385038639446717693e-04 5.397923000000000027e-01 2.148449018166639218e-02
6.400000000000000000e+01 1.502459402473401329e-04 5.397279000000000382e-01 2.285381198231246566e-02
6.500000000000000000e+01 1.688794696227648097e-04 5.396212999999999704e-01 2.495364066731639574e-02
6.600000000000000000e+01 1.851408623318069873e-04 5.395248000000000266e-01 2.671336646515190538e-02
6.700000000000000000e+01 2.077693860215355196e-04 5.393852000000000091e-01 2.906922015593358180e-02
6.800000000000000000e+01 2.287959804802896580e-04 5.392510000000000359e-01 3.116696837944992263e-02
6.900000000000000000e+01 2.578658062710225741e-04 5.390584999999999960e-01 3.394699800268749512e-02
7.000000000000000000e+01 2.913774799343094696e-04 5.388283000000000378e-01 3.699708081548073318e-02
7.100000000000000000e+01 3.258350067589150015e-04 5.385836999999999986e-01 3.998226888347288649e-02
7.200000000000000000e+01 3.713563323319784377e-04 5.382495000000000474e-01 4.372999593551077369e-02
7.300000000000000000e+01 4.254217213828189771e-04 5.378387999999999503e-01 4.793203003183279381e-02
7.400000000000000000e+01 4.908139682944924302e-04 5.373251999999999473e-01 5.271265021329325784e-02
7.500000000000000000e+01 5.745285403932287940e-04 5.366448999999999803e-01 5.843696943211680594e-02
7.600000000000000000e+01 6.731619776975526119e-04 5.358167999999999820e-01 6.471536882976122729e-02
7.700000000000000000e+01 8.006414693291240064e-04 5.347110999999999947e-01 7.223589418729288447e-02
7.800000000000000000e+01 9.612615274840325113e-04 5.332721000000000267e-01 8.095909639089968191e-02
7.900000000000000000e+01 1.165996993456834465e-03 5.313782999999999701e-01 9.113852996761107050e-02
8.000000000000000000e+01 1.431961635207845782e-03 5.288382999999999834e-01 1.031690340033479258e-01
8.100000000000000000e+01 1.767281831614509781e-03 5.255328000000000221e-01 1.168982015894019233e-01
8.200000000000000000e+01 2.191114125509993973e-03 5.212212000000000511e-01 1.325561013299391411e-01
8.400000000000000000e+01 3.336768223080067812e-03 5.089860999999999969e-01 1.686427460056265093e-01
8.500000000000000000e+01 4.051364223042967783e-03 5.010008000000000239e-01 1.880519127635437160e-01
8.600000000000000000e+01 4.843353963968695559e-03 4.918732000000000104e-01 2.076343434779803765e-01
8.700000000000000000e+01 5.696968333336703896e-03 4.817295999999999800e-01 2.269727029817215913e-01
8.800000000000000000e+01 6.593687955803994964e-03 4.707466000000000150e-01 2.457066686505180175e-01
8.900000000000000000e+01 7.515238554325964944e-03 4.591194000000000108e-01 2.635692176788276830e-01
9.000000000000000000e+01 8.453902244360839840e-03 4.469242999999999966e-01 2.805406835549569822e-01
