1.000000000000000000e+01 -1.071506020188442867e-05 1.073529570421715533e+02
1.000000000000000000e+01 -3.729384258846068362e-03 4.109457577315334476e+01
1.000000000000000000e+01 -4.224752972519546512e-02 4.503582623362807347e+00
1.000000000000000000e+01 -6.586283349565312528e-03 2.990828122126557176e+01
1.000000000000000000e+01 -3.805693493714518670e-03 8.618214751204219226e+01
1.000000000000000000e+01 -5.592246403182242753e-01 7.646188158790993228e+00
1.000000000000000000e+01 -1.000000000000000000e+00 4.543421880837735571e+00
1.000000000000000000e+01 -8.787968374432164609e-01 6.301646414179437272e+00
1.000000000000000000e+01 -9.999739320242613250e-01 6.687397917628087107e+00
1.000000000000000000e+01 -9.999739320242614360e-01 6.687397917628697286e+00
1.000000000000000000e+01 -8.546741269982236489e-01 8.033370186413399949e+00
1.100000000000000000e+01 -9.985805593590217245e-06 1.076252566849947527e+02
1.100000000000000000e+01 -4.079967662684907265e-03 4.108733783071050993e+01
1.100000000000000000e+01 -4.695959979953531066e-02 4.503919361046286873e+00
1.100000000000000000e+01 -7.259813794002299182e-03 2.991095387472312694e+01
1.100000000000000000e+01 -3.810565473619225568e-03 8.632282881020100263e+01
1.100000000000000000e+01 -5.598061457560519205e-01 8.381306623640739417e+00
1.100000000000000000e+01 -1.000000000000000000e+00 4.990872965678097017e+00
1.100000000000000000e+01 -8.776223511206603378e-01 6.961756775587419455e+00
1.100000000000000000e+01 -9.999687021555621058e-01 7.391323654279617905e+00
1.100000000000000000e+01 -9.999687021555618838e-01 7.391323654279748467e+00
1.100000000000000000e+01 -8.564993770618486435e-01 8.833369472393769684e+00
1.200000000000000000e+01 -9.462611197942763448e-06 1.078326593915738272e+02
1.200000000000000000e+01 -4.438738727949916724e-03 4.107409119019399668e+01
1.200000000000000000e+01 -5.172202227395290147e-02 4.504057302192052248e+00
1.200000000000000000e+01 -7.969549258528284968e-03 2.991129264469590865e+01
1.200000000000000000e+01 -3.849555933101788275e-03 8.643082881940294726e+01
1.200000000000000000e+01 -5.603313847886070009e-01 9.105639882218586223e+00
1.200000000000000000e+01 -1.000000000000000000e+00 5.437062445404338362e+00
1.200000000000000000e+01 -8.765556976399694333e-01 7.627301876341343601e+00
1.300000000000000000e+01 -9.135936058857929386e-06 1.079933913361216611e+02
1.300000000000000000e+01 -4.804894278445861512e-03 4.105589995007780857e+01
1.300000000000000000e+01 -5.653663706732161426e-02 4.504006259112586896e+00
1.300000000000000000e+01 -8.712911588140307556e-03 2.990965621205858938e+01
1.300000000000000000e+01 -3.915485104972579039e-03 8.651556300095566598e+01
1.300000000000000000e+01 -5.609832920288269076e-01 9.814266308957872553e+00
1.300000000000000000e+01 -1.000000000000000000e+00 5.882090831775522055e+00
1.300000000000000000e+01 -8.755450785076308584e-01 8.296598147208383622e+00
1.400000000000000000e+01 -9.008040490783309075e-06 1.081195300630736540e+02
1.400000000000000000e+01 -5.177810600842424997e-03 4.103344933535322525e+01
1.400000000000000000e+01 -6.140489605017242919e-02 4.503771330565546016e+00
1.400000000000000000e+01 -9.488030226091213187e-03 2.990626187375846712e+01
1.400000000000000000e+01 -4.003123130463991965e-03 8.658327605040697961e+01
1.400000000000000000e+01 -5.619037754363164217e-01 1.051046530342219754e+01
1.400000000000000000e+01 -1.000000000000000000e+00 6.325960836749726646e+00
1.400000000000000000e+01 -8.745311737142041908e-01 8.968725847318285815e+00
1.500000000000000000e+01 -9.091281519132271899e-06 1.082192901537655132e+02
1.500000000000000000e+01 -5.556913063624073154e-03 4.100719482783413383e+01
1.500000000000000000e+01 -6.632837239016413367e-02 4.503355350112380862e+00
1.500000000000000000e+01 -1.029348578683691139e-02 2.990123622184658814e+01
1.500000000000000000e+01 -4.108573118396470492e-03 8.663823759843259609e+01
1.500000000000000000e+01 -5.631377020285047719e-01 1.120056640101745593e+01
1.500000000000000000e+01 -1.000000000000000000e+00 6.768606908815473666e+00
1.600000000000000000e+01 -9.407226878362945778e-06 1.082983745414010173e+02
1.600000000000000000e+01 -5.941631160381401038e-03 4.097744825843356153e+01
1.600000000000000000e+01 -7.130902160339094853e-02 4.502761001886895542e+00
1.600000000000000000e+01 -1.112816238282316079e-02 2.989464784485690529e+01
1.600000000000000000e+01 -4.228874224090423822e-03 8.668344476184148562e+01
1.600000000000000000e+01 -5.646609311739441139e-01 1.188904460525215612e+01
1.600000000000000000e+01 -1.000000000000000000e+00 7.209943574943047828e+00
1.700000000000000000e+01 -9.986271040805880255e-06 1.083608025528696999e+02
1.700000000000000000e+01 -6.331389403944190364e-03 4.094442813580734253e+01
1.700000000000000000e+01 -7.634928298297707916e-02 4.501991802129114539e+00
1.700000000000000000e+01 -1.199117025598549213e-02 2.988652843050434171e+01
1.700000000000000000e+01 -4.361738149813862257e-03 8.672104997409151395e+01
1.700000000000000000e+01 -5.664577312397108821e-01 1.257787377231061221e+01
1.700000000000000000e+01 -1.000000000000000000e+00 7.649887810775865660e+00
1.800000000000000000e+01 -1.086772204408101708e-05 1.084094321415349071e+02
1.800000000000000000e+01 -6.725570096027069268e-03 4.090829036368105420e+01
1.800000000000000000e+01 -8.145228070139325094e-02 4.501044539943170442e+00
1.800000000000000000e+01 -1.288182749609806735e-02 2.987688574049034429e+01
1.800000000000000000e+01 -4.505351720912818478e-03 8.675263078322744548e+01
1.800000000000000000e+01 -5.707120438918285021e-01 1.323177715382308683e+01
1.900000000000000000e+01 -1.209996282570556608e-05 1.084462990631967756e+02
1.900000000000000000e+01 -7.123658419619191551e-03 4.086914609487667605e+01
1.900000000000000000e+01 -8.662128733360109634e-02 4.499927866335083237e+00
1.900000000000000000e+01 -4.658325168954654573e-03 8.677936066344534538e+01
1.900000000000000000e+01 -1.379955325043717880e-02 2.986571193779244382e+01
2.000000000000000000e+01 -1.374109551616840272e-05 1.084728417534141158e+02
2.000000000000000000e+01 -7.525000845463718571e-03 4.082707803903070243e+01
2.000000000000000000e+01 -9.186003647906784697e-02 4.498659186686587041e+00
2.000000000000000000e+01 -4.819488093305485110e-03 8.680213012448813004e+01
2.000000000000000000e+01 -1.474394410030488607e-02 2.985299110845123138e+01
2.100000000000000000e+01 -1.585954714582111095e-05 1.084900533429970011e+02
2.100000000000000000e+01 -7.928970535912132842e-03 4.078214417499409450e+01
2.100000000000000000e+01 -4.987902541226256307e-03 8.682162058271944716e+01
2.100000000000000000e+01 -9.717312281982007360e-02 4.497226883961341848e+00
2.100000000000000000e+01 -1.571473829370256814e-02 2.983869594292643157e+01
2.200000000000000000e+01 -1.853486182492479543e-05 1.084985869309273454e+02
2.200000000000000000e+01 -8.334924143828461793e-03 4.073438909225483684e+01
2.200000000000000000e+01 -5.162794180425518339e-03 8.683835975453578726e+01
2.200000000000000000e+01 -1.025651422996545215e-01 4.495642138809828658e+00
2.200000000000000000e+01 -1.671181208501780133e-02 2.982279501560394408e+01
2.300000000000000000e+01 -2.185868135958016618e-05 1.084988278881693162e+02
2.300000000000000000e+01 -8.742204457576766355e-03 4.068384527737217837e+01
2.300000000000000000e+01 -5.343516583780782807e-03 8.685276037040172525e+01
2.300000000000000000e+01 -1.080413364553451383e-01 4.493902038499763663e+00
2.300000000000000000e+01 -1.773518299487064631e-02 2.980524981139263829e+01
2.400000000000000000e+01 -2.593571662704402707e-05 1.084909457698669399e+02
2.400000000000000000e+01 -9.150136538200575806e-03 4.063053769731215681e+01
2.400000000000000000e+01 -5.529524462704717494e-03 8.686514755511319663e+01
2.400000000000000000e+01 -1.136071147766435363e-01 4.492013009097525433e+00
2.400000000000000000e+01 -1.878500633036717452e-02 2.978601745331215866e+01
2.500000000000000000e+01 -3.088488520343775628e-05 1.084749305798265624e+02
2.500000000000000000e+01 -9.558065321233287503e-03 4.057448249325149447e+01
2.500000000000000000e+01 -5.720340588627702977e-03 8.687577751018565664e+01
2.500000000000000000e+01 -1.192688814366269223e-01 4.489959762212119010e+00
2.500000000000000000e+01 -1.986159672913157329e-02 2.976504576932189039e+01
2.600000000000000000e+01 -3.684023872997194094e-05 1.084506188788297010e+02
2.600000000000000000e+01 -9.965198418669550182e-03 4.051569598618493018e+01
2.600000000000000000e+01 -5.915592290911680928e-03 8.688485765793728888e+01
2.600000000000000000e+01 -1.250316688164274104e-01 4.487784472718360895e+00
2.600000000000000000e+01 -2.096535776793070210e-02 2.974228641403852791e+01
2.700000000000000000e+01 -4.395249609210694422e-05 1.084177119151046043e+02
2.700000000000000000e+01 -1.037085796082789016e-02 4.045419159917749852e+01
2.700000000000000000e+01 -6.114910223123938907e-03 8.689254803351494161e+01
2.700000000000000000e+01 -1.309024741434095529e-01 4.485470845556045916e+00
2.700000000000000000e+01 -2.209690967129967001e-02 2.971767549785667129e+01
2.800000000000000000e+01 -5.239003137496924407e-05 1.083757882985175769e+02
2.800000000000000000e+01 -1.077429069476928264e-02 4.038997826570800243e+01
2.800000000000000000e+01 -6.317996197360330538e-03 8.689897773351067656e+01
2.800000000000000000e+01 -1.368882897146986855e-01 4.483020174908819655e+00
2.800000000000000000e+01 -2.325697227956958005e-02 2.969114470017065344e+01
2.900000000000000000e+01 -6.233987757232553216e-05 1.083243138792568345e+02
2.900000000000000000e+01 -1.117473660228372051e-02 4.032306437214380423e+01
2.900000000000000000e+01 -6.524578687115875110e-03 8.690424749523140235e+01
2.900000000000000000e+01 -1.429964215454114229e-01 4.480435113192361207e+00
2.900000000000000000e+01 -2.444638955363473073e-02 2.966261880836055553e+01
3.000000000000000000e+01 -7.400905054009911284e-05 1.082626462511958039e+02
3.000000000000000000e+01 -1.157142391195915311e-02 4.025345458173208613e+01
3.000000000000000000e+01 -6.734417445633624974e-03 8.690843411305462496e+01
3.000000000000000000e+01 -1.492358367615604087e-01 4.477681778842555360e+00
3.000000000000000000e+01 -2.566614089252302472e-02 2.963200642164059673e+01
3.100000000000000000e+01 -8.762537789895408831e-05 1.081900395222674689e+02
3.100000000000000000e+01 -1.196356590941037579e-02 4.018115480113822002e+01
3.100000000000000000e+01 -6.947294205126935095e-03 8.691159591148077368e+01
3.100000000000000000e+01 -1.556151617514336949e-01 4.474755305119695770e+00
3.100000000000000000e+01 -2.691725728529583903e-02 2.959921305489297083e+01
3.200000000000000000e+01 -1.034382893548688225e-04 1.081056463766197453e+02
3.200000000000000000e+01 -1.235037252386005958e-02 4.010617290861358697e+01
3.200000000000000000e+01 -7.163009291151789873e-03 8.691377367930179787e+01
3.200000000000000000e+01 -1.621428844163219363e-01 4.471668801493724033e+00
3.200000000000000000e+01 -2.820081417909467425e-02 2.956413526849275186e+01
3.300000000000000000e+01 -1.217193957160519585e-04 1.080085193695752821e+02
3.300000000000000000e+01 -1.273104371161750369e-02 4.002851479666034606e+01
3.300000000000000000e+01 -7.381380014619552850e-03 8.691499308551190950e+01
3.300000000000000000e+01 -1.688285797845880121e-01 4.468419276189876221e+00
3.300000000000000000e+01 -2.951790009672450310e-02 2.952665665390130201e+01
3.400000000000000000e+01 -1.427627243253000422e-04 1.078976115098766826e+02
3.400000000000000000e+01 -1.310476777720822640e-02 3.994818560113768058e+01
3.400000000000000000e+01 -7.602234293594289753e-03 8.691526582885299490e+01
3.400000000000000000e+01 -1.756824947831376049e-01 4.465002447907256311e+00
3.400000000000000000e+01 -3.086957950268680306e-02 2.948665026797777244e+01
3.500000000000000000e+01 -1.668845191644136180e-04 1.077717772715389088e+02
3.500000000000000000e+01 -1.347080832093108978e-02 3.986520665197361524e+01
3.500000000000000000e+01 -7.825398986675903210e-03 8.691459603270563150e+01
3.500000000000000000e+01 -1.827010421586328093e-01 4.461741944284881356e+00
3.500000000000000000e+01 -3.225662865195495776e-02 2.944403415190055640e+01
3.600000000000000000e+01 -1.944230588727202484e-04 1.076297708483799198e+02
3.600000000000000000e+01 -1.382817819960050279e-02 3.977954988981779394e+01
3.600000000000000000e+01 -8.050732997192560844e-03 8.691295866366368728e+01
3.600000000000000000e+01 -1.899213589917755074e-01 4.458039133808616938e+00
3.600000000000000000e+01 -3.368042894189152842e-02 2.939855687077513124e+01
3.700000000000000000e+01 -2.257369643287210239e-04 1.074702512100582510e+02
3.700000000000000000e+01 -1.417602132316925743e-02 3.969122901313599527e+01
3.700000000000000000e+01 -8.278077416497161417e-03 8.691033216263758732e+01
3.700000000000000000e+01 -1.973463647411269617e-01 4.454119876434254444e+00
3.700000000000000000e+01 -3.514159934478491149e-02 2.935010461835593176e+01
3.800000000000000000e+01 -2.612041804954236897e-04 1.072917796762914833e+02
3.800000000000000000e+01 -1.451342888821271181e-02 3.960024940535639359e+01
3.800000000000000000e+01 -8.507281732644235428e-03 8.690667585287218344e+01
3.800000000000000000e+01 -2.049882622328688675e-01 4.450006919858620513e+00
3.800000000000000000e+01 -3.664091236914248512e-02 2.929851241375045845e+01
3.900000000000000000e+01 -3.012195752617157353e-04 1.070928242542643432e+02
3.900000000000000000e+01 -1.483942400915083150e-02 3.950661503308796796e+01
3.900000000000000000e+01 -8.738190356421746130e-03 8.690193535127438906e+01
3.900000000000000000e+01 -2.128613826510637186e-01 4.445696669633367293e+00
3.900000000000000000e+01 -3.817906329305401775e-02 2.924360174301105175e+01
4.000000000000000000e+01 -3.461922759703392949e-04 1.068717639741835086e+02
4.000000000000000000e+01 -1.515297840758690791e-02 3.941032838944320815e+01
4.000000000000000000e+01 -8.970643345777393196e-03 8.689604075720524179e+01
4.000000000000000000e+01 -2.209813734981039834e-01 4.441180363871622738e+00
4.000000000000000000e+01 -3.975668680660660037e-02 2.918518372159184793e+01
4.100000000000000000e+01 -3.965427574409647661e-04 1.066268931572778911e+02
4.100000000000000000e+01 -1.545300596907506034e-02 3.931139398765306225e+01
4.100000000000000000e+01 -9.204470457270460398e-03 8.688890468949324486e+01
4.100000000000000000e+01 -2.293650769306000980e-01 4.436449600967976359e+00
4.100000000000000000e+01 -4.137435880900213608e-02 2.912305775060077195e+01
4.200000000000000000e+01 -4.526995306305276194e-04 1.063564308450883402e+02
4.200000000000000000e+01 -1.573837586307468700e-02 3.920981729333951193e+01
4.200000000000000000e+01 -9.439491211661833400e-03 8.688042048924161520e+01
4.200000000000000000e+01 -2.380307508969617403e-01 4.431494473971773651e+00
4.200000000000000000e+01 -4.303262187883392931e-02 2.905701040290409054e+01
4.300000000000000000e+01 -5.150965033085168690e-04 1.060585285539283404e+02
4.300000000000000000e+01 -1.600791858229881973e-02 3.910560589395137043e+01
4.300000000000000000e+01 -9.675503575006088111e-03 8.687045796134562181e+01
4.300000000000000000e+01 -2.469981594555747673e-01 4.426304481878136521e+00
4.300000000000000000e+01 -4.473195820331886396e-02 2.898681484706045453e+01
4.400000000000000000e+01 -5.841718776870509413e-04 1.057312860787404105e+02
4.400000000000000000e+01 -1.626043809693131920e-02 3.899876986623358732e+01
4.400000000000000000e+01 -9.912284347353096312e-03 8.685885990104783616e+01
4.400000000000000000e+01 -2.562887990022694185e-01 4.420867708916496497e+00
4.400000000000000000e+01 -4.647280098001161514e-02 2.891222912848859750e+01
4.500000000000000000e+01 -6.603688525299660460e-04 1.053727635664681230e+02
4.500000000000000000e+01 -1.649470894998189899e-02 3.888932382135229204e+01
4.500000000000000000e+01 -1.014956688195861600e-02 8.684543391594333173e+01
4.500000000000000000e+01 -2.659260293293871369e-01 4.415171502951374727e+00
4.500000000000000000e+01 -4.825558274918104185e-02 2.883299703475336528e+01
4.600000000000000000e+01 -7.440892866929316261e-04 1.049810044880619557e+02
4.600000000000000000e+01 -1.670974808475460260e-02 3.877729149314719592e+01
4.600000000000000000e+01 -1.038700013043632187e-02 8.682995886711937317e+01
4.600000000000000000e+01 -2.759353696660217792e-01 4.409201749971350281e+00
4.600000000000000000e+01 -5.008096209492213929e-02 2.874882859476896613e+01
4.700000000000000000e+01 -8.357824152371463996e-04 1.045540659795390326e+02
4.700000000000000000e+01 -1.690453835034685243e-02 3.866268057262740143e+01
4.700000000000000000e+01 -1.062424397843638596e-02 8.681216195668616820e+01
4.700000000000000000e+01 -2.863446255479253910e-01 4.402943559166641485e+00
4.700000000000000000e+01 -5.194877000157383656e-02 2.865941465271162514e+01
4.800000000000000000e+01 -9.359354421929913601e-04 1.040900347218884008e+02
4.800000000000000000e+01 -1.707803831442027132e-02 3.854551113309065613e+01
4.800000000000000000e+01 -1.086085461878838476e-02 8.679169879547254141e+01
4.800000000000000000e+01 -2.971843026211111738e-01 4.396380319609282772e+00
4.800000000000000000e+01 -5.385898610694803829e-02 2.856444017825416637e+01
4.900000000000000000e+01 -1.092687297275458545e-03 1.033103109956339409e+02
4.900000000000000000e+01 -1.721057535179862721e-02 3.841654343071550670e+01
4.900000000000000000e+01 -1.108373518765633746e-02 8.675722023186575882e+01
4.900000000000000000e+01 -3.082959168081726431e-01 4.392384824736923044e+00
4.900000000000000000e+01 -5.581298714276860390e-02 2.846253727589338922e+01
5.000000000000000000e+01 -1.219492342016223474e-03 1.027214068324143881e+02
5.000000000000000000e+01 -1.733460493539978539e-02 3.829251823020315015e+01
5.000000000000000000e+01 -1.131346067951170820e-02 8.672727687721263123e+01
5.000000000000000000e+01 -3.200600711145572541e-01 4.385586473443421340e+00
5.000000000000000000e+01 -5.780736010411446912e-02 2.835505359752994536e+01
5.100000000000000000e+01 -1.357862264731701882e-03 1.020846354599035664e+02
5.100000000000000000e+01 -1.743464311226886401e-02 3.816567910272779329e+01
5.100000000000000000e+01 -1.153903525774810195e-02 8.669233133111191592e+01
5.100000000000000000e+01 -3.323577507388806862e-01 4.378479328102059753e+00
5.100000000000000000e+01 -5.984263386964780440e-02 2.824077694837004060e+01
5.200000000000000000e+01 -1.509080011484713671e-03 1.013983663104005899e+02
5.200000000000000000e+01 -1.751045185489823880e-02 3.803599205831530128e+01
5.200000000000000000e+01 -1.175868822393388684e-02 8.665133543905541558e+01
5.200000000000000000e+01 -3.452321952348511580e-01 4.371047186904129411e+00
5.200000000000000000e+01 -6.191740152967799282e-02 2.811923864336839785e+01
5.300000000000000000e+01 -1.674980244526388462e-03 1.006613953320416641e+02
5.300000000000000000e+01 -1.756208208228136197e-02 3.790341003459977287e+01
5.300000000000000000e+01 -1.196995894152508462e-02 8.660292498445194553e+01
5.300000000000000000e+01 -3.587313899463430156e-01 4.363270014552834475e+00
5.300000000000000000e+01 -6.402969471546861302e-02 2.798992710139039630e+01
5.400000000000000000e+01 -1.905538426267208403e-03 9.963013262362156297e+01
5.400000000000000000e+01 -1.757512342367222036e-02 3.775819875632799238e+01
5.400000000000000000e+01 -1.214734861298558295e-02 8.652866572135863521e+01
5.400000000000000000e+01 -3.726818271181358555e-01 4.357929579376207840e+00
5.400000000000000000e+01 -6.617691751603339834e-02 2.785068814970231799e+01
5.500000000000000000e+01 -2.124961577077550106e-03 9.873835955110904194e+01
5.500000000000000000e+01 -1.757500665716802898e-02 3.761698341727601047e+01
5.500000000000000000e+01 -1.231876662763998174e-02 8.645264491784350014e+01
5.500000000000000000e+01 -3.875297484562023609e-01 4.350027983009809418e+00
5.500000000000000000e+01 -6.835422774342317376e-02 2.770351353132348038e+01
5.600000000000000000e+01 -2.375685396054270752e-03 9.780171188185776998e+01
5.600000000000000000e+01 -1.755236267224218050e-02 3.747253707591266902e+01
5.600000000000000000e+01 -1.246119289937568791e-02 8.635981560379741495e+01
5.600000000000000000e+01 -4.031745876065581102e-01 4.341691968766244081e+00
5.600000000000000000e+01 -7.055714654728308111e-02 2.754664292129225700e+01
5.700000000000000000e+01 -2.672951310983022553e-03 9.681428909317340015e+01
5.700000000000000000e+01 -1.750819853427533143e-02 3.732426351438719792e+01
5.700000000000000000e+01 -1.255904084963113850e-02 8.624361820209257701e+01
5.700000000000000000e+01 -4.196770827023180717e-01 4.333017443227867638e+00
5.700000000000000000e+01 -7.277911754381082010e-02 2.737924414584466604e+01
5.800000000000000000e+01 -3.106091587852495908e-03 9.558852665912748137e+01
5.800000000000000000e+01 -1.743218543987512872e-02 3.716199275410932046e+01
5.800000000000000000e+01 -1.253660469392518621e-02 8.606625437286409408e+01
5.800000000000000000e+01 -4.368759336968345286e-01 4.326431146597237820e+00
5.800000000000000000e+01 -7.500829026911422226e-02 2.719822403001274935e+01
5.900000000000000000e+01 -3.607710137525400006e-03 9.449761261457300066e+01
5.900000000000000000e+01 -1.734774393106682661e-02 3.700284924866390668e+01
5.900000000000000000e+01 -1.243001895700024569e-02 8.585897002980647130e+01
5.900000000000000000e+01 -4.552670102213917658e-01 4.317551542489686867e+00
5.900000000000000000e+01 -7.723807053737649642e-02 2.700640983588021626e+01
6.000000000000000000e+01 -4.286563627121237063e-03 9.339513935520785992e+01
6.000000000000000000e+01 -1.724856810368771698e-02 3.683839323560402335e+01
6.000000000000000000e+01 -1.214302729765331240e-02 8.557914902829178061e+01
6.000000000000000000e+01 -4.747560304285618482e-01 4.308372536076946702e+00
6.000000000000000000e+01 -7.945265365255299583e-02 2.680101848827116129e+01
6.100000000000000000e+01 -5.362602026409884863e-03 9.217524273086947062e+01
6.100000000000000000e+01 -1.712821427595875856e-02 3.665760533580013458e+01
6.100000000000000000e+01 -1.146229752745876740e-02 8.513426643184860154e+01
6.100000000000000000e+01 -4.952127698005936995e-01 4.300560642623808327e+00
6.100000000000000000e+01 -8.163257817962021878e-02 2.657651515485611071e+01
6.200000000000000000e+01 -6.700981609410315565e-03 9.116105344805782806e+01
6.200000000000000000e+01 -1.700838749556383284e-02 3.647815379596819696e+01
6.200000000000000000e+01 -1.050373528048455241e-02 8.455882360613762216e+01
6.200000000000000000e+01 -8.374428910068716647e-02 2.634061359770901234e+01
6.200000000000000000e+01 -5.170788072633544230e-01 4.292092518815924684e+00
6.300000000000000000e+01 -1.688867934042598273e-02 3.629075221423455133e+01
6.300000000000000000e+01 -8.339718761037532777e-03 9.028338048219116274e+01
6.300000000000000000e+01 -9.236348673056695574e-03 8.375858066853840000e+01
6.300000000000000000e+01 -8.577653490858264118e-02 2.608539120633243868e+01
6.300000000000000000e+01 -5.403888697480812020e-01 4.282770271015022168e+00
6.400000000000000000e+01 -1.676852867178856704e-02 3.608304470069958825e+01
6.400000000000000000e+01 -7.744573891076549609e-03 8.258223832409551335e+01
6.400000000000000000e+01 -1.019642671215626947e-02 8.952041819579704907e+01
6.400000000000000000e+01 -8.767496843380104266e-02 2.580425303334500242e+01
6.400000000000000000e+01 -5.648269313391698354e-01 4.275746768627776362e+00
6.500000000000000000e+01 -6.595535263791021605e-03 8.122623097629848132e+01
6.500000000000000000e+01 -1.666918883005414492e-02 3.587372305756880309e+01
6.500000000000000000e+01 -1.169614435848654807e-02 8.899733274909820580e+01
6.500000000000000000e+01 -8.938516047911701512e-02 2.550847962371195976e+01
6.500000000000000000e+01 -5.912520870436701603e-01 4.266950149543840887e+00
6.600000000000000000e+01 -5.688808642736045869e-03 7.953094220769604306e+01
6.600000000000000000e+01 -1.659797140632743306e-02 3.564081061148288398e+01
6.600000000000000000e+01 -1.294499111564439975e-02 8.858209664519127102e+01
6.600000000000000000e+01 -9.085348253729007284e-02 2.517843654895970928e+01
6.600000000000000000e+01 -6.187838563068921438e-01 4.261556743774457701e+00
6.700000000000000000e+01 -5.126552834873721737e-03 7.776127776667688352e+01
6.700000000000000000e+01 -1.657293555360681014e-02 3.540247237101075228e+01
6.700000000000000000e+01 -1.384014119735788376e-02 8.828836530926902526e+01
6.700000000000000000e+01 -9.198852593698268743e-02 2.483009496050376796e+01
6.700000000000000000e+01 -6.487600787727679785e-01 4.253395438622624702e+00
6.800000000000000000e+01 -4.734283534761991354e-03 7.574994222519478626e+01
6.800000000000000000e+01 -1.662144677710475013e-02 3.513639356539108860e+01
6.800000000000000000e+01 -1.456245968702292275e-02 8.804144173301108367e+01
6.800000000000000000e+01 -9.268300873524686068e-02 2.443977685530925115e+01
6.800000000000000000e+01 -6.796721183679281797e-01 4.250891190001561348e+00
6.900000000000000000e+01 -4.495723834209015314e-03 7.364809496028617275e+01
6.900000000000000000e+01 -1.676970683374483934e-02 3.485054603279892405e+01
6.900000000000000000e+01 -1.513525842685462322e-02 8.783672095712336159e+01
6.900000000000000000e+01 -9.278144429471010812e-02 2.401738396685540522e+01
6.900000000000000000e+01 -7.126604026189746754e-01 4.248692552493082530e+00
7.000000000000000000e+01 -4.374997448909016123e-03 7.155051053445079390e+01
7.000000000000000000e+01 -1.705394398252299895e-02 3.455044488396057289e+01
7.000000000000000000e+01 -1.560458183131686882e-02 8.766092013791195825e+01
7.000000000000000000e+01 -9.217904397444116882e-02 2.356030400085173682e+01
7.000000000000000000e+01 -7.477429292591846188e-01 4.247009578567001675e+00
7.100000000000000000e+01 -4.339443467468689745e-03 6.933696059725490102e+01
7.100000000000000000e+01 -1.753658966763142063e-02 3.421565023034257536e+01
7.100000000000000000e+01 -1.602036778127308506e-02 8.748841765812042581e+01
7.100000000000000000e+01 -9.056064238905640884e-02 2.305481294853158403e+01
7.100000000000000000e+01 -7.840613578079680401e-01 4.250087563452082051e+00
7.200000000000000000e+01 -4.399610269008849030e-03 6.712089733312319595e+01
7.200000000000000000e+01 -1.827906693399807686e-02 3.385351886411757505e+01
7.200000000000000000e+01 -1.639027448303160758e-02 8.731695790151458425e+01
7.200000000000000000e+01 -8.771857378123316951e-02 2.250159949300405415e+01
7.200000000000000000e+01 -8.216861527079849514e-01 4.256956924594579306e+00
7.300000000000000000e+01 -4.564303975240613549e-03 6.493195333838883698e+01
7.300000000000000000e+01 -1.935945346437306300e-02 3.346255973342618972e+01
7.300000000000000000e+01 -1.672644931293959178e-02 8.713802212168502592e+01
7.300000000000000000e+01 -8.335438392927158047e-02 2.189699012002002121e+01
7.300000000000000000e+01 -8.601152476648650236e-01 4.268767003945356464e+00
7.400000000000000000e+01 -4.846603570822801028e-03 6.280377031655067555e+01
7.400000000000000000e+01 -2.086228290032054317e-02 3.304319241174783883e+01
7.400000000000000000e+01 -1.703633600721416244e-02 8.694417891229505813e+01
7.400000000000000000e+01 -7.715532522556521611e-02 2.123877982716753365e+01
7.400000000000000000e+01 -8.986464546986465685e-01 4.286745739630025476e+00
7.500000000000000000e+01 -5.256775333263536548e-03 6.076727844418878988e+01
7.500000000000000000e+01 -2.286907843976663038e-02 3.259741370180900333e+01
7.500000000000000000e+01 -6.881712456373217934e-02 2.052694841484373356e+01
7.500000000000000000e+01 -1.732386414333909191e-02 8.672799480996799559e+01
7.500000000000000000e+01 -9.362297076433757637e-01 4.312480442842143269e+00
7.600000000000000000e+01 -5.795480995948148160e-03 5.885537733614159350e+01
7.600000000000000000e+01 -2.542468121991571864e-02 3.212929316098349375e+01
7.600000000000000000e+01 -5.817084975730973245e-02 1.978728907827396100e+01
7.600000000000000000e+01 -1.759075232833988076e-02 8.648254787512524899e+01
7.600000000000000000e+01 -9.785578289900696003e-01 4.314664758837708725e+00
7.700000000000000000e+01 -6.448362139070610080e-03 5.708859649113444590e+01
7.700000000000000000e+01 -4.511628496441518615e-02 1.898842091126632781e+01
7.700000000000000000e+01 -2.856374117399147067e-02 3.164700072793756291e+01
7.700000000000000000e+01 -1.783832114575590461e-02 8.620028950633276565e+01
7.700000000000000000e+01 -1.000000000000000000e+00 3.726222304014905173e+00
7.700000000000000000e+01 -1.000000000000000000e+00 5.081608239603402133e+00
7.800000000000000000e+01 -7.184875960799252080e-03 5.548616295959772060e+01
7.800000000000000000e+01 -2.982904323588976905e-02 1.816169758447080085e+01
7.800000000000000000e+01 -3.221462642089705647e-02 3.115832057398299781e+01
7.800000000000000000e+01 -1.806650108253991804e-02 8.587490796937393611e+01
7.800000000000000000e+01 -1.000000000000000000e+00 3.314528041656615631e+00
7.800000000000000000e+01 -1.000000000000000000e+00 5.839113032725418151e+00
7.900000000000000000e+01 -1.269377316029533798e-02 1.732288842599021805e+01
7.900000000000000000e+01 -7.962724152920220774e-03 5.405552194385996501e+01
7.900000000000000000e+01 -3.625072663831212239e-02 3.067239402793271097e+01
7.900000000000000000e+01 -1.827530885822107806e-02 8.550090386491750394e+01
7.900000000000000000e+01 -1.000000000000000000e+00 3.142128508775464457e+00
7.900000000000000000e+01 -1.000000000000000000e+00 6.330440810109357663e+00
8.000000000000000000e+01 5.661235574696414294e-03 1.649196592524410221e+01
8.000000000000000000e+01 -8.736132115582854671e-03 5.279479422215676010e+01
8.000000000000000000e+01 -4.049129045811675903e-02 3.019595962856843130e+01
8.000000000000000000e+01 -1.846520972152933607e-02 8.507488481274165792e+01
8.000000000000000000e+01 -1.000000000000000000e+00 3.079846401381948873e+00
8.000000000000000000e+01 -1.000000000000000000e+00 6.676622140752275669e+00
8.100000000000000000e+01 2.449310810583916337e-02 1.568930579724761287e+01
8.100000000000000000e+01 -9.462454068021144624e-03 5.169713453656904534e+01
8.100000000000000000e+01 -4.472641645137100802e-02 2.973598797802301874e+01
8.100000000000000000e+01 -1.863741526795226200e-02 8.459820361398688249e+01
8.100000000000000000e+01 -1.000000000000000000e+00 3.094125977696577934e+00
8.100000000000000000e+01 -1.000000000000000000e+00 6.908610341946515909e+00
8.200000000000000000e+01 4.319597727249625124e-02 1.492723719531096727e+01
8.200000000000000000e+01 -1.011826257561187006e-02 5.073920898177662764e+01
8.200000000000000000e+01 -4.881087997281349788e-02 2.929209005985273606e+01
8.200000000000000000e+01 -1.879362794612333271e-02 8.407034296062930423e+01
8.200000000000000000e+01 -1.000000000000000000e+00 3.178741870189007557e+00
8.200000000000000000e+01 -1.000000000000000000e+00 7.031675316075744142e+00
8.300000000000000000e+01 6.124141741820633006e-02 1.421623315255727427e+01
8.300000000000000000e+01 -1.068888315822185200e-02 4.990157749956551214e+01
8.300000000000000000e+01 -5.262181235015178649e-02 2.886477005688493946e+01
8.300000000000000000e+01 -1.893659683071359859e-02 8.349608563065342537e+01
8.300000000000000000e+01 -1.000000000000000000e+00 3.330083954036023197e+00
8.300000000000000000e+01 -1.000000000000000000e+00 7.054466982236954564e+00
8.400000000000000000e+01 7.826549579761886422e-02 1.356261747422200514e+01
8.400000000000000000e+01 -1.117106874381509213e-02 4.916421648965386737e+01
8.400000000000000000e+01 -1.906965889170768313e-02 8.288258313473464511e+01
8.400000000000000000e+01 -5.608106884737146247e-02 2.845299098205284594e+01
8.400000000000000000e+01 -1.000000000000000000e+00 3.553241853526536875e+00
8.400000000000000000e+01 -1.000000000000000000e+00 6.978265779648832101e+00
8.500000000000000000e+01 9.409619588122901390e-02 1.296808799484926666e+01
8.500000000000000000e+01 -1.156904308620136830e-02 4.850803314527420440e+01
8.500000000000000000e+01 -1.919676880676018244e-02 8.223851073810226353e+01
8.500000000000000000e+01 -5.915679636032399741e-02 2.805518711359506767e+01
8.500000000000000000e+01 -1.000000000000000000e+00 3.860731826257938426e+00
8.500000000000000000e+01 -1.000000000000000000e+00 6.799198563899365944e+00
8.600000000000000000e+01 1.086821641670585453e-01 1.243218167425677834e+01
8.600000000000000000e+01 -1.189074218050463136e-02 4.791713036772181056e+01
8.600000000000000000e+01 -1.932156498292218402e-02 8.157449747401282991e+01
8.600000000000000000e+01 -6.183748994611919930e-02 2.767011232802344622e+01
8.600000000000000000e+01 -1.000000000000000000e+00 4.292065907533589630e+00
8.600000000000000000e+01 -1.000000000000000000e+00 6.485477390775790774e+00
8.700000000000000000e+01 1.220868147227422151e-01 1.195052876167441447e+01
8.700000000000000000e+01 -1.214718457790337630e-02 4.737581538770095335e+01
8.700000000000000000e+01 -1.944749873661273318e-02 8.089721915775356820e+01
8.700000000000000000e+01 -6.414840668288278314e-02 2.729477539597395719e+01
8.700000000000000000e+01 -1.000000000000000000e+00 5.123117435613671056e+00
8.700000000000000000e+01 -1.000000000000000000e+00 5.766945041299175401e+00
8.800000000000000000e+01 1.343899225131290065e-01 1.151845599639027284e+01
8.800000000000000000e+01 -1.234847904112804269e-02 4.687189132333020325e+01
8.800000000000000000e+01 -1.957773233989697215e-02 8.021271775026109196e+01
8.800000000000000000e+01 -6.611786493359790573e-02 2.692679582084299739e+01
8.800000000000000000e+01 -9.821948727011836633e-01 5.600517472342636083e+00
8.900000000000000000e+01 1.457277328821613149e-01 1.113203354034281034e+01
8.900000000000000000e+01 -1.250173208559133761e-02 4.639742685491548713e+01
8.900000000000000000e+01 -1.971483648367263961e-02 7.953099715411305226e+01
8.900000000000000000e+01 -6.776339405017720030e-02 2.656636191441668515e+01
8.900000000000000000e+01 -9.638373320147927137e-01 5.767637580099540529e+00
9.000000000000000000e+01 1.561893289254486228e-01 1.078620958067787328e+01
9.000000000000000000e+01 -1.261443890262795020e-02 4.594461416716740132e+01
9.000000000000000000e+01 -1.986032048487831186e-02 7.885558099118085806e+01
9.000000000000000000e+01 -6.911146772016624196e-02 2.621146117982384993e+01
9.000000000000000000e+01 -9.467707597602398328e-01 5.936281996815907291e+00
