1.000000000000000000e+01 -2.955296167521625746e-05 1.070392785867993695e+02
1.000000000000000000e+01 -3.727353764695420357e-03 4.108786167629665442e+01
1.000000000000000000e+01 -4.220189038292920802e-02 4.506937689153533100e+00
1.000000000000000000e+01 -6.582510992763207329e-03 2.990744686956579557e+01
1.000000000000000000e+01 -3.802045441276629811e-03 8.617648448149252260e+01
1.000000000000000000e+01 -5.674712020744316909e-01 7.340295465079768711e+00
1.000000000000000000e+01 -1.000000000000000000e+00 4.550993120913669365e+00
1.000000000000000000e+01 -8.684806097363388933e-01 6.511656582349950817e+00
1.000000000000000000e+01 -1.000000000000000000e+00 6.783809927333511958e+00
1.000000000000000000e+01 -8.919628350740244072e-01 8.081184754157721528e+00
1.000000000000000000e+01 -1.000000000000000000e+00 7.220495524205306381e+00
1.100000000000000000e+01 -3.852982942652307226e-05 1.071629632839820943e+02
1.100000000000000000e+01 -4.077533767358990091e-03 4.107660984420343908e+01
1.100000000000000000e+01 -4.689905307331206780e-02 4.507968398492055329e+00
1.100000000000000000e+01 -7.255373704716179366e-03 2.990995984491835458e+01
1.100000000000000000e+01 -3.805611990688575422e-03 8.631419166978319879e+01
1.100000000000000000e+01 -5.684326932381796871e-01 8.058073403832686665e+00
1.100000000000000000e+01 -1.000000000000000000e+00 4.999256747713041626e+00
1.100000000000000000e+01 -8.736296997941640496e-01 7.212911553587020741e+00
1.100000000000000000e+01 -1.000000000000000000e+00 7.486329985161170875e+00
1.100000000000000000e+01 -8.942892904108794561e-01 8.893699136760744750e+00
1.200000000000000000e+01 -5.137173954690250416e-05 1.071747397951277492e+02
1.200000000000000000e+01 -4.435973132561780302e-03 4.105804518176599771e+01
1.200000000000000000e+01 -5.164269306297186723e-02 4.508917670400438560e+00
1.200000000000000000e+01 -7.964353154059022888e-03 2.991000122638198633e+01
1.200000000000000000e+01 -3.842819623942626654e-03 8.641826984393223654e+01
1.200000000000000000e+01 -5.674016212615149435e-01 8.777798935931077295e+00
1.200000000000000000e+01 -1.000000000000000000e+00 5.445479624738798208e+00
1.200000000000000000e+01 -8.579144123613826611e-01 8.843916944831022420e+00
1.300000000000000000e+01 -6.892445560378631221e-05 1.070844263131766070e+02
1.300000000000000000e+01 -4.801598930402738163e-03 4.103289835741895786e+01
1.300000000000000000e+01 -5.643353637180741761e-02 4.509846048967310672e+00
1.300000000000000000e+01 -8.706898202307425394e-03 2.990797329990329700e+01
1.300000000000000000e+01 -3.906149919260142652e-03 8.649795820638917121e+01
1.300000000000000000e+01 -5.723062789684493223e-01 9.500490680695669710e+00
1.300000000000000000e+01 -1.000000000000000000e+00 5.891802293813674929e+00
1.300000000000000000e+01 -8.587479818059000625e-01 8.371352078374957983e+00
1.400000000000000000e+01 -9.216859170419521908e-05 1.068954859620500741e+02
1.400000000000000000e+01 -5.173846245453480631e-03 4.100153212598821995e+01
1.400000000000000000e+01 -6.127206233324195006e-02 4.510780832057642797e+00
1.400000000000000000e+01 -9.480827392925997993e-03 2.990412962975130284e+01
1.400000000000000000e+01 -3.990266432876638306e-03 8.655927272701933362e+01
1.400000000000000000e+01 -5.734169865437548363e-01 1.020814843363628910e+01
1.400000000000000000e+01 -1.000000000000000000e+00 6.336657360311090947e+00
1.400000000000000000e+01 -8.823256674764550223e-01 8.801902884267075677e+00
1.500000000000000000e+01 -1.220600122352660165e-04 1.066075822508446862e+02
1.500000000000000000e+01 -5.552076626949947226e-03 4.096399514085165094e+01
1.500000000000000000e+01 -6.615897955476762737e-02 4.511727266508567702e+00
1.500000000000000000e+01 -1.028486980936268308e-02 2.989859647727983827e+01
1.500000000000000000e+01 -4.091033852392438747e-03 8.660611326140677591e+01
1.500000000000000000e+01 -5.744987362053926017e-01 1.092087741955542235e+01
1.500000000000000000e+01 -1.000000000000000000e+00 6.779641294326688161e+00
1.600000000000000000e+01 -1.595591831539850151e-04 1.062182453164830207e+02
1.600000000000000000e+01 -5.935627478826283054e-03 4.092019275144178181e+01
1.600000000000000000e+01 -7.109534225521683959e-02 4.512685218945792442e+00
1.600000000000000000e+01 -1.111785836152377749e-02 2.989141050718897219e+01
1.600000000000000000e+01 -4.205102305392128745e-03 8.664108508156509458e+01
1.600000000000000000e+01 -5.756721376948740199e-01 1.163869448910020310e+01
1.600000000000000000e+01 -1.000000000000000000e+00 7.221095822239501416e+00
1.700000000000000000e+01 -2.055816277243964518e-04 1.057240469777827627e+02
1.700000000000000000e+01 -6.323874588129154914e-03 4.086990230650221889e+01
1.700000000000000000e+01 -7.608250434791581640e-02 4.513660415394975978e+00
1.700000000000000000e+01 -1.197886585884565085e-02 2.988255313381399247e+01
1.700000000000000000e+01 -4.329714394408138226e-03 8.666585642382055710e+01
1.700000000000000000e+01 -5.768563973973604986e-01 1.236047339393771161e+01
1.700000000000000000e+01 -1.000000000000000000e+00 7.661010580534091119e+00
1.800000000000000000e+01 -2.609843690795862498e-04 1.051214808454802068e+02
1.800000000000000000e+01 -6.716209145671727179e-03 4.081279258896191919e+01
1.800000000000000000e+01 -8.112206470630245470e-02 4.514666899598133831e+00
1.800000000000000000e+01 -1.286714085581325273e-02 2.987197575674341365e+01
1.800000000000000000e+01 -4.462467561622958552e-03 8.668140867451711529e+01
1.800000000000000000e+01 -5.780652750740468138e-01 1.306866746701739324e+01
1.900000000000000000e+01 -3.266469836093033167e-04 1.044076485730599018e+02
1.900000000000000000e+01 -7.111996302363969569e-03 4.074842867555098991e+01
1.900000000000000000e+01 -8.621586952079347832e-02 4.515725502047566842e+00
1.900000000000000000e+01 -4.601478411335413639e-03 8.668814666604535546e+01
1.900000000000000000e+01 -1.378227003564480753e-02 2.985961952751870641e+01
2.000000000000000000e+01 -4.032722581831090446e-04 1.035808767360643827e+02
2.000000000000000000e+01 -7.510032878178059604e-03 4.067631571790997214e+01
2.000000000000000000e+01 -4.743677030815253957e-03 8.668593213979647771e+01
2.000000000000000000e+01 -9.136588103393665505e-02 4.516863036999546388e+00
2.000000000000000000e+01 -1.472365374005574733e-02 2.984541866242026842e+01
2.100000000000000000e+01 -4.920143889749498340e-04 1.026410935312024009e+02
2.100000000000000000e+01 -7.909995398463225483e-03 4.059583261668713305e+01
2.100000000000000000e+01 -4.886795499430314146e-03 8.667416961095102579e+01
2.100000000000000000e+01 -9.657433219607601538e-02 4.518105937294944141e+00
2.100000000000000000e+01 -1.569110335578126694e-02 2.982926853284833157e+01
2.200000000000000000e+01 -5.945121422731811404e-04 1.015902560895768829e+02
2.200000000000000000e+01 -8.311567089479748871e-03 4.050516206435014510e+01
2.200000000000000000e+01 -5.027748338449426757e-03 8.665144457244758769e+01
2.200000000000000000e+01 -1.020112482130563769e-01 4.511432034972974847e+00
2.200000000000000000e+01 -1.668573663102002058e-02 2.981000029358590453e+01
2.300000000000000000e+01 -7.134269511032632818e-04 1.004328276639584345e+02
2.300000000000000000e+01 -8.712508803006648039e-03 4.040561710355004976e+01
2.300000000000000000e+01 -5.162186411026280751e-03 8.661577438208153978e+01
2.300000000000000000e+01 -1.073797992825084452e-01 4.511873321421577820e+00
2.300000000000000000e+01 -1.770557513853131953e-02 2.978952301144375170e+01
2.400000000000000000e+01 -8.534444428080312055e-04 9.917611723872053631e+01
2.400000000000000000e+01 -9.112368655561867842e-03 4.029512209241792675e+01
2.400000000000000000e+01 -5.283740654942201478e-03 8.656356820251654938e+01
2.400000000000000000e+01 -1.128806548822941791e-01 4.509829448841228050e+00
2.400000000000000000e+01 -1.875238049873401841e-02 2.976636262820392531e+01
2.500000000000000000e+01 -1.022972956882582099e-03 9.783115310872682358e+01
2.500000000000000000e+01 -9.509654652083133347e-03 4.017325512345027505e+01
2.500000000000000000e+01 -5.382213507567859545e-03 8.648938782650300539e+01
2.500000000000000000e+01 -1.183864652466911221e-01 4.510951931070427356e+00
2.500000000000000000e+01 -1.982528512659199535e-02 2.974117768471012013e+01
2.600000000000000000e+01 -1.237373312609774600e-03 9.641396100529655655e+01
2.600000000000000000e+01 -9.903022892297634258e-03 4.003896699560091577e+01
2.600000000000000000e+01 -5.440591366223260748e-03 8.638417239183159779e+01
2.600000000000000000e+01 -1.238997203866774727e-01 4.514773222756224058e+00
2.600000000000000000e+01 -2.092491313836172817e-02 2.971366997277497290e+01
2.700000000000000000e+01 -1.540726669887361585e-03 9.487128975023475164e+01
2.700000000000000000e+01 -1.029446280796403324e-02 3.988754482085035846e+01
2.700000000000000000e+01 -5.417812282488662819e-03 8.622280711470628489e+01
2.700000000000000000e+01 -1.291201007874794859e-01 4.532775206608252283e+00
2.700000000000000000e+01 -2.205361032647270431e-02 2.968459694054836007e+01
2.800000000000000000e+01 -1.964266152433466125e-03 9.338404929374438268e+01
2.800000000000000000e+01 -1.067520221299669489e-02 3.972266084613895742e+01
2.800000000000000000e+01 -5.272716481765311013e-03 8.599139647294471445e+01
2.800000000000000000e+01 -1.347810108019601161e-01 4.536396445292512070e+00
2.800000000000000000e+01 -2.321087197878384661e-02 2.965091263338868899e+01
2.900000000000000000e+01 -2.606282060790313018e-03 9.194683303058849333e+01
2.900000000000000000e+01 -4.910091544424442268e-03 8.563387474261340060e+01
2.900000000000000000e+01 -1.104600011580947859e-02 3.954094331064954559e+01
2.900000000000000000e+01 -1.405123969657796068e-01 4.540523834229163391e+00
2.900000000000000000e+01 -2.439830006476527077e-02 2.961381641111558949e+01
3.000000000000000000e+01 -3.557482334142740218e-03 9.065318426072175839e+01
3.000000000000000000e+01 -4.238567616059511940e-03 8.506812200602352902e+01
3.000000000000000000e+01 -1.140411683618583819e-02 3.934084939085977339e+01
3.000000000000000000e+01 -1.463141969143491594e-01 4.545235763546799035e+00
3.000000000000000000e+01 -2.561733516631585147e-02 2.957295002119786886e+01
3.100000000000000000e+01 -3.324126517162016067e-03 8.419722855687452068e+01
3.100000000000000000e+01 -4.751561684054956408e-03 8.961312349334714611e+01
3.100000000000000000e+01 -1.174629568226232164e-02 3.912079783073176031e+01
3.100000000000000000e+01 -1.521871780569233612e-01 4.550559342204508084e+00
3.100000000000000000e+01 -2.686957074013928901e-02 2.952788785068350919e+01
3.200000000000000000e+01 -2.478677234595346064e-03 8.298448672739066012e+01
3.200000000000000000e+01 -1.206883277718213791e-02 3.887908367815325050e+01
3.200000000000000000e+01 -5.876885315862732766e-03 8.887612147148848862e+01
3.200000000000000000e+01 -1.581302680056444754e-01 4.556577527052674270e+00
3.200000000000000000e+01 -2.815660520464241881e-02 2.947809577851241869e+01
3.300000000000000000e+01 -1.923866988766278260e-03 8.149554827871078544e+01
3.300000000000000000e+01 -1.236902726810371056e-02 3.861152235480675188e+01
3.300000000000000000e+01 -6.712436938664137313e-03 8.838914494396938437e+01
3.300000000000000000e+01 -1.647672164154729002e-01 4.544249644976695812e+00
3.300000000000000000e+01 -2.948915629723207824e-02 2.941930995656723269e+01
3.400000000000000000e+01 -1.622258648942751869e-03 7.980077803386809876e+01
3.400000000000000000e+01 -1.263951252508777046e-02 3.831949630436802323e+01
3.400000000000000000e+01 -7.299207410959222646e-03 8.805854044679804815e+01
3.400000000000000000e+01 -1.701291248851344307e-01 4.574188278437663513e+00
3.400000000000000000e+01 -3.084313113404748424e-02 2.936147341048718218e+01
3.500000000000000000e+01 -1.486953607897323034e-03 7.803939860502823933e+01
3.500000000000000000e+01 -1.287456444998183284e-02 3.800128866514251769e+01
3.500000000000000000e+01 -7.722111256028385377e-03 8.782870886884596473e+01
3.500000000000000000e+01 -1.762454455727388292e-01 4.583443377497872007e+00
3.500000000000000000e+01 -3.224292506776671452e-02 2.929310489929124728e+01
3.600000000000000000e+01 -1.441862482152057130e-03 7.623826488806470536e+01
3.600000000000000000e+01 -1.306925869056243909e-02 3.765457988134578926e+01
3.600000000000000000e+01 -8.061873988418923748e-03 8.765317442623640432e+01
3.600000000000000000e+01 -1.824157194480248989e-01 4.593842282151157086e+00
3.600000000000000000e+01 -3.368159211519695939e-02 2.921652616083943954e+01
3.700000000000000000e+01 -1.451974774503855987e-03 7.443315573973940502e+01
3.700000000000000000e+01 -1.321792680101272453e-02 3.727822054019269160e+01
3.700000000000000000e+01 -8.356593456101756023e-03 8.750905435360969875e+01
3.700000000000000000e+01 -1.886331765948179029e-01 4.605508544891688594e+00
3.700000000000000000e+01 -3.515739492016630580e-02 2.913031777086147400e+01
3.800000000000000000e+01 -1.501797977564551904e-03 7.264965190919987492e+01
3.800000000000000000e+01 -1.331595917474988171e-02 3.687155166579260168e+01
3.800000000000000000e+01 -8.626562790710546463e-03 8.738294502438151312e+01
3.800000000000000000e+01 -1.948919734511236068e-01 4.618557274872285845e+00
3.800000000000000000e+01 -3.666776258758140672e-02 2.903268395317683925e+01
3.900000000000000000e+01 -1.585173851848321967e-03 7.090741500593321689e+01
3.900000000000000000e+01 -1.336131729656662645e-02 3.643473465194271910e+01
3.900000000000000000e+01 -8.881880101129478039e-03 8.726644937593185603e+01
3.900000000000000000e+01 -2.011828537435434161e-01 4.633122486360560011e+00
3.900000000000000000e+01 -3.820434562468550538e-02 2.892140612374157271e+01
4.000000000000000000e+01 -1.701561915706998815e-03 6.922185934233210958e+01
4.000000000000000000e+01 -1.335722000752070926e-02 3.596894571793234263e+01
4.000000000000000000e+01 -9.128649150584186578e-03 8.715413861072279644e+01
4.000000000000000000e+01 -2.074970840391575089e-01 4.649342065984996886e+00
4.000000000000000000e+01 -3.975449397112662542e-02 2.879364772704679254e+01
4.100000000000000000e+01 -1.852463274400388635e-03 6.760529298835200507e+01
4.100000000000000000e+01 -1.331593838272988189e-02 3.547675692819389326e+01
4.100000000000000000e+01 -9.369975337805622889e-03 8.704222112349050633e+01
4.100000000000000000e+01 -2.138240664689257109e-01 4.667363375603361675e+00
4.100000000000000000e+01 -4.129486971758608571e-02 2.864590141375045462e+01
4.200000000000000000e+01 -2.041984147762077040e-03 6.605117970035760777e+01
4.200000000000000000e+01 -1.326532585958776350e-02 3.495740516600156411e+01
4.200000000000000000e+01 -9.608770208787526315e-03 8.692648538098676170e+01
4.200000000000000000e+01 -2.200427298948678945e-01 4.690107392338878078e+00
4.200000000000000000e+01 -4.278426641332230135e-02 2.847289723452850296e+01
4.300000000000000000e+01 -2.269737847127250262e-03 6.459835902033162824e+01
4.300000000000000000e+01 -1.325345513624106089e-02 3.442642711322996263e+01
4.300000000000000000e+01 -9.843919526929988811e-03 8.680736036133831135e+01
4.300000000000000000e+01 -2.263325256289603349e-01 4.712727585098439143e+00
4.300000000000000000e+01 -4.416706630963690428e-02 2.827062147387879776e+01
4.400000000000000000e+01 -2.537906383877762406e-03 6.323617548787620279e+01
4.400000000000000000e+01 -1.335770095887264114e-02 3.388787756172192900e+01
4.400000000000000000e+01 -1.007669485027177722e-02 8.668181546680301608e+01
4.400000000000000000e+01 -2.325876141809929132e-01 4.737734841624517301e+00
4.400000000000000000e+01 -4.535426799830543504e-02 2.803209545839760608e+01
4.500000000000000000e+01 -2.846324446747408067e-03 6.196702111184684725e+01
4.500000000000000000e+01 -1.368404649848976862e-02 3.335196340842252738e+01
4.500000000000000000e+01 -1.030803272874537130e-02 8.654849566722383258e+01
4.500000000000000000e+01 -2.387964081310600117e-01 4.765286729493207751e+00
4.500000000000000000e+01 -4.623653710657895516e-02 2.775013337355870391e+01
4.600000000000000000e+01 -3.192763295475954406e-03 6.079114468157567330e+01
4.600000000000000000e+01 -1.435786889793956057e-02 3.283018285870907249e+01
4.600000000000000000e+01 -1.053748261813227012e-02 8.640603400040578208e+01
4.600000000000000000e+01 -2.449354974576399557e-01 4.795610928308211562e+00
4.600000000000000000e+01 -4.668084842811662249e-02 2.741735785051433538e+01
4.700000000000000000e+01 -3.573499907468833531e-03 5.970686523038099125e+01
4.700000000000000000e+01 -1.549468576764023026e-02 3.233427398172832312e+01
4.700000000000000000e+01 -1.076535867302461612e-02 8.625337641295111268e+01
4.700000000000000000e+01 -2.509890133481711971e-01 4.828890829861490985e+00
4.700000000000000000e+01 -4.657230056118644157e-02 2.702708833480440731e+01
4.800000000000000000e+01 -3.983368166355146824e-03 5.871090872144474559e+01
4.800000000000000000e+01 -1.715743637886742862e-02 3.187468692402820380e+01
4.800000000000000000e+01 -1.099183465245154832e-02 8.608959547984420624e+01
4.800000000000000000e+01 -4.585136229314236422e-02 2.657471636825056649e+01
4.800000000000000000e+01 -2.569428868304193259e-01 4.865291560779088087e+00
4.900000000000000000e+01 -4.416192610128453176e-03 5.779868136828734748e+01
4.900000000000000000e+01 -1.931933678071945382e-02 3.145882831820388859e+01
4.900000000000000000e+01 -1.121637844220271275e-02 8.591375180414389945e+01
4.900000000000000000e+01 -4.454263945335550090e-02 2.605924746528894076e+01
4.900000000000000000e+01 -2.627691816847520512e-01 4.905063962552628887e+00
5.000000000000000000e+01 -4.867772294003501476e-03 5.696113060020217489e+01
5.000000000000000000e+01 -2.187599440525483246e-02 3.108795797087780244e+01
5.000000000000000000e+01 -1.144015258500160649e-02 8.572416670148703588e+01
5.000000000000000000e+01 -4.275536797586752813e-02 2.548233789172976671e+01
5.000000000000000000e+01 -2.683671416791841291e-01 4.950377007665725415e+00
5.100000000000000000e+01 -5.327212410148929149e-03 5.619956937761623550e+01
5.100000000000000000e+01 -2.463161139729495505e-02 3.076400154811699750e+01
5.100000000000000000e+01 -1.166101629463520313e-02 8.552205006114347441e+01
5.100000000000000000e+01 -4.068810629794342854e-02 2.485574282255633349e+01
5.100000000000000000e+01 -2.738830385007938184e-01 4.997628166614996204e+00
5.200000000000000000e+01 -5.790627187257028040e-03 5.550381825688906190e+01
5.200000000000000000e+01 -2.743673384249632752e-02 3.047967672269165007e+01
5.200000000000000000e+01 -3.849140421963149344e-02 2.418929425137457301e+01
5.200000000000000000e+01 -1.187983578817722839e-02 8.530604542145105995e+01
5.200000000000000000e+01 -2.792243466523283701e-01 5.048789208332841838e+00
5.300000000000000000e+01 -6.252720873766903255e-03 5.486747723502504215e+01
5.300000000000000000e+01 -3.628344306473686720e-02 2.349554455493208138e+01
5.300000000000000000e+01 -3.017597470537239715e-02 3.022788476429773752e+01
5.300000000000000000e+01 -1.209654786646012503e-02 8.507576957540578633e+01
5.300000000000000000e+01 -2.843833179894809660e-01 5.103993867741302815e+00
5.400000000000000000e+01 -6.709171878163455900e-03 5.428430985266960818e+01
5.400000000000000000e+01 -3.412244924045262917e-02 2.278644740220353526e+01
5.400000000000000000e+01 -3.278260302206358751e-02 3.000135690397009469e+01
5.400000000000000000e+01 -1.231098701893419169e-02 8.483100407423566480e+01
5.400000000000000000e+01 -2.893336264723730955e-01 5.163471475218992524e+00
5.500000000000000000e+01 -7.156356304039152363e-03 5.374839167666549855e+01
5.500000000000000000e+01 -3.203255633289546489e-02 2.207224580384978552e+01
5.500000000000000000e+01 -3.523193119019667890e-02 2.979386692708756712e+01
5.500000000000000000e+01 -1.252318599437294080e-02 8.457164780012148242e+01
5.500000000000000000e+01 -2.940740154940978401e-01 5.227336399075342754e+00
5.600000000000000000e+01 -7.591582822033066114e-03 5.325418400055996671e+01
5.600000000000000000e+01 -3.001273067673416658e-02 2.136131507431043630e+01
5.600000000000000000e+01 -1.273319556540495126e-02 8.429778598608365314e+01
5.600000000000000000e+01 -3.752399433543675278e-02 2.960037958659122381e+01
5.600000000000000000e+01 -2.986112292965185655e-01 5.295667261440584639e+00
5.700000000000000000e+01 -8.012914000934961631e-03 5.279663232101585635e+01
5.700000000000000000e+01 -2.804301544166201005e-02 2.066045775082136871e+01
5.700000000000000000e+01 -1.294105582947582302e-02 8.400962611890716403e+01
5.700000000000000000e+01 -3.966578828660487221e-02 2.941663355433019333e+01
5.700000000000000000e+01 -3.029249377648665087e-01 5.368667412090458946e+00
5.800000000000000000e+01 -8.419287823387477249e-03 5.237108281416929856e+01
5.800000000000000000e+01 -2.610392020898419027e-02 1.997468845224189948e+01
5.800000000000000000e+01 -1.314670605315089447e-02 8.370757346774288976e+01
5.800000000000000000e+01 -4.167335833848183346e-02 2.923960694044837894e+01
5.800000000000000000e+01 -3.070282330779188773e-01 5.446404531397029736e+00
5.900000000000000000e+01 -8.809913824890757209e-03 5.197338315412185494e+01
5.900000000000000000e+01 -2.417277871783649751e-02 1.930776203535192082e+01
5.900000000000000000e+01 -1.335036608343365301e-02 8.339214238824578729e+01
5.900000000000000000e+01 -4.356211112377338102e-02 2.906691441871479498e+01
5.900000000000000000e+01 -3.109310747140250908e-01 5.528965332292602675e+00
6.000000000000000000e+01 -2.222748107163260295e-02 1.866230290560874394e+01
6.000000000000000000e+01 -9.184635210085334567e-03 5.159977414115218863e+01
6.000000000000000000e+01 -1.355214691401900387e-02 8.306402044968982068e+01
6.000000000000000000e+01 -4.534690481057087469e-02 2.889677911679676825e+01
6.000000000000000000e+01 -3.146522341371230103e-01 5.616417322593195927e+00
6.100000000000000000e+01 -2.024602697609930585e-02 1.804002223365432300e+01
6.100000000000000000e+01 -9.543546092491169211e-03 5.124689779211976060e+01
6.100000000000000000e+01 -1.375225089299048249e-02 8.272401200915005859e+01
6.100000000000000000e+01 -4.704020873398992442e-02 2.872779392887714778e+01
6.100000000000000000e+01 -3.182129641559431898e-01 5.708835567921231480e+00
6.200000000000000000e+01 -1.820461769035626107e-02 1.744206618067180870e+01
6.200000000000000000e+01 -9.886941233542358848e-03 5.091185493759530090e+01
6.200000000000000000e+01 -1.395089704092699993e-02 8.237305616879680770e+01
6.200000000000000000e+01 -4.865025242065088018e-02 2.855878248354768090e+01
6.200000000000000000e+01 -3.216253121444196394e-01 5.806345226380388524e+00
6.300000000000000000e+01 -1.608092526533022593e-02 1.686876360644897943e+01
6.300000000000000000e+01 -1.021526850001642714e-02 5.059199391122454870e+01
6.300000000000000000e+01 -1.414835704318424987e-02 8.201213444278118914e+01
6.300000000000000000e+01 -5.018685352701272862e-02 2.838901491954917233e+01
6.300000000000000000e+01 -3.249291424438605635e-01 5.909005794685327828e+00
6.400000000000000000e+01 -1.384977552236809663e-02 1.631995512418910721e+01
6.400000000000000000e+01 -1.052922121052945678e-02 5.028492233615324380e+01
6.400000000000000000e+01 -1.434506637596942753e-02 8.164242539632893170e+01
6.400000000000000000e+01 -5.165962297112607071e-02 2.821806632450834229e+01
6.400000000000000000e+01 -3.281797075242873230e-01 6.016852432502158621e+00
6.500000000000000000e+01 -1.148278201515922324e-02 1.579542832026096555e+01
6.500000000000000000e+01 -1.082885762722796651e-02 4.998859765684994727e+01
6.500000000000000000e+01 -1.454045393493059828e-02 8.126515091721579154e+01
6.500000000000000000e+01 -5.306730621530279107e-02 2.804515065663268558e+01
6.500000000000000000e+01 -3.314276082924512701e-01 6.129132455219116871e+00
6.600000000000000000e+01 -8.937532520384249349e-03 1.529433184806227963e+01
6.600000000000000000e+01 -1.111621789881485009e-02 4.970141138542963688e+01
6.600000000000000000e+01 -1.473636191740122781e-02 8.088100078905540613e+01
6.600000000000000000e+01 -5.442106316805817717e-02 2.787005189342266220e+01
6.600000000000000000e+01 -3.346567172291521342e-01 6.248113574218182364e+00
6.700000000000000000e+01 -6.174146171593587577e-03 1.481590963130700978e+01
6.700000000000000000e+01 -1.139130584337482918e-02 4.942167137753680350e+01
6.700000000000000000e+01 -1.493234041458024568e-02 8.049153669056909166e+01
6.700000000000000000e+01 -5.572165908554612551e-02 2.769259814096005456e+01
6.700000000000000000e+01 -3.379806871117574940e-01 6.372644420485435113e+00
6.800000000000000000e+01 -3.137632749057274982e-03 1.435918645636404278e+01
6.800000000000000000e+01 -1.165487960689551121e-02 4.914796618574651887e+01
6.800000000000000000e+01 -1.512870801924355926e-02 8.009795310471814389e+01
6.800000000000000000e+01 -5.697169725796086964e-02 2.751263475298997818e+01
6.800000000000000000e+01 -3.414741211969843926e-01 6.502837794234548774e+00
6.900000000000000000e+01 2.405951131316833795e-04 1.392315833913433742e+01
6.900000000000000000e+01 -1.190755680967524495e-02 4.887906274937544282e+01
6.900000000000000000e+01 -1.532578666243943413e-02 7.970138243094970676e+01
6.900000000000000000e+01 -5.817287969753892618e-02 2.733006073271196001e+01
6.900000000000000000e+01 -3.452232535425474591e-01 6.638810254163884039e+00
7.000000000000000000e+01 4.043623774259550233e-03 1.350627862155907088e+01
7.000000000000000000e+01 -1.214979591576877474e-02 4.861329398763253806e+01
7.000000000000000000e+01 -1.552303386786354177e-02 7.930250595528823965e+01
7.000000000000000000e+01 -5.932511424589242965e-02 2.714453591711934166e+01
7.000000000000000000e+01 -3.493575908879431591e-01 6.779596332099945499e+00
7.100000000000000000e+01 8.383260972479633297e-03 1.310909637346557943e+01
7.100000000000000000e+01 -1.238348322396131546e-02 4.835095713947072227e+01
7.100000000000000000e+01 -1.572355989752686686e-02 7.890325374863432728e+01
7.100000000000000000e+01 -6.043640135473685865e-02 2.695686236730110252e+01
7.100000000000000000e+01 -3.539246450706010627e-01 6.928211687399884688e+00
7.200000000000000000e+01 1.336406857601331148e-02 1.273089863960505852e+01
7.200000000000000000e+01 -1.260716026889665067e-02 4.809063229250281069e+01
7.200000000000000000e+01 -1.592457700360994793e-02 7.850488376041577965e+01
7.200000000000000000e+01 -6.149581943375374837e-02 2.676654545711085120e+01
7.200000000000000000e+01 -3.591187288560659385e-01 7.081338923983861555e+00
7.300000000000000000e+01 1.912938510513910104e-02 1.237082079990032923e+01
7.300000000000000000e+01 -1.282246647234570013e-02 4.783114946386549349e+01
7.300000000000000000e+01 -1.612735249037018648e-02 7.810695436111191725e+01
7.300000000000000000e+01 -6.250820414705203498e-02 2.657333977476274001e+01
7.300000000000000000e+01 -3.650525778734115545e-01 7.239563355213293860e+00
7.400000000000000000e+01 2.580763886069813162e-02 1.202990468483432451e+01
7.400000000000000000e+01 -1.302953685428955705e-02 4.757211740914667786e+01
7.400000000000000000e+01 -1.633215360105681052e-02 7.771099374080324651e+01
7.400000000000000000e+01 -6.347238255375843574e-02 2.637755545098477583e+01
7.400000000000000000e+01 -3.718691530342688734e-01 7.401861295836297927e+00
7.500000000000000000e+01 3.350176882021489028e-02 1.170937047738821768e+01
7.500000000000000000e+01 -1.322863761575163340e-02 4.731294369347317286e+01
7.500000000000000000e+01 -1.653916714191903947e-02 7.731777442591700833e+01
7.500000000000000000e+01 -6.438706302731210529e-02 2.617925350018807507e+01
7.500000000000000000e+01 -3.796753692357494603e-01 7.566676227853067260e+00
7.600000000000000000e+01 4.224906195776665513e-02 1.141095539051080543e+01
7.600000000000000000e+01 -1.341989916600305928e-02 4.705309880726713345e+01
7.600000000000000000e+01 -1.674855296542428554e-02 7.692799406337445589e+01
7.600000000000000000e+01 -6.525046217608659882e-02 2.597850287627603194e+01
7.600000000000000000e+01 -3.885141307414856082e-01 7.731848741508597911e+00
7.700000000000000000e+01 5.198321282351733852e-02 1.113652825722869011e+01
7.700000000000000000e+01 -1.360331524720029793e-02 4.679210638819622403e+01
7.700000000000000000e+01 -1.696051756948371847e-02 7.654233355313002107e+01
7.700000000000000000e+01 -6.606072259656188550e-02 2.577540292631174879e+01
7.700000000000000000e+01 -3.983319046218620763e-01 7.894794257849795827e+00
7.800000000000000000e+01 6.252206830190884523e-02 1.088744570160168834e+01
7.800000000000000000e+01 -1.377931771462215932e-02 4.652932691615052363e+01
7.800000000000000000e+01 -1.717549634802670311e-02 7.616150897425512767e+01
7.800000000000000000e+01 -6.681749412585953618e-02 2.557015304822928670e+01
7.800000000000000000e+01 -4.089809170389685500e-01 8.052899322008096661e+00
7.900000000000000000e+01 7.356963193691988534e-02 1.066423010811610972e+01
7.900000000000000000e+01 -1.394669692193607410e-02 4.626482265948768458e+01
7.900000000000000000e+01 -1.739265717527668093e-02 7.578549622497013161e+01
7.900000000000000000e+01 -6.751192779736950311e-02 2.536250216471413665e+01
7.900000000000000000e+01 -4.201616177003830166e-01 8.204231425257962229e+00
8.000000000000000000e+01 8.480825831575208862e-02 1.046593249047333885e+01
8.000000000000000000e+01 -1.410541393052111916e-02 4.599802302327064751e+01
8.000000000000000000e+01 -1.761251903158272958e-02 7.541496439127691076e+01
8.000000000000000000e+01 -6.814296736271481525e-02 2.515268971594446512e+01
8.000000000000000000e+01 -4.316108382785147635e-01 8.347651110055508639e+00
8.100000000000000000e+01 9.593501288384044534e-02 1.029063620738710227e+01
8.100000000000000000e+01 -1.425498418782738565e-02 4.572861672389080212e+01
8.100000000000000000e+01 -1.783506953977579204e-02 7.505026002512120442e+01
8.100000000000000000e+01 -6.870634643718019630e-02 2.494078513368830841e+01
8.100000000000000000e+01 -4.430656731492801925e-01 8.483006958537268716e+00
8.200000000000000000e+01 1.067108767523911594e-01 1.013580790847355928e+01
8.200000000000000000e+01 -1.439450903177725422e-02 4.545631860454403039e+01
8.200000000000000000e+01 -1.806031451963309442e-02 7.469164546160186546e+01
8.200000000000000000e+01 -6.919665606564873173e-02 2.472683789870994531e+01
8.200000000000000000e+01 -4.543251316213853253e-01 8.610917343734671547e+00
8.300000000000000000e+01 1.169687374806045316e-01 9.998752098348216322e+00
8.300000000000000000e+01 -1.452314465207270831e-02 4.518085842065095648e+01
8.300000000000000000e+01 -1.828819129277324887e-02 7.433934908907448857e+01
8.300000000000000000e+01 -6.960812164849934647e-02 2.451090322823823442e+01
8.300000000000000000e+01 -4.652572215340285977e-01 8.732409149161650674e+00
8.400000000000000000e+01 1.266162957000780964e-01 9.877105201747653496e+00
8.400000000000000000e+01 -1.463966716298204310e-02 4.490229850142505796e+01
8.400000000000000000e+01 -1.851920224751608599e-02 7.399362343331696934e+01
8.400000000000000000e+01 -6.993507598516691959e-02 2.429320045434036146e+01
8.400000000000000000e+01 -4.757890656375459715e-01 8.849139675784295278e+00
8.500000000000000000e+01 1.355687896669995895e-01 9.767427270396249028e+00
8.500000000000000000e+01 -1.474364790624553383e-02 4.461854712484033314e+01
8.500000000000000000e+01 -1.875075010532550185e-02 7.365316311306879982e+01
8.500000000000000000e+01 -7.016335544823132375e-02 2.407248875556593148e+01
8.500000000000000000e+01 -4.859055060004470183e-01 8.960439796122619427e+00
8.600000000000000000e+01 1.438759173901328625e-01 9.670149087634465346e+00
8.600000000000000000e+01 -1.483129163746072648e-02 4.433323690928636296e+01
8.600000000000000000e+01 -1.898744329377724527e-02 7.332153120280965197e+01
8.600000000000000000e+01 -7.029670597116154107e-02 2.385159836659061483e+01
8.600000000000000000e+01 -4.956056903724713747e-01 9.070820636937382275e+00
8.700000000000000000e+01 1.514743554465773911e-01 9.581336125690953054e+00
8.700000000000000000e+01 -1.490303981272422459e-02 4.404245217069773588e+01
8.700000000000000000e+01 -1.922439441329083787e-02 7.299576003575607785e+01
8.700000000000000000e+01 -7.031270316375005935e-02 2.362791699493896758e+01
8.700000000000000000e+01 -5.049286361763294373e-01 9.177868118442329859e+00
8.800000000000000000e+01 1.584255391191819462e-01 9.500600774500666645e+00
8.800000000000000000e+01 -1.495611727536048062e-02 4.374756296820179102e+01
8.800000000000000000e+01 -1.946409206306797673e-02 7.267649365096502834e+01
8.800000000000000000e+01 -7.020513340582645867e-02 2.340245413447514267e+01
8.800000000000000000e+01 -5.139069824945875498e-01 9.284361263577332934e+00
8.900000000000000000e+01 1.647466082716134705e-01 9.426640880977670278e+00
8.900000000000000000e+01 -1.498830919647114492e-02 4.344811543773081297e+01
8.900000000000000000e+01 -1.970583860718184629e-02 7.236385460455745999e+01
8.900000000000000000e+01 -6.995972390947322039e-02 2.317512728081846163e+01
8.900000000000000000e+01 -5.225942097067926007e-01 9.390605905324264313e+00
9.000000000000000000e+01 1.704683776678985463e-01 9.358490553314975813e+00
9.000000000000000000e+01 -1.499713107796611482e-02 4.314389047675062727e+01
9.000000000000000000e+01 -1.994950004907633523e-02 7.205775518165724236e+01
9.000000000000000000e+01 -6.956117320854393604e-02 2.294594385781920565e+01
9.000000000000000000e+01 -5.310442606482386196e-01 9.497269882893924375e+00
