1.000000000000000000e+01 1.842376187097962713e-05 5.402799999999999825e-01 1.048328126471076730e-03
1.100000000000000000e+01 2.238688655960959856e-05 5.402795000000000236e-01 1.272212059015581914e-03
1.200000000000000000e+01 2.676577357867782213e-05 5.402787999999999480e-01 1.518928212964825147e-03
1.300000000000000000e+01 3.157134241237019291e-05 5.402778000000000302e-01 1.788900462305591764e-03
1.400000000000000000e+01 3.681561482449671274e-05 5.402765999999999957e-01 2.082591667725098260e-03
1.500000000000000000e+01 4.251194132970777207e-05 5.402751000000000081e-01 2.400514674333531148e-03
1.600000000000000000e+01 4.867486186406866068e-05 5.402732999999999564e-01 2.743222312572770206e-03
1.700000000000000000e+01 5.532033775543816615e-05 5.402709999999999457e-01 3.111318395842940527e-03
1.800000000000000000e+01 6.246572990653220738e-05 5.402681999999999762e-01 3.505453720273913817e-03
1.900000000000000000e+01 7.012987629324851386e-05 5.402649000000000479e-01 3.926328063677229051e-03
2.000000000000000000e+01 7.833327982150527853e-05 5.402609999999999912e-01 4.374697183333333197e-03
2.100000000000000000e+01 8.709814616641222427e-05 5.402563999999999700e-01 4.851371815178768393e-03
2.200000000000000000e+01 9.644849266581295331e-05 5.402508999999999784e-01 5.357219672210086943e-03
2.300000000000000000e+01 1.064103394766209468e-04 5.402445000000000164e-01 5.893172442213495330e-03
2.400000000000000000e+01 1.170117686556900637e-04 5.402371000000000256e-01 6.460223786428944716e-03
2.500000000000000000e+01 1.282830585045448822e-04 5.402285999999999477e-01 7.059432337662115316e-03
2.600000000000000000e+01 1.402569740757775643e-04 5.402187000000000516e-01 7.691931696736886877e-03
2.700000000000000000e+01 1.529688781561422753e-04 5.402074000000000042e-01 8.358930430558127872e-03
2.800000000000000000e+01 1.664568337958718578e-04 5.401945000000000219e-01 9.061711070169701718e-03
2.900000000000000000e+01 1.807620425229645891e-04 5.401797000000000404e-01 9.801646105542669019e-03
3.000000000000000000e+01 1.959288716086412987e-04 5.401629999999999487e-01 1.058019198418538864e-02
3.100000000000000000e+01 2.120051972005309161e-04 5.401439999999999575e-01 1.139889610622041131e-02
3.200000000000000000e+01 2.290427371878099485e-04 5.401224000000000025e-01 1.225940982055454508e-02
3.300000000000000000e+01 2.470972794360464008e-04 5.400981000000000254e-01 1.316348241998105753e-02
3.400000000000000000e+01 2.662291957203415604e-04 5.400707999999999620e-01 1.411298313556013165e-02
3.500000000000000000e+01 2.865035971510052570e-04 5.400399999999999645e-01 1.510989113238263987e-02
3.600000000000000000e+01 3.079907886549747243e-04 5.400053999999999688e-01 1.615630550316040845e-02
3.700000000000000000e+01 3.307669279767290124e-04 5.399665999999999633e-01 1.725446525976987930e-02
3.800000000000000000e+01 3.549144056204128653e-04 5.399230999999999892e-01 1.840674932662019966e-02
3.900000000000000000e+01 3.805224093145024851e-04 5.398745000000000349e-01 1.961568653232373394e-02
4.000000000000000000e+01 4.076872494115886059e-04 5.398201000000000249e-01 2.088394560249289336e-02
4.100000000000000000e+01 4.443073630102596151e-04 5.397423000000000082e-01 2.257418392486994219e-02
4.200000000000000000e+01 4.761770349789200339e-04 5.396708000000000061e-01 2.402334843717613203e-02
4.300000000000000000e+01 5.101327819741413106e-04 5.395908000000000371e-01 2.554786801939523677e-02
4.400000000000000000e+01 5.463338019170152970e-04 5.395012000000000141e-01 2.715192052944843254e-02
4.500000000000000000e+01 5.851831318551563212e-04 5.394004000000000021e-01 2.885000114105452235e-02
4.600000000000000000e+01 6.264785387762278161e-04 5.392881999999999953e-01 3.062951146487051524e-02
4.700000000000000000e+01 6.767242882183924788e-04 5.391447000000000322e-01 3.276329954188886978e-02
4.800000000000000000e+01 7.250899243981763281e-04 5.390000000000000346e-01 3.478226294305372668e-02
4.900000000000000000e+01 7.769860196775691622e-04 5.388376999999999750e-01 3.691419193441801416e-02
5.000000000000000000e+01 8.327278716538288796e-04 5.386556999999999595e-01 3.916641212900626862e-02
5.100000000000000000e+01 8.926648966646302851e-04 5.384514999999999718e-01 4.154682863264845538e-02
5.200000000000000000e+01 9.630141211510109822e-04 5.382010000000000405e-01 4.429129886549976886e-02
5.300000000000000000e+01 1.033804813454654477e-03 5.379380000000000273e-01 4.699825568020002398e-02
5.400000000000000000e+01 1.110334819950623822e-03 5.376419000000000059e-01 4.986840718539814477e-02
5.500000000000000000e+01 1.193178953686484202e-03 5.373082999999999609e-01 5.291341512536332919e-02
5.600000000000000000e+01 1.288428566018728948e-03 5.369087000000000165e-01 5.634174494165242186e-02
5.700000000000000000e+01 1.387183004701083222e-03 5.364776999999999463e-01 5.981597058044362675e-02
5.800000000000000000e+01 1.494745762194155461e-03 5.359899000000000191e-01 6.351516675697749248e-02
5.900000000000000000e+01 1.616842670873707560e-03 5.354141000000000039e-01 6.761608046112284331e-02
6.000000000000000000e+01 1.746044519478558892e-03 5.347813999999999623e-01 7.184713998880819241e-02
6.100000000000000000e+01 1.887455204577445167e-03 5.340627999999999487e-01 7.636129956042486677e-02
6.200000000000000000e+01 2.047366812487196562e-03 5.332192999999999516e-01 8.133217580657885193e-02
6.300000000000000000e+01 2.218783571303315199e-03 5.322816000000000214e-01 8.651255316819773944e-02
6.400000000000000000e+01 2.411440213642098308e-03 5.311888000000000165e-01 9.217012252138832851e-02
6.500000000000000000e+01 2.620012129023528962e-03 5.299629000000000145e-01 9.811292755754132122e-02
6.600000000000000000e+01 2.849874277068900879e-03 5.285638999999999754e-01 1.044637731744575554e-01
6.700000000000000000e+01 3.108113495427083060e-03 5.269359999999999600e-01 1.113746188339280879e-01
6.800000000000000000e+01 3.388755666639404508e-03 5.251050999999999913e-01 1.186386272963654981e-01
6.900000000000000000e+01 3.702444543855692733e-03 5.229869999999999797e-01 1.264865479469128029e-01
7.000000000000000000e+01 4.044123985581011931e-03 5.206009999999999804e-01 1.347384416218001812e-01
7.100000000000000000e+01 4.423560182175395421e-03 5.178606999999999516e-01 1.435793660626945301e-01
7.200000000000000000e+01 4.836137023556241928e-03 5.147810000000000441e-01 1.528438766338057753e-01
7.300000000000000000e+01 5.290192963750034623e-03 5.112780999999999576e-01 1.626659482140682123e-01
7.400000000000000000e+01 5.781156981390249416e-03 5.073655000000000248e-01 1.728891367516176558e-01
7.500000000000000000e+01 6.312544681055446208e-03 5.029926000000000119e-01 1.835380846438506297e-01
7.600000000000000000e+01 6.884351274280574307e-03 4.981349999999999945e-01 1.945635844798103975e-01
7.700000000000000000e+01 7.495683410654868130e-03 4.927753999999999746e-01 2.059041424848116197e-01
7.800000000000000000e+01 8.147373296345220353e-03 4.868798999999999766e-01 2.175356404615357286e-01
7.900000000000000000e+01 8.831487012534541825e-03 4.804977999999999749e-01 2.292829902091776118e-01
8.000000000000000000e+01 9.545224005462529457e-03 4.736347000000000196e-01 2.410790303751403907e-01
8.100000000000000000e+01 1.028950235382550607e-02 4.662591999999999848e-01 2.529244450409304235e-01
8.200000000000000000e+01 1.105778037441777426e-02 4.584169000000000160e-01 2.647009303564125116e-01
8.300000000000000000e+01 1.184585981625766067e-02 4.501342999999999872e-01 2.763393490612293668e-01
8.400000000000000000e+01 1.264798589341558158e-02 4.414601000000000219e-01 2.877543885967280279e-01
8.500000000000000000e+01 1.346396049227756297e-02 4.323825000000000029e-01 2.989492529084444294e-01
8.600000000000000000e+01 1.428795622399939985e-02 4.229583000000000093e-01 3.098467319388713004e-01
8.700000000000000000e+01 1.511564497665347957e-02 4.132327000000000083e-01 3.203972936800124072e-01
8.800000000000000000e+01 1.594667473482260650e-02 4.032028999999999752e-01 3.306080453578487677e-01
8.900000000000000000e+01 1.677598027745900305e-02 3.929314999999999891e-01 3.404232668862378075e-01
9.000000000000000000e+01 1.760373963993629165e-02 3.824126999999999943e-01 3.498582574881796692e-01
