1.000000000000000000e+01 1.653294235780841225e-04 5.402708000000001620e-01 3.137794564920457375e-03
1.100000000000000000e+01 2.008928806058239247e-04 5.402659000000000766e-01 3.807902677268256396e-03
1.200000000000000000e+01 2.401858178315475925e-04 5.402593000000001089e-01 4.546326227637139880e-03
1.300000000000000000e+01 2.833052400019585998e-04 5.402509000000000894e-01 5.354317855890323823e-03
1.400000000000000000e+01 3.303582490559917560e-04 5.402401000000001119e-01 6.233251840145819650e-03
1.500000000000000000e+01 3.814620397918628940e-04 5.402266000000001123e-01 7.184619090141773981e-03
1.600000000000000000e+01 4.367451031479990331e-04 5.402099000000001316e-01 8.210044107505079167e-03
1.700000000000000000e+01 4.963471754182772989e-04 5.401895000000001001e-01 9.311277978806457509e-03
1.800000000000000000e+01 5.604195030730411671e-04 5.401647000000001642e-01 1.049019635893709730e-02
1.900000000000000000e+01 6.291271123245245145e-04 5.401351000000000901e-01 1.174883540157022066e-02
2.000000000000000000e+01 7.026462863455618666e-04 5.400999000000000771e-01 1.308933481315072318e-02
2.100000000000000000e+01 7.811681348376632236e-04 5.400582000000001548e-01 1.451399774816280672e-02
2.200000000000000000e+01 8.648990018402410952e-04 5.400093000000001364e-01 1.602528678226821171e-02
2.300000000000000000e+01 9.540582683572024865e-04 5.399523000000001627e-01 1.762577395884838000e-02
2.400000000000000000e+01 1.048884334924726118e-03 5.398860000000000881e-01 1.931824061270596971e-02
2.500000000000000000e+01 1.149630007165947099e-03 5.398094000000001058e-01 2.110557747466306616e-02
2.600000000000000000e+01 1.256566768471912166e-03 5.397213000000000704e-01 2.299085454370371553e-02
2.700000000000000000e+01 1.369985818576294635e-03 5.396203000000001637e-01 2.497732103254449512e-02
2.800000000000000000e+01 1.490195946086055566e-03 5.395048000000001176e-01 2.706835541051318475e-02
2.900000000000000000e+01 1.626515254811888639e-03 5.393636000000001651e-01 2.942301799236977933e-02
3.000000000000000000e+01 1.763060358147040341e-03 5.392116000000001241e-01 3.176279836149425995e-02
3.100000000000000000e+01 1.907736652988576776e-03 5.390392000000001627e-01 3.422267776849327592e-02
3.200000000000000000e+01 2.061025953817280550e-03 5.388440000000001007e-01 3.680799831831441105e-02
3.300000000000000000e+01 2.223316211380194085e-03 5.386237000000001496e-01 3.952223446880806512e-02
3.400000000000000000e+01 2.395138628402954453e-03 5.383755000000001179e-01 4.237098609340356897e-02
3.500000000000000000e+01 2.577017733270024584e-03 5.380963000000000829e-01 4.535940279776191214e-02
3.600000000000000000e+01 2.775200646796157668e-03 5.377733000000001207e-01 4.858576231906470977e-02
3.700000000000000000e+01 2.980080673802227090e-03 5.374194000000001026e-01 5.188800533622323768e-02
3.800000000000000000e+01 3.196999009812271503e-03 5.370231000000000865e-01 5.534945650620871904e-02
3.900000000000000000e+01 3.426642416505412334e-03 5.365800000000000569e-01 5.897627833218841570e-02
4.000000000000000000e+01 3.669754137470929937e-03 5.360851000000000921e-01 6.277507096107026729e-02
4.100000000000000000e+01 3.927065219823769847e-03 5.355332000000001536e-01 6.675176425948062264e-02
4.200000000000000000e+01 4.199380898002524724e-03 5.349186000000001329e-01 7.091294511180122606e-02
4.300000000000000000e+01 4.492627864228000700e-03 5.342224000000000972e-01 7.534244823148851522e-02
4.400000000000000000e+01 4.798468101819143572e-03 5.334596000000001448e-01 7.990589583653866235e-02
4.500000000000000000e+01 5.122038961239100234e-03 5.326130000000001141e-01 8.467467689490210114e-02
4.600000000000000000e+01 5.464253164359980999e-03 5.316745000000001609e-01 8.965472176575803309e-02
4.700000000000000000e+01 5.826039492370003146e-03 5.306354000000000903e-01 9.485161950005489839e-02
4.800000000000000000e+01 6.208341639191410771e-03 5.294867000000000878e-01 1.002705978731533026e-01
4.900000000000000000e+01 6.612065550148960545e-03 5.282184000000000879e-01 1.059158051566003872e-01
5.000000000000000000e+01 7.042870107536823750e-03 5.268041000000001084e-01 1.118570007902679048e-01
5.100000000000000000e+01 7.492852596876197271e-03 5.252620000000001177e-01 1.179736331584754355e-01
5.200000000000000000e+01 7.966889144634206957e-03 5.235674000000001271e-01 1.243244275454425951e-01
5.300000000000000000e+01 8.465689813247800899e-03 5.217089000000001420e-01 1.309089461894355211e-01
5.400000000000000000e+01 8.989866946810441684e-03 5.196744000000000918e-01 1.377251542541681473e-01
5.500000000000000000e+01 9.539917195740502120e-03 5.174521000000000814e-01 1.447694207708493663e-01
5.600000000000000000e+01 1.011615943497760385e-02 5.150302000000001046e-01 1.520356206566411128e-01
5.700000000000000000e+01 1.072216052338802010e-02 5.123816000000001036e-01 1.595588152869703291e-01
5.800000000000000000e+01 1.135131671079341910e-02 5.095245000000001578e-01 1.672450214747258079e-01
5.900000000000000000e+01 1.200650126800238693e-02 5.064349000000001322e-01 1.751216263776801119e-01
6.000000000000000000e+01 1.268723921172295460e-02 5.031034000000000894e-01 1.831738345779320154e-01
6.100000000000000000e+01 1.339280588185791376e-02 4.995220000000001326e-01 1.913843603117222070e-01
6.200000000000000000e+01 1.412225534718994542e-02 4.956836000000001130e-01 1.997340268041619404e-01
6.300000000000000000e+01 1.487440542593861624e-02 4.915830000000001032e-01 2.082017670542724852e-01
6.400000000000000000e+01 1.564787607774085348e-02 4.872166000000001107e-01 2.167652226463542831e-01
6.500000000000000000e+01 1.644110162765331784e-02 4.825822000000001277e-01 2.254008432465885725e-01
6.600000000000000000e+01 1.725232002167547893e-02 4.776799000000001016e-01 2.340839873033663809e-01
6.700000000000000000e+01 1.807967833051913470e-02 4.725112000000001311e-01 2.427900180276507669e-01
6.800000000000000000e+01 1.892123598594497996e-02 4.670792000000001387e-01 2.514944033606020812e-01
6.900000000000000000e+01 1.977494732316461071e-02 4.613889000000001017e-01 2.601725166140229639e-01
7.000000000000000000e+01 2.063878929490776948e-02 4.554466000000000903e-01 2.688008314239626051e-01
7.100000000000000000e+01 2.150998555168465512e-02 4.492658000000001040e-01 2.773486510244755898e-01
7.200000000000000000e+01 2.238839842997039642e-02 4.428406000000000842e-01 2.858143804344479566e-01
7.300000000000000000e+01 2.327099280529093539e-02 4.361892000000001102e-01 2.941660346657066216e-01
7.400000000000000000e+01 2.415594639375560904e-02 4.293221000000000953e-01 3.023850836944680931e-01
7.500000000000000000e+01 2.504157677586791447e-02 4.222499000000001224e-01 3.104550930488929605e-01
7.600000000000000000e+01 2.592665278475167479e-02 4.149814000000001113e-01 3.183637102346127956e-01
7.700000000000000000e+01 2.680938004388929222e-02 4.075292000000000914e-01 3.260957082940221796e-01
7.800000000000000000e+01 2.768829960577364954e-02 3.999073000000001321e-01 3.336370443372416728e-01
7.900000000000000000e+01 2.856227619138546059e-02 3.921268000000001086e-01 3.409778642754980327e-01
8.000000000000000000e+01 2.943436069765575230e-02 3.841598000000001067e-01 3.481442441735235205e-01
8.100000000000000000e+01 3.029099243214967638e-02 3.761403000000000940e-01 3.550207355249582752e-01
8.200000000000000000e+01 3.114488452610738450e-02 3.679472000000000298e-01 3.617171234325900486e-01
8.300000000000000000e+01 3.199058274366889387e-02 3.596377000000000601e-01 3.681872300639534856e-01
8.400000000000000000e+01 3.282751823437671246e-02 3.512217000000000811e-01 3.744270797418539076e-01
8.500000000000000000e+01 3.365512593868128649e-02 3.427111000000000463e-01 3.804321959042504253e-01
8.600000000000000000e+01 3.447322514147455746e-02 3.341128000000000431e-01 3.862021874730821036e-01
8.700000000000000000e+01 3.528153761291520640e-02 3.254356000000000471e-01 3.917355669712381250e-01
8.800000000000000000e+01 3.607985171721733719e-02 3.166879000000000777e-01 3.970315443922032839e-01
8.900000000000000000e+01 3.686805189064059490e-02 3.078776000000000290e-01 4.020898253807126399e-01
9.000000000000000000e+01 3.764605397101837558e-02 2.990123000000000641e-01 4.069107147592223583e-01
