1.000000000000000000e+01 4.576942497931501120e-04 5.402524000000000770e-01 5.205044081885293501e-03
1.100000000000000000e+01 5.561259005472897129e-04 5.402388000000001300e-01 6.316414297456026186e-03
1.200000000000000000e+01 6.648656071073325577e-04 5.402207000000001091e-01 7.540940700221776712e-03
1.300000000000000000e+01 7.841742475955648228e-04 5.401973000000001024e-01 8.880625170916605152e-03
1.400000000000000000e+01 9.143380801461847189e-04 5.401676000000000810e-01 1.033764805738201197e-02
1.500000000000000000e+01 1.055668875489544417e-03 5.401302000000001158e-01 1.191436013240860896e-02
1.600000000000000000e+01 1.208505471876553800e-03 5.400841000000000669e-01 1.361329450353592624e-02
1.700000000000000000e+01 1.373213080424864983e-03 5.400277000000001104e-01 1.543714960888949161e-02
1.800000000000000000e+01 1.550183382326908313e-03 5.399595000000001477e-01 1.738878218193736988e-02
1.900000000000000000e+01 1.739840691628890754e-03 5.398778000000000743e-01 1.947126694150713710e-02
2.000000000000000000e+01 1.942631272510791061e-03 5.397806000000001658e-01 2.168776702982386229e-02
2.100000000000000000e+01 2.159037588157515682e-03 5.396660000000000901e-01 2.404168333887107822e-02
2.200000000000000000e+01 2.389564863899356836e-03 5.395315000000001637e-01 2.653649507478962957e-02
2.300000000000000000e+01 2.634750296015573538e-03 5.393747000000000957e-01 2.917584929599715757e-02
2.400000000000000000e+01 2.895163828766258822e-03 5.391929000000000860e-01 3.196356084520660112e-02
2.500000000000000000e+01 3.182147523167146077e-03 5.389745000000001340e-01 3.501810201952409995e-02
2.600000000000000000e+01 3.477042009457830419e-03 5.387308000000000652e-01 3.813704880569640521e-02
2.700000000000000000e+01 3.789394840816031132e-03 5.384517000000000886e-01 4.141977723543802808e-02
2.800000000000000000e+01 4.119948427393958779e-03 5.381331000000001419e-01 4.487100053870365923e-02
2.900000000000000000e+01 4.469404816120218886e-03 5.377709000000001627e-01 4.849476291748133078e-02
3.000000000000000000e+01 4.838553736395182457e-03 5.373603000000001240e-01 5.229577346182796155e-02
3.100000000000000000e+01 5.228187684656975670e-03 5.368964000000001624e-01 5.627851014115341916e-02
3.200000000000000000e+01 5.644425571303986547e-03 5.363666000000001377e-01 6.050144215021549532e-02
3.300000000000000000e+01 6.078523363656010425e-03 5.357773000000001229e-01 6.487089512243113254e-02
3.400000000000000000e+01 6.535698497952679466e-03 5.351168000000000591e-01 6.943591094746597026e-02
3.500000000000000000e+01 7.016782081082007481e-03 5.343782000000001364e-01 7.420026154286690767e-02
3.600000000000000000e+01 7.522591277723564111e-03 5.335545000000001536e-01 7.916731851803100739e-02
3.700000000000000000e+01 8.053902241580895849e-03 5.326380000000000559e-01 8.433980458745644893e-02
3.800000000000000000e+01 8.611467970025753552e-03 5.316209000000000628e-01 8.971998273443264338e-02
3.900000000000000000e+01 9.195968623969522429e-03 5.304947000000000967e-01 9.530920883856137948e-02
4.000000000000000000e+01 9.808037998462261139e-03 5.292509000000000796e-01 1.011082204676324731e-01
4.100000000000000000e+01 1.045241274996105627e-02 5.278709000000001428e-01 1.071564749418501133e-01
4.200000000000000000e+01 1.112162106872080156e-02 5.263628000000001306e-01 1.133772214121900462e-01
4.300000000000000000e+01 1.181967435773011860e-02 5.247094000000001035e-01 1.198032349810048691e-01
4.400000000000000000e+01 1.254671362597079357e-02 5.229013000000001243e-01 1.264302872682895595e-01
4.500000000000000000e+01 1.330273071694991309e-02 5.209293000000001506e-01 1.332528579785382528e-01
4.600000000000000000e+01 1.408754191179902547e-02 5.187844000000001454e-01 1.402639364462064386e-01
4.700000000000000000e+01 1.490074883202024622e-02 5.164577000000001306e-01 1.474547239103261020e-01
4.800000000000000000e+01 1.574176832080986452e-02 5.139412000000000980e-01 1.548150324281636625e-01
4.900000000000000000e+01 1.660980405376811034e-02 5.112271000000001564e-01 1.623330865949935697e-01
5.000000000000000000e+01 1.750384355031506939e-02 5.083086000000001103e-01 1.699955238055655404e-01
5.100000000000000000e+01 1.842267136988242834e-02 5.051798000000000677e-01 1.777876942455386133e-01
5.200000000000000000e+01 1.936485765793309957e-02 5.018356000000001593e-01 1.856934611296070514e-01
5.300000000000000000e+01 2.032880545843341463e-02 4.982722000000001095e-01 1.936957988540979891e-01
5.400000000000000000e+01 2.131271485536128524e-02 4.944870000000001209e-01 2.017763946062478275e-01
5.500000000000000000e+01 2.231468208278535384e-02 4.904785000000000950e-01 2.099166435130315200e-01
5.600000000000000000e+01 2.333267437433686822e-02 4.862466000000000843e-01 2.180973496955973534e-01
5.700000000000000000e+01 2.436455436772110017e-02 4.817923000000001177e-01 2.262989248981163160e-01
5.800000000000000000e+01 2.540816576842672841e-02 4.771181000000001005e-01 2.345021840490488507e-01
5.900000000000000000e+01 2.646134356185082456e-02 4.722271000000001218e-01 2.426882439857157292e-01
6.000000000000000000e+01 2.752186296170857499e-02 4.671241000000000976e-01 2.508382267747823469e-01
6.100000000000000000e+01 2.858759903781097136e-02 4.618145000000001277e-01 2.589343499484588751e-01
6.200000000000000000e+01 2.965661861163773269e-02 4.563042000000001042e-01 2.669602196106310998e-01
6.300000000000000000e+01 3.072697005473864346e-02 4.505994000000000943e-01 2.749012503550518072e-01
6.400000000000000000e+01 3.179644575728210465e-02 4.447098000000000995e-01 2.827392654195278743e-01
6.500000000000000000e+01 3.286332021346237420e-02 4.386436000000001334e-01 2.904608641984491868e-01
6.600000000000000000e+01 3.392551728404398503e-02 4.324120000000001296e-01 2.980502675950458258e-01
6.700000000000000000e+01 3.498267937126899041e-02 4.260175000000001044e-01 3.055042946715876284e-01
6.800000000000000000e+01 3.603287427022513340e-02 4.194721000000001254e-01 3.128085590864556065e-01
6.900000000000000000e+01 3.707488946568551769e-02 4.127853000000001327e-01 3.199540321604648629e-01
7.000000000000000000e+01 3.810763844975920828e-02 4.059662000000001103e-01 3.269326780100544894e-01
7.100000000000000000e+01 3.913593122152654591e-02 3.989828000000001373e-01 3.337775030154236378e-01
7.200000000000000000e+01 4.014625647574548983e-02 3.919348000000001386e-01 3.403937240861412694e-01
7.300000000000000000e+01 4.114515221004752532e-02 3.847799000000001191e-01 3.468275472259620962e-01
7.400000000000000000e+01 4.212936384559469449e-02 3.775464000000001152e-01 3.530580765750666594e-01
7.500000000000000000e+01 4.310432647782971860e-02 3.701993000000000644e-01 3.591196691725813683e-01
7.600000000000000000e+01 4.406525500350503416e-02 3.627811000000000785e-01 3.649801195160740641e-01
7.700000000000000000e+01 4.501355393969427854e-02 3.552847000000000643e-01 3.706497444525334584e-01
7.800000000000000000e+01 4.594836289211630398e-02 3.477236000000000771e-01 3.761224959556963565e-01
7.900000000000000000e+01 4.686963579015433756e-02 3.401046000000000347e-01 3.813980769102681134e-01
8.000000000000000000e+01 4.777738010300994209e-02 3.324339000000000599e-01 3.864766874267459018e-01
8.100000000000000000e+01 4.867152112059808938e-02 3.247193000000000440e-01 3.913579325134800557e-01
8.200000000000000000e+01 4.955187580682434562e-02 3.169703000000000381e-01 3.960405232182651059e-01
8.300000000000000000e+01 5.041874299299414081e-02 3.091911000000000520e-01 4.005268425643596641e-01
8.400000000000000000e+01 5.127284610791094793e-02 3.013805000000000511e-01 4.048219467411159345e-01
8.500000000000000000e+01 5.211381658664046568e-02 2.935508000000000561e-01 4.089234588261774217e-01
8.600000000000000000e+01 5.294212011180673277e-02 2.857044000000000805e-01 4.128347510650414165e-01
8.700000000000000000e+01 5.375723994467811184e-02 2.778569000000000733e-01 4.165525560610248146e-01
8.800000000000000000e+01 5.456058808056445802e-02 2.699974000000000540e-01 4.200865877149532190e-01
8.900000000000000000e+01 5.535204124601855041e-02 2.621362000000000414e-01 4.234363549019369843e-01
