1.000000000000000000e+01 -3.983986484824089013e-05 1.068649066617868186e+02
1.000000000000000000e+01 -3.726083960788992462e-03 4.108362195486218837e+01
1.000000000000000000e+01 -4.217170435912592774e-02 4.508876477318241704e+00
1.000000000000000000e+01 -6.580517436740253474e-03 2.990721064692523967e+01
1.000000000000000000e+01 -3.800497568538146152e-03 8.617319018053397883e+01
1.000000000000000000e+01 -5.684414292946771141e-01 7.365923328446362106e+00
1.000000000000000000e+01 -1.000000000000000000e+00 4.552051949825486332e+00
1.000000000000000000e+01 -8.795463509049502582e-01 6.467695222349845174e+00
1.000000000000000000e+01 -1.000000000000000000e+00 6.781228117794150023e+00
1.000000000000000000e+01 -8.891649859272586776e-01 8.038657108011218355e+00
1.000000000000000000e+01 -9.931469702929378585e-01 8.001351746699699063e+00
1.100000000000000000e+01 -5.390213531829178903e-05 1.069073053275716347e+02
1.100000000000000000e+01 -4.076042207314114867e-03 4.107006429897980126e+01
1.100000000000000000e+01 -4.685865519895610065e-02 4.510340759257543297e+00
1.100000000000000000e+01 -7.252981383976209694e-03 2.990964438638714284e+01
1.100000000000000000e+01 -3.803234656660891416e-03 8.630922831083422864e+01
1.100000000000000000e+01 -5.689330590435304202e-01 8.081517132916676616e+00
1.100000000000000000e+01 -1.000000000000000000e+00 5.000185405330019428e+00
1.100000000000000000e+01 -8.847677724888308726e-01 7.163140103135513748e+00
1.100000000000000000e+01 -1.000000000000000000e+00 7.465644498999209233e+00
1.100000000000000000e+01 -8.910588721309667948e-01 8.839078939554520176e+00
1.200000000000000000e+01 -7.353178141654114473e-05 1.068136524086456802e+02
1.200000000000000000e+01 -4.434209317692947190e-03 4.104843447786416277e+01
1.200000000000000000e+01 -5.158958855700514212e-02 4.511791111227856810e+00
1.200000000000000000e+01 -7.961414051956499857e-03 2.990954881215084171e+01
1.200000000000000000e+01 -3.839214006945936963e-03 8.641109337247219457e+01
1.200000000000000000e+01 -5.693958922044604076e-01 8.791900245752442444e+00
1.200000000000000000e+01 -1.000000000000000000e+00 5.447005954797944582e+00
1.200000000000000000e+01 -8.913402456999043322e-01 8.107711386133846787e+00
1.300000000000000000e+01 -9.985270311547058254e-05 1.065906077203981539e+02
1.300000000000000000e+01 -4.799597937182369101e-03 4.101929224347334468e+01
1.300000000000000000e+01 -5.636466553294422477e-02 4.513305392353639256e+00
1.300000000000000000e+01 -8.703216090578483680e-03 2.990733609319103792e+01
1.300000000000000000e+01 -3.901053820183519871e-03 8.648782566688217344e+01
1.300000000000000000e+01 -5.711880402312825566e-01 9.496688108145049156e+00
1.300000000000000000e+01 -1.000000000000000000e+00 5.892845202875239607e+00
1.400000000000000000e+01 -1.340015913995351311e-04 1.062390539478937228e+02
1.400000000000000000e+01 -5.171460150090141823e-03 4.098278409226189467e+01
1.400000000000000000e+01 -6.118385705728138224e-02 4.514920522403165215e+00
1.400000000000000000e+01 -9.476416914679226117e-03 2.990326505905591503e+01
1.400000000000000000e+01 -3.982798789085147985e-03 8.654529049749635305e+01
1.400000000000000000e+01 -5.727341313914711129e-01 1.021325659002985198e+01
1.400000000000000000e+01 -1.000000000000000000e+00 6.337437167687648198e+00
1.400000000000000000e+01 -8.828017123099094476e-01 8.984815073668679375e+00
1.500000000000000000e+01 -1.770961930707576912e-04 1.057569195432521099e+02
1.500000000000000000e+01 -5.549232830249053831e-03 4.093877093970541381e+01
1.500000000000000000e+01 -6.604734487823277211e-02 4.516645733357358417e+00
1.500000000000000000e+01 -1.027950458815202715e-02 2.989745314842934576e+01
1.500000000000000000e+01 -4.080440183378623333e-03 8.658714810603369472e+01
1.500000000000000000e+01 -5.736072912797443024e-01 1.092751314236887517e+01
1.500000000000000000e+01 -1.000000000000000000e+00 6.780265697607807951e+00
1.600000000000000000e+01 -2.301261696017583224e-04 1.051411222692560870e+02
1.600000000000000000e+01 -5.932140588388010866e-03 4.088691339698742411e+01
1.600000000000000000e+01 -7.095559436849264989e-02 4.518484478309170882e+00
1.600000000000000000e+01 -1.111137270571732963e-02 2.988991995726818374e+01
1.600000000000000000e+01 -4.190178408275466518e-03 8.661564500975512715e+01
1.600000000000000000e+01 -5.748527954613115165e-01 1.164613393871367997e+01
1.600000000000000000e+01 -1.000000000000000000e+00 7.221790412937308723e+00
1.700000000000000000e+01 -2.940616321531942410e-04 1.043889632140095216e+02
1.700000000000000000e+01 -6.319668497879752690e-03 4.082673078326229898e+01
1.700000000000000000e+01 -7.590929644080340877e-02 4.520446773836755305e+00
1.700000000000000000e+01 -1.197105131884859675e-02 2.988062237630440876e+01
1.700000000000000000e+01 -4.308840082541857443e-03 8.663201813916644767e+01
1.700000000000000000e+01 -5.772436981807776979e-01 1.231403146654330882e+01
1.700000000000000000e+01 -1.000000000000000000e+00 7.663686317640832080e+00
1.800000000000000000e+01 -3.699410655782216055e-04 1.034991703208830103e+02
1.800000000000000000e+01 -6.710747921542793877e-03 4.075760930514194058e+01
1.800000000000000000e+01 -8.090922655762354532e-02 4.522555147226202443e+00
1.800000000000000000e+01 -1.285784372682202692e-02 2.986949895675096656e+01
1.800000000000000000e+01 -4.433476447129920325e-03 8.663655038739022984e+01
1.800000000000000000e+01 -5.882501437886692441e-01 1.299386761170619664e+01
1.900000000000000000e+01 -4.587967777976666357e-04 1.024727283867488126e+02
1.900000000000000000e+01 -7.104690716709563536e-03 4.067881507370705663e+01
1.900000000000000000e+01 -8.595635452528704867e-02 4.524838751597081377e+00
1.900000000000000000e+01 -4.559997430083131097e-03 8.662878347242188681e+01
1.900000000000000000e+01 -1.377113234333656941e-02 2.985644653274499660e+01
2.000000000000000000e+01 -5.627811007244706929e-04 1.013134760123395495e+02
2.000000000000000000e+01 -7.500834839320633454e-03 4.058947422444449415e+01
2.000000000000000000e+01 -4.684709316963413424e-03 8.660723906678911987e+01
2.000000000000000000e+01 -9.105161242569928537e-02 4.527335419135345873e+00
2.000000000000000000e+01 -1.471050536405216387e-02 2.984135999013717111e+01
2.100000000000000000e+01 -6.854062922331915879e-04 1.000287143665939453e+02
2.100000000000000000e+01 -7.898194420857224812e-03 4.048859208219285932e+01
2.100000000000000000e+01 -4.801884252907307263e-03 8.656912883759486022e+01
2.100000000000000000e+01 -9.619595155749208204e-02 4.530086167067726599e+00
2.100000000000000000e+01 -1.567568442758786318e-02 2.982412196711620922e+01
2.200000000000000000e+01 -8.331806818458344479e-04 9.862998325871654970e+01
2.200000000000000000e+01 -8.295658277741131334e-03 4.037504781316118851e+01
2.200000000000000000e+01 -4.902789722095103608e-03 8.650967705109931671e+01
2.200000000000000000e+01 -1.013904162891020727e-01 4.533130087512945217e+00
2.200000000000000000e+01 -1.666659389895495599e-02 2.980459330694482745e+01
2.300000000000000000e+01 -1.018451509106522860e-03 9.713421886726870014e+01
2.300000000000000000e+01 -8.692883963764124269e-03 4.024571468767850035e+01
2.300000000000000000e+01 -4.972983836823974962e-03 8.642059068889264495e+01
2.300000000000000000e+01 -1.069401242773599520e-01 4.522695926690970758e+00
2.300000000000000000e+01 -1.768582342098929533e-02 2.978071903332661918e+01
2.400000000000000000e+01 -1.264909014246902311e-03 9.556641751892161096e+01
2.400000000000000000e+01 -9.086581207586119993e-03 4.010241634403988797e+01
2.400000000000000000e+01 -4.986778129667140610e-03 8.628810445602918833e+01
2.400000000000000000e+01 -1.123693155531026722e-01 4.521680223340458937e+00
2.400000000000000000e+01 -1.873003072823002657e-02 2.975544171273012850e+01
2.500000000000000000e+01 -1.633501381876425540e-03 9.390327842570293626e+01
2.500000000000000000e+01 -9.479462610523499075e-03 3.994128110747847415e+01
2.500000000000000000e+01 -4.885679422838045370e-03 8.607700692664839437e+01
2.500000000000000000e+01 -1.172361300577937776e-01 4.547573753583631806e+00
2.500000000000000000e+01 -1.980015709101641541e-02 2.973030307191356414e+01
2.600000000000000000e+01 -2.189635810310596939e-03 9.232341320772836468e+01
2.600000000000000000e+01 -9.862591165099120552e-03 3.976200589997128532e+01
2.600000000000000000e+01 -4.595158631138306776e-03 8.575138878233215678e+01
2.600000000000000000e+01 -1.226194891689954269e-01 4.553045140640650246e+00
2.600000000000000000e+01 -2.089721901476484026e-02 2.969962511771537095e+01
2.700000000000000000e+01 -3.055734217700918111e-03 9.087671117711091995e+01
2.700000000000000000e+01 -3.995586974463796737e-03 8.521763758150672174e+01
2.700000000000000000e+01 -1.023653606103199290e-02 3.956216715327316535e+01
2.700000000000000000e+01 -1.280497328906086696e-01 4.559202243054095938e+00
2.700000000000000000e+01 -2.202216643277407973e-02 2.966547243141889112e+01
2.800000000000000000e+01 -3.098965877764226721e-03 8.435508449678607690e+01
2.800000000000000000e+01 -4.219409684855468697e-03 8.969990383185283633e+01
2.800000000000000000e+01 -1.059822566102004357e-02 3.933978787214010708e+01
2.800000000000000000e+01 -1.335251327209146799e-01 4.566131419540623071e+00
2.800000000000000000e+01 -2.317613842692815146e-02 2.962746682203154691e+01
2.900000000000000000e+01 -2.229273937628531606e-03 8.309891193044067847e+01
2.900000000000000000e+01 -1.094393811914370039e-02 3.909282087046706522e+01
2.900000000000000000e+01 -5.356858176247147017e-03 8.887482084006333594e+01
2.900000000000000000e+01 -1.390437497127581246e-01 4.573888738925886877e+00
2.900000000000000000e+01 -2.436034649521279932e-02 2.958513341220647419e+01
3.000000000000000000e+01 -1.668738235931083169e-03 8.152010858554237416e+01
3.000000000000000000e+01 -1.126934233209181575e-02 3.881912592538048301e+01
3.000000000000000000e+01 -6.186640515351260992e-03 8.834714074015498397e+01
3.000000000000000000e+01 -1.446022298600729283e-01 4.582572268872442400e+00
3.000000000000000000e+01 -2.557606363954834094e-02 2.953790602134305487e+01
3.100000000000000000e+01 -1.386550542039762099e-03 7.974583752763605560e+01
3.100000000000000000e+01 -1.156944777828262591e-02 3.851656632876148478e+01
3.100000000000000000e+01 -6.741183264034686026e-03 8.800652747780841878e+01
3.100000000000000000e+01 -1.501967842971209666e-01 4.592271846387869338e+00
3.100000000000000000e+01 -2.682473642131447816e-02 2.948507747546050339e+01
3.200000000000000000e+01 -1.265444170660767103e-03 7.785079095229373536e+01
3.200000000000000000e+01 -1.184204786981600706e-02 3.817976279828317132e+01
3.200000000000000000e+01 -7.142428989682627662e-03 8.776823189824139604e+01
3.200000000000000000e+01 -1.557552862828679441e-01 4.605924986089116935e+00
3.200000000000000000e+01 -2.811045885086671872e-02 2.942560083340432797e+01
3.300000000000000000e+01 -1.235013170019001348e-03 7.594257150711194981e+01
3.300000000000000000e+01 -1.207437935096263362e-02 3.781260776635028975e+01
3.300000000000000000e+01 -7.459646367701809437e-03 8.759084088022189007e+01
3.300000000000000000e+01 -1.613878740317270244e-01 4.618567568509172716e+00
3.300000000000000000e+01 -2.942885008520283036e-02 2.935869830540855929e+01
3.400000000000000000e+01 -1.257435175026229077e-03 7.404170759945175462e+01
3.400000000000000000e+01 -1.226351581343680316e-02 3.741111367982010449e+01
3.400000000000000000e+01 -7.736186480887511166e-03 8.744558047605876538e+01
3.400000000000000000e+01 -1.670346272798224618e-01 4.632649247051464414e+00
3.400000000000000000e+01 -3.078161445610034033e-02 2.928286711739468018e+01
3.500000000000000000e+01 -1.318509241842508953e-03 7.217674351715044168e+01
3.500000000000000000e+01 -1.240424433002008421e-02 3.697446919142719679e+01
3.500000000000000000e+01 -7.991544300847495952e-03 8.731796076969088460e+01
3.500000000000000000e+01 -1.726886240892563651e-01 4.648284162470694980e+00
3.500000000000000000e+01 -3.216752665459943206e-02 2.919635568621247401e+01
3.600000000000000000e+01 -1.413518501524283801e-03 7.036892313928382237e+01
3.600000000000000000e+01 -1.249366355544967444e-02 3.650284819203235998e+01
3.600000000000000000e+01 -8.235196015001677167e-03 8.719918872341537508e+01
3.600000000000000000e+01 -1.783397042786342146e-01 4.665621179290281084e+00
3.600000000000000000e+01 -3.358079645747082814e-02 2.909690807465837992e+01
3.700000000000000000e+01 -1.542464274099665175e-03 6.863459364616021219e+01
3.700000000000000000e+01 -1.253396689940065520e-02 3.599776712543538792e+01
3.700000000000000000e+01 -8.471760345861271968e-03 8.708355282088544413e+01
3.700000000000000000e+01 -1.839762696287931543e-01 4.684809995231494995e+00
3.700000000000000000e+01 -3.500900655528553507e-02 2.898164808031579653e+01
3.800000000000000000e+01 -1.707772103957043474e-03 6.698616588248917481e+01
3.800000000000000000e+01 -1.253654394871461797e-02 3.546244171396968170e+01
3.800000000000000000e+01 -8.704644336914358488e-03 8.696734299766323772e+01
3.800000000000000000e+01 -1.895893463886012542e-01 4.705980149557864145e+00
3.800000000000000000e+01 -3.643325981480738385e-02 2.884680991011634887e+01
3.900000000000000000e+01 -1.911610200927309515e-03 6.543274149707076504e+01
3.900000000000000000e+01 -1.252869769820927175e-02 3.490232589970258203e+01
3.900000000000000000e+01 -8.934576384041308800e-03 8.684762339725610047e+01
3.900000000000000000e+01 -1.951633888023091568e-01 4.729314469658595144e+00
3.900000000000000000e+01 -3.781444015382223744e-02 2.868755203725377712e+01
4.000000000000000000e+01 -2.155941675710770083e-03 6.398026476771615734e+01
4.000000000000000000e+01 -1.256195910151852550e-02 3.432535976269674904e+01
4.000000000000000000e+01 -9.163113931140590487e-03 8.672241263664999167e+01
4.000000000000000000e+01 -2.006884599574207673e-01 4.754945508243402230e+00
4.000000000000000000e+01 -3.909510529132552425e-02 2.849771667440018419e+01
4.100000000000000000e+01 -2.442696870505720302e-03 6.262361207997904700e+01
4.100000000000000000e+01 -1.272533425754680120e-02 3.373879548491760971e+01
4.100000000000000000e+01 -9.391281834132261114e-03 8.658893874651474221e+01
4.100000000000000000e+01 -2.060700548542467037e-01 4.785362359451083236e+00
4.100000000000000000e+01 -4.017629143176092849e-02 2.826888261617540010e+01
4.200000000000000000e+01 -2.767166310499044168e-03 6.137970017591946714e+01
4.200000000000000000e+01 -1.313729230284190440e-02 3.316249048938099975e+01
4.200000000000000000e+01 -9.617418505731627557e-03 8.644765444249699726e+01
4.200000000000000000e+01 -2.114365251796711531e-01 4.816460369391680985e+00
4.200000000000000000e+01 -4.093678016204480713e-02 2.799348838116410576e+01
4.300000000000000000e+01 -3.127233450877180305e-03 6.023837207849823727e+01
4.300000000000000000e+01 -1.394814659080380846e-02 3.260824011173572501e+01
4.300000000000000000e+01 -9.842132123231013899e-03 8.629645194605969039e+01
4.300000000000000000e+01 -2.167029257108457618e-01 4.850422529709297770e+00
4.300000000000000000e+01 -4.122063376394372730e-02 2.766149971079708081e+01
4.400000000000000000e+01 -3.517984322238385756e-03 5.919569647011157087e+01
4.400000000000000000e+01 -1.528846246470538968e-02 3.209096739063359394e+01
4.400000000000000000e+01 -1.006598287772485396e-02 8.613444388902010473e+01
4.400000000000000000e+01 -2.218606546645251476e-01 4.887367500408573484e+00
4.400000000000000000e+01 -4.090218800781196540e-02 2.726437408074492552e+01
4.500000000000000000e+01 -3.933268892513867680e-03 5.824620058881280471e+01
4.500000000000000000e+01 -1.720649805441784586e-02 3.162311871731356661e+01
4.500000000000000000e+01 -1.028839772908665164e-02 8.596067245194386430e+01
4.500000000000000000e+01 -3.993103947932021697e-02 2.679663368528265721e+01
4.500000000000000000e+01 -2.268860824128456910e-01 4.927513831320353255e+00
4.600000000000000000e+01 -4.366554421379457290e-03 5.738335429204921923e+01
4.600000000000000000e+01 -1.962155435433775297e-02 3.121196926020286710e+01
4.600000000000000000e+01 -1.050964820311285457e-02 8.577451701567781583e+01
4.600000000000000000e+01 -3.839803579879622064e-02 2.625837378919885268e+01
4.600000000000000000e+01 -2.317741067755455520e-01 4.970952574074894770e+00
4.700000000000000000e+01 -4.811264799227967653e-03 5.659997602380801140e+01
4.700000000000000000e+01 -2.234474145619583241e-02 3.085786166400206199e+01
4.700000000000000000e+01 -1.072933293507379732e-02 8.557531763192599783e+01
4.700000000000000000e+01 -3.649166248905365978e-02 2.565632485629938131e+01
4.700000000000000000e+01 -2.365002992878897925e-01 5.017907710216450212e+00
4.800000000000000000e+01 -5.261356400910054305e-03 5.588862759958539783e+01
4.800000000000000000e+01 -2.516373809295241806e-02 3.055500893480536106e+01
4.800000000000000000e+01 -3.443232803477878912e-02 2.500295003437044983e+01
4.800000000000000000e+01 -1.094748696564505630e-02 8.536266645999933189e+01
4.800000000000000000e+01 -2.410583500278168645e-01 5.068481877617940334e+00
4.900000000000000000e+01 -5.711513710627502682e-03 5.524191370805461787e+01
4.900000000000000000e+01 -3.238617588214903753e-02 2.431349174216652287e+01
4.900000000000000000e+01 -2.791681813654294311e-02 3.029409398143076970e+01
4.900000000000000000e+01 -1.116400007243070411e-02 8.513622686786273164e+01
4.900000000000000000e+01 -2.454365881326783516e-01 5.122803003241507724e+00
5.000000000000000000e+01 -6.157392855171645550e-03 5.465269821934102623e+01
5.000000000000000000e+01 -3.044547113000438052e-02 2.360268742022430288e+01
5.000000000000000000e+01 -3.051708144040182064e-02 3.006541911533886591e+01
5.000000000000000000e+01 -1.137883418215149788e-02 8.489584437981086751e+01
5.000000000000000000e+01 -2.496318646093211024e-01 5.180954698769947520e+00
5.100000000000000000e+01 -6.595565683146149306e-03 5.411426974815755386e+01
5.100000000000000000e+01 -2.863721764841846082e-02 2.288330094757051469e+01
5.100000000000000000e+01 -1.159186842660328738e-02 8.464148545338875351e+01
5.100000000000000000e+01 -3.293277760648044561e-02 2.986037658406726081e+01
5.100000000000000000e+01 -2.536258534862126934e-01 5.243110644413937926e+00
5.200000000000000000e+01 -7.023346569033209197e-03 5.362043699683887610e+01
5.200000000000000000e+01 -2.696027540143281984e-02 2.216544336000877635e+01
5.200000000000000000e+01 -1.180315073327659059e-02 8.437325095083171789e+01
5.200000000000000000e+01 -3.516829394595600428e-02 2.967230090985486868e+01
5.200000000000000000e+01 -2.574223918694193425e-01 5.309319846597363224e+00
5.300000000000000000e+01 -7.438651999938870538e-03 5.316555353262555883e+01
5.300000000000000000e+01 -2.539738633955355984e-02 2.145682523973251321e+01
5.300000000000000000e+01 -1.201282125814026429e-02 8.409140483939980015e+01
5.300000000000000000e+01 -3.724233551863675995e-02 2.949612322789693764e+01
5.300000000000000000e+01 -2.610280230286947112e-01 5.379620132389589138e+00
5.400000000000000000e+01 -7.841011784402062562e-03 5.274454821293635121e+01
5.400000000000000000e+01 -2.392103410274856734e-02 2.076331204264212360e+01
5.400000000000000000e+01 -1.222065381932578750e-02 8.379638735985612641e+01
5.400000000000000000e+01 -3.917341817369270063e-02 2.932783943935412552e+01
5.400000000000000000e+01 -2.644303335671335797e-01 5.454153076307023618e+00
5.500000000000000000e+01 -8.229121199697989747e-03 5.235290410717016840e+01
5.500000000000000000e+01 -2.250946188038477694e-02 2.008897416044340289e+01
5.500000000000000000e+01 -1.242689238349912323e-02 8.348870433878217057e+01
5.500000000000000000e+01 -4.098359239004639720e-02 2.916472947813721817e+01
5.500000000000000000e+01 -2.676429398993924180e-01 5.532936147440810082e+00
5.600000000000000000e+01 -2.114112651296006992e-02 1.943664543422711688e+01
5.600000000000000000e+01 -8.603105663175748472e-03 5.198658522358108058e+01
5.600000000000000000e+01 -1.263162267274335962e-02 8.316903820015747328e+01
5.600000000000000000e+01 -4.269106737063527168e-02 2.900471769572177649e+01
5.600000000000000000e+01 -2.706767079017602384e-01 5.616008230248045408e+00
5.700000000000000000e+01 -1.979836003583653609e-02 1.880806784069255500e+01
5.700000000000000000e+01 -8.963130037132489500e-03 5.164198820688091018e+01
5.700000000000000000e+01 -1.283501803216292522e-02 8.283819065711976748e+01
5.700000000000000000e+01 -4.431283313449752015e-02 2.884638084371998801e+01
5.700000000000000000e+01 -2.735551690148017578e-01 5.703365815780283121e+00
5.800000000000000000e+01 -1.846089283442181941e-02 1.820441539638558837e+01
5.800000000000000000e+01 -9.309473746336033306e-03 5.131605616987355489e+01
5.800000000000000000e+01 -1.303721204851288062e-02 8.249701911879954253e+01
5.800000000000000000e+01 -4.585675436380849679e-02 2.868825023597866775e+01
5.800000000000000000e+01 -2.762736386429723301e-01 5.795153050343208712e+00
5.900000000000000000e+01 -1.711421370044745663e-02 1.762598805347257169e+01
5.900000000000000000e+01 -9.642667938967884947e-03 5.100599492239556554e+01
5.900000000000000000e+01 -1.323844029758500587e-02 8.214651891975799458e+01
5.900000000000000000e+01 -4.733487282247497707e-02 2.852962376163220171e+01
5.900000000000000000e+01 -2.788634844246005162e-01 5.891365343232605412e+00
6.000000000000000000e+01 -1.574248627229699396e-02 1.707269304904568230e+01
6.000000000000000000e+01 -9.963203288656985804e-03 5.070940209836486900e+01
6.000000000000000000e+01 -1.343892493109955302e-02 8.178769298626320960e+01
6.000000000000000000e+01 -4.875476953268458036e-02 2.836985591469036549e+01
6.000000000000000000e+01 -2.813481735218278379e-01 5.992078960968269641e+00
6.100000000000000000e+01 -1.432976574237043374e-02 1.654392070995178798e+01
6.100000000000000000e+01 -1.027186708536012572e-02 5.042407162776662943e+01
6.100000000000000000e+01 -1.363907230162051017e-02 8.142169387454627838e+01
6.100000000000000000e+01 -5.012549564227716803e-02 2.820867696741911246e+01
6.100000000000000000e+01 -2.837702515790120894e-01 6.097322792172469974e+00
6.200000000000000000e+01 -1.285597257629380631e-02 1.603889553317834071e+01
6.200000000000000000e+01 -1.056873710113031238e-02 5.014807778196301769e+01
6.200000000000000000e+01 -1.383825240276571195e-02 8.104943503338942890e+01
6.200000000000000000e+01 -5.144509854844980801e-02 2.804526439624896739e+01
6.200000000000000000e+01 -2.861514011282325631e-01 6.206623976393464304e+00
6.300000000000000000e+01 -1.129584658845278478e-02 1.555693951090632510e+01
6.300000000000000000e+01 -1.085576603029047432e-02 4.988025724268369743e+01
6.300000000000000000e+01 -1.403848863773025403e-02 8.067204298505168936e+01
6.300000000000000000e+01 -5.272359035795458337e-02 2.787971311172932687e+01
6.300000000000000000e+01 -2.884947236988199548e-01 6.321963455313583502e+00
6.400000000000000000e+01 -9.623537832014280105e-03 1.509673902731042183e+01
6.400000000000000000e+01 -1.113279734235938026e-02 4.961889794932339015e+01
6.400000000000000000e+01 -1.423900352172934557e-02 8.029075610282053788e+01
6.400000000000000000e+01 -5.396129817524186051e-02 2.771181534854379436e+01
6.400000000000000000e+01 -2.908789291264519128e-01 6.442222494454664883e+00
6.500000000000000000e+01 -7.802994245423189312e-03 1.465703171872143962e+01
6.500000000000000000e+01 -1.140047957577291528e-02 4.936273407729048301e+01
6.500000000000000000e+01 -1.444003715612887477e-02 7.990664692715012052e+01
6.500000000000000000e+01 -5.516034867979192902e-02 2.754146479629269351e+01
6.500000000000000000e+01 -2.933557588741981803e-01 6.567591642365240290e+00
6.600000000000000000e+01 -5.790179794011160105e-03 1.423639799149611385e+01
6.600000000000000000e+01 -1.165861716621183902e-02 4.911041372650289105e+01
6.600000000000000000e+01 -1.464092992671952795e-02 7.952089051031910572e+01
6.600000000000000000e+01 -5.632011370088491758e-02 2.736855517275322214e+01
6.600000000000000000e+01 -2.960056585851674749e-01 6.697404687343043506e+00
6.700000000000000000e+01 -3.521026457476495938e-03 1.383364498155728128e+01
6.700000000000000000e+01 -1.190914451563058855e-02 4.886134198943422291e+01
6.700000000000000000e+01 -1.484353001534419701e-02 7.913407088183383564e+01
6.700000000000000000e+01 -5.744534845532182216e-02 2.719309775908373794e+01
6.700000000000000000e+01 -2.988645542425355517e-01 6.833586514109916799e+00
6.800000000000000000e+01 -9.190027035406131721e-04 1.344745966092394163e+01
6.800000000000000000e+01 -1.215233263691489242e-02 4.861440482043862232e+01
6.800000000000000000e+01 -1.504775261617831081e-02 7.874749838431181104e+01
6.800000000000000000e+01 -5.853785927528840083e-02 2.701530440050742499e+01
6.800000000000000000e+01 -3.020534715197008557e-01 6.975723692577649793e+00
6.900000000000000000e+01 2.113755783590821283e-03 1.307696816912276461e+01
6.900000000000000000e+01 -1.238806355750033880e-02 4.836913560338659579e+01
6.900000000000000000e+01 -1.525316891653194853e-02 7.836166854901897239e+01
6.900000000000000000e+01 -5.959172880774373654e-02 2.683477834279551644e+01
6.900000000000000000e+01 -3.056511438481953058e-01 7.124154237721991301e+00
7.000000000000000000e+01 5.703850220591283847e-03 1.272125388750905017e+01
7.000000000000000000e+01 -1.261702840854089618e-02 4.812473885237101712e+01
7.000000000000000000e+01 -1.546028726838016495e-02 7.797759548279421438e+01
7.000000000000000000e+01 -6.060961923626198566e-02 2.665178900295757813e+01
7.000000000000000000e+01 -3.098075690686142303e-01 7.278975520821079570e+00
7.100000000000000000e+01 1.001335569322820730e-02 1.237839654843241100e+01
7.100000000000000000e+01 -1.283991965931919818e-02 4.787949152703185263e+01
7.100000000000000000e+01 -1.566846478423656458e-02 7.759365658417662814e+01
7.100000000000000000e+01 -6.158946460156154018e-02 2.646544245404928830e+01
7.100000000000000000e+01 -3.146690210603615978e-01 7.439977013862402622e+00
7.200000000000000000e+01 1.520838701273124864e-02 1.205201327542108380e+01
7.200000000000000000e+01 -1.305598533815062641e-02 4.763538709836392826e+01
7.200000000000000000e+01 -1.587964666921085413e-02 7.721563630395722555e+01
7.200000000000000000e+01 -6.253262530015277210e-02 2.627785467332912006e+01
7.200000000000000000e+01 -3.204469414066570820e-01 7.607090275544460489e+00
7.300000000000000000e+01 2.147724651397001777e-02 1.174102783208401135e+01
7.300000000000000000e+01 -1.326564004292570334e-02 4.739016861138898662e+01
7.300000000000000000e+01 -1.609206512509993303e-02 7.684121556163762534e+01
7.300000000000000000e+01 -6.343473150668547944e-02 2.608777828941131816e+01
7.300000000000000000e+01 -3.273160949513588269e-01 7.778149089477054190e+00
7.400000000000000000e+01 2.899245849415391443e-02 1.144862913644234403e+01
7.400000000000000000e+01 -1.346937005949260316e-02 4.714519214714086814e+01
7.400000000000000000e+01 -1.630897647075337659e-02 7.647201436661033824e+01
7.400000000000000000e+01 -6.429950082592360283e-02 2.589620057443470102e+01
7.400000000000000000e+01 -3.354183382064174768e-01 7.953547936283097641e+00
7.500000000000000000e+01 3.779608758577644723e-02 1.117585887615786433e+01
7.500000000000000000e+01 -1.366744275270900810e-02 4.689727896781209182e+01
7.500000000000000000e+01 -1.652705448193188958e-02 7.610646241991125294e+01
7.500000000000000000e+01 -6.512105219471184259e-02 2.570189225242544140e+01
7.500000000000000000e+01 -3.448292837069190098e-01 8.127507670109260118e+00
7.600000000000000000e+01 4.775712609965993699e-02 1.092713005827452477e+01
7.600000000000000000e+01 -1.385826744729076396e-02 4.664769630016476043e+01
7.600000000000000000e+01 -1.674633794023470609e-02 7.574606932610932120e+01
7.600000000000000000e+01 -6.589189977687071043e-02 2.550529373910388387e+01
7.600000000000000000e+01 -3.553984746785655013e-01 8.297086773100021517e+00
7.700000000000000000e+01 5.860580902858941038e-02 1.070426465759369705e+01
7.700000000000000000e+01 -1.404253382666335523e-02 4.639600004567575553e+01
7.700000000000000000e+01 -1.696826698452265011e-02 7.539077689917368730e+01
7.700000000000000000e+01 -6.661338602482412552e-02 2.530654659246933136e+01
7.700000000000000000e+01 -3.668746663477338021e-01 8.459673870780068938e+00
7.800000000000000000e+01 6.992188135732409215e-02 1.050772339389494547e+01
7.800000000000000000e+01 -1.421956877398203485e-02 4.614182603844580655e+01
7.800000000000000000e+01 -1.719236210612201318e-02 7.504115497645834409e+01
7.800000000000000000e+01 -6.728099559350574077e-02 2.510571871454321879e+01
7.800000000000000000e+01 -3.788745923259712600e-01 8.612697162143438945e+00
7.900000000000000000e+01 8.128443315374248024e-02 1.033601327434593564e+01
7.900000000000000000e+01 -1.438882644749634419e-02 4.588488985325517433e+01
7.900000000000000000e+01 -1.741855198984403746e-02 7.469741336627512851e+01
7.900000000000000000e+01 -6.789028121990661746e-02 2.490282500605382054e+01
7.900000000000000000e+01 -3.910134252330026428e-01 8.755495597313990075e+00
8.000000000000000000e+01 9.235026888100100750e-02 1.018640884362651278e+01
8.000000000000000000e+01 -1.454962792879258525e-02 4.562491215690030089e+01
8.000000000000000000e+01 -1.764673872753807007e-02 7.435967485198145255e+01
8.000000000000000000e+01 -6.843606706360014225e-02 2.469785457217025737e+01
8.000000000000000000e+01 -4.029849706466716031e-01 8.888690465766481807e+00
8.100000000000000000e+01 1.029117173522622192e-01 1.005603873492146683e+01
8.100000000000000000e+01 -1.470081075585212733e-02 4.536222126135589860e+01
8.100000000000000000e+01 -1.787796180638655946e-02 7.402814934463094687e+01
8.100000000000000000e+01 -6.891409264295984827e-02 2.449109465523782703e+01
8.100000000000000000e+01 -4.146031680775499328e-01 9.014452555293265945e+00
8.200000000000000000e+01 1.128017262425425604e-01 9.941603937937097513e+00
8.200000000000000000e+01 -1.484140900827159854e-02 4.509603842279025798e+01
8.200000000000000000e+01 -1.811083963853566889e-02 7.370304177420666747e+01
8.200000000000000000e+01 -6.931577791635383512e-02 2.428230537323990390e+01
8.200000000000000000e+01 -4.257447448499738774e-01 9.133472805874736977e+00
8.300000000000000000e+01 1.219699004576872275e-01 9.840520201554781465e+00
8.300000000000000000e+01 -1.497017587255397748e-02 4.482637944617134451e+01
8.300000000000000000e+01 -1.834578125707655993e-02 7.338432549495014712e+01
8.300000000000000000e+01 -6.963416592312073050e-02 2.407156405803219457e+01
8.300000000000000000e+01 -4.363778621771949862e-01 9.247733865438570788e+00
8.400000000000000000e+01 1.303742037769502482e-01 9.750225820074721383e+00
8.400000000000000000e+01 -1.508599161945971961e-02 4.455244483573743253e+01
8.400000000000000000e+01 -1.858172720566856825e-02 7.307174142056777555e+01
8.400000000000000000e+01 -6.985813238023412530e-02 2.385848406592871385e+01
8.400000000000000000e+01 -4.464920591382377513e-01 9.358046274619679750e+00
8.500000000000000000e+01 1.380608178113030826e-01 9.669320320288516513e+00
8.500000000000000000e+01 -1.518687645581737189e-02 4.427485669514727817e+01
8.500000000000000000e+01 -1.881992310484986025e-02 7.276558539053924335e+01
8.500000000000000000e+01 -6.998026479754826390e-02 2.364350602738599250e+01
8.500000000000000000e+01 -4.561409059442714797e-01 9.466580322188040242e+00
8.600000000000000000e+01 1.450426426631376275e-01 9.596155193905703484e+00
8.600000000000000000e+01 -1.527118021345310814e-02 4.399312713670429531e+01
8.600000000000000000e+01 -1.905974865767163032e-02 7.246570709529507326e+01
8.600000000000000000e+01 -6.998764344697459838e-02 2.342641616506759661e+01
8.600000000000000000e+01 -4.653627587444504887e-01 9.574064821530066993e+00
8.700000000000000000e+01 1.513860421250110000e-01 9.529935337534427120e+00
8.700000000000000000e+01 -1.533622053629870099e-02 4.370786871452920508e+01
8.700000000000000000e+01 -1.930214158781910772e-02 7.217248779242170542e+01
8.700000000000000000e+01 -6.986996346900073429e-02 2.320768406884544177e+01
8.700000000000000000e+01 -4.742311133231838505e-01 9.682126546911687726e+00
8.800000000000000000e+01 1.570833282294419042e-01 9.469087539553981969e+00
8.800000000000000000e+01 -1.538055033851593208e-02 4.341780194814680272e+01
8.800000000000000000e+01 -1.954550513227962596e-02 7.188523782288271491e+01
8.800000000000000000e+01 -6.960716648627304770e-02 2.298656228524012946e+01
8.800000000000000000e+01 -4.827782499015515483e-01 9.790546915324897626e+00
8.900000000000000000e+01 1.621915218531412295e-01 9.413046977014211336e+00
8.900000000000000000e+01 -1.540130779004185782e-02 4.312323257209796168e+01
8.900000000000000000e+01 -1.979040909570690607e-02 7.160412603821343680e+01
8.900000000000000000e+01 -6.918337513906713809e-02 2.276332564086224508e+01
8.900000000000000000e+01 -4.910766436319021211e-01 9.900464330905181853e+00
