1.000000000000000000e+01 2.934701196587701367e-04 5.402626999999999846e-01 4.175138988036443573e-03
1.100000000000000000e+01 3.565921580770700194e-04 5.402540000000000120e-01 5.066714650724713637e-03
1.200000000000000000e+01 4.263300068801844029e-04 5.402424000000000115e-01 6.049137116054871879e-03
1.300000000000000000e+01 5.028537490556869889e-04 5.402274000000000242e-01 7.124047517355764671e-03
1.400000000000000000e+01 5.863505557390516964e-04 5.402082999999999746e-01 8.293238164205046781e-03
1.500000000000000000e+01 6.770252925135650636e-04 5.401842999999999506e-01 9.558655507358248399e-03
1.600000000000000000e+01 7.751008736915847123e-04 5.401546999999999876e-01 1.092239810909122200e-02
1.700000000000000000e+01 8.808204761520590110e-04 5.401184999999999459e-01 1.238674054699909904e-02
1.800000000000000000e+01 9.944445364059794571e-04 5.400747000000000186e-01 1.395408249944512374e-02
1.900000000000000000e+01 1.116255713938743869e-03 5.400220999999999494e-01 1.562701054988762522e-02
2.000000000000000000e+01 1.246557575472320972e-03 5.399597000000000424e-01 1.740827021051223264e-02
2.100000000000000000e+01 1.385674007862654471e-03 5.398859000000000297e-01 1.930074591444810861e-02
2.200000000000000000e+01 1.533954809323302519e-03 5.397994000000000403e-01 2.130753079572439770e-02
2.300000000000000000e+01 1.691770169491477703e-03 5.396984000000000226e-01 2.343183685549074871e-02
2.400000000000000000e+01 1.859515932185646769e-03 5.395811999999999831e-01 2.567705474052336956e-02
2.500000000000000000e+01 2.037611413660650808e-03 5.394459000000000337e-01 2.804671379811154650e-02
2.600000000000000000e+01 2.226504167313377372e-03 5.392902000000000529e-01 3.054453186497188902e-02
2.700000000000000000e+01 2.437233773374266558e-03 5.391019999999999701e-01 3.331344704896260084e-02
2.800000000000000000e+01 2.651263871998684688e-03 5.388956999999999775e-01 3.610579909324420494e-02
2.900000000000000000e+01 2.877925741401428893e-03 5.386606000000000449e-01 3.904223096094759649e-02
3.000000000000000000e+01 3.117858236594492523e-03 5.383934999999999693e-01 4.212797082336239285e-02
3.100000000000000000e+01 3.371616914798465300e-03 5.380911999999999917e-01 4.536689937996481875e-02
3.200000000000000000e+01 3.639891200221713041e-03 5.377496999999999971e-01 4.876434151009161055e-02
3.300000000000000000e+01 3.923368346524915527e-03 5.373649999999999816e-01 5.232529143903263957e-02
3.400000000000000000e+01 4.228670987612617033e-03 5.369235999999999454e-01 5.612864939218336485e-02
3.500000000000000000e+01 4.545927454252887863e-03 5.364360999999999713e-01 6.004601119626685329e-02
3.600000000000000000e+01 4.880805704465770653e-03 5.358901999999999832e-01 6.414411404296302410e-02
3.700000000000000000e+01 5.234110398629782980e-03 5.352801999999999838e-01 6.842803416745507628e-02
3.800000000000000000e+01 5.606679711625040842e-03 5.345997999999999584e-01 7.290289558345890153e-02
3.900000000000000000e+01 5.999329818162308162e-03 5.338424999999999976e-01 7.757319230469625349e-02
4.000000000000000000e+01 6.412911902339826428e-03 5.330008999999999997e-01 8.244348606772690380e-02
4.100000000000000000e+01 6.848266609851698210e-03 5.320675999999999739e-01 8.751784814949761793e-02
4.200000000000000000e+01 7.311326231359211239e-03 5.310224999999999529e-01 9.285918797853671969e-02
4.300000000000000000e+01 7.793484246432876537e-03 5.298785000000000300e-01 9.836040502384989226e-02
4.400000000000000000e+01 8.299862726081260952e-03 5.286167000000000504e-01 1.040748519522401716e-01
4.500000000000000000e+01 8.831149813082373942e-03 5.272280000000000300e-01 1.100035332080698952e-01
4.600000000000000000e+01 9.387973755022628597e-03 5.257024999999999615e-01 1.161466554704627951e-01
4.700000000000000000e+01 9.970866333851562818e-03 5.240306000000000131e-01 1.225030788675145615e-01
4.800000000000000000e+01 1.058023275039899486e-02 5.222020000000000550e-01 1.290701687158879729e-01
4.900000000000000000e+01 1.121635959028547021e-02 5.202067000000000219e-01 1.358439954521617477e-01
5.000000000000000000e+01 1.188269623483166268e-02 5.180234000000000227e-01 1.428543911290393043e-01
5.100000000000000000e+01 1.257280798847583425e-02 5.156635999999999997e-01 1.500252191432537852e-01
5.200000000000000000e+01 1.328952318089301858e-02 5.131080999999999559e-01 1.573804405684716134e-01
5.300000000000000000e+01 1.403240369430959131e-02 5.103480000000000238e-01 1.649089589358032626e-01
5.400000000000000000e+01 1.480082397842514587e-02 5.073752000000000262e-01 1.725981872200711142e-01
5.500000000000000000e+01 1.559393416974652960e-02 5.041826999999999837e-01 1.804336494419976622e-01
5.600000000000000000e+01 1.641068500148520903e-02 5.007641000000000453e-01 1.883993799030950211e-01
5.700000000000000000e+01 1.724982082060889932e-02 4.971145000000000147e-01 1.964779236739601920e-01
5.800000000000000000e+01 1.810991745877060105e-02 4.932302000000000075e-01 2.046508351670308923e-01
5.900000000000000000e+01 1.898935532728314446e-02 4.891086000000000045e-01 2.128982790412088377e-01
6.000000000000000000e+01 1.988639814436841610e-02 4.847488999999999826e-01 2.212001273828021475e-01
6.100000000000000000e+01 2.079918996436812620e-02 4.801510999999999973e-01 2.295356591806937685e-01
6.200000000000000000e+01 2.172575217044972820e-02 4.753172999999999981e-01 2.378837610250115753e-01
6.300000000000000000e+01 2.266409713119931987e-02 4.702504000000000128e-01 2.462238213571933398e-01
6.400000000000000000e+01 2.361219729073806353e-02 4.649545999999999957e-01 2.545355321430368134e-01
6.500000000000000000e+01 2.456754956177620297e-02 4.594385999999999748e-01 2.627944083447635304e-01
6.600000000000000000e+01 2.552944416057446181e-02 4.537004000000000037e-01 2.709938834787600781e-01
6.700000000000000000e+01 2.649509879872464016e-02 4.477529000000000092e-01 2.791078881238550635e-01
6.800000000000000000e+01 2.746267718250939432e-02 4.416039999999999965e-01 2.871198099065159770e-01
6.900000000000000000e+01 2.843043172840206689e-02 4.352623999999999937e-01 2.950140326918875844e-01
7.000000000000000000e+01 2.939786505349533188e-02 4.287300000000000000e-01 3.027850778299314149e-01
7.100000000000000000e+01 3.036164821888341289e-02 4.220270999999999884e-01 3.104067136366230328e-01
7.200000000000000000e+01 3.131923106924174721e-02 4.151738999999999846e-01 3.178569644702465835e-01
7.300000000000000000e+01 3.227279599460531473e-02 4.081550999999999929e-01 3.251532204564410167e-01
7.400000000000000000e+01 3.321971995176508513e-02 4.009911999999999921e-01 3.322744132480160428e-01
7.500000000000000000e+01 3.415902789255614858e-02 3.936918999999999835e-01 3.392127919801765090e-01
7.600000000000000000e+01 3.508986239375978117e-02 3.862669000000000241e-01 3.459618004932670798e-01
7.700000000000000000e+01 3.601147271310283643e-02 3.787258000000000013e-01 3.525156771212926698e-01
7.800000000000000000e+01 3.692323472593675437e-02 3.710777000000000103e-01 3.588696537861894575e-01
7.900000000000000000e+01 3.782462399100825629e-02 3.633318999999999854e-01 3.650199578812496348e-01
8.000000000000000000e+01 3.871521177480503895e-02 3.554972000000000132e-01 3.709636120607466281e-01
8.100000000000000000e+01 3.959465110026107876e-02 3.475820000000000021e-01 3.766982347271250475e-01
8.200000000000000000e+01 4.046269767369872067e-02 3.395946000000000242e-01 3.822223393002159297e-01
8.300000000000000000e+01 4.131918198223918925e-02 3.315427000000000235e-01 3.875349351916163032e-01
8.400000000000000000e+01 4.216381585398858156e-02 3.234358999999999984e-01 3.926343384010412274e-01
8.500000000000000000e+01 4.299922449520650336e-02 3.152503999999999862e-01 3.975393115080601003e-01
8.600000000000000000e+01 4.381896392757497066e-02 3.070676999999999990e-01 4.022052954783090217e-01
8.700000000000000000e+01 4.462866551626476497e-02 2.988312000000000190e-01 4.066713927391591987e-01
8.800000000000000000e+01 4.542721047627599346e-02 2.905588000000000060e-01 4.109310654071515190e-01
8.900000000000000000e+01 4.621452402680978344e-02 2.822595999999999994e-01 4.149838174905197685e-01
9.000000000000000000e+01 4.699081851029026508e-02 2.739384000000000263e-01 4.188315387804416035e-01
