0.000000000000000000e+00 3.580895999999999797e-31 5.567142058989920770e+02
1.250000000000000000e+00 1.388787000000000008e-02 5.564465845661829917e+02
2.500000000000000000e+00 2.775682000000000149e-02 5.554822653478913708e+02
3.750000000000000000e+00 4.158797000000000188e-02 5.526672351043058597e+02
5.000000000000000000e+00 5.536258000000000151e-02 5.386320923656850255e+02
6.250000000000000000e+00 6.906213999999999409e-02 5.080393924511498653e+02
7.500000000000000000e+00 8.266840999999999773e-02 4.805761232919765007e+02
8.750000000000000000e+00 9.616347000000000089e-02 4.591341302350072056e+02
1.000000000000000000e+01 1.095297999999999966e-01 4.428121445408352201e+02
1.125000000000000000e+01 1.227503999999999956e-01 4.304222854992348744e+02
1.250000000000000000e+01 1.358087000000000044e-01 4.209435807343701867e+02
1.375000000000000000e+01 1.486887000000000070e-01 4.135918436900179245e+02
1.500000000000000000e+01 1.613750999999999935e-01 4.077931548596034190e+02
1.625000000000000000e+01 1.738532999999999884e-01 4.031356324544908603e+02
1.750000000000000000e+01 1.861092000000000024e-01 3.993248655477255511e+02
1.875000000000000000e+01 1.981295999999999891e-01 3.961494815044920301e+02
2.000000000000000000e+01 2.099022000000000110e-01 3.934562595802267992e+02
2.125000000000000000e+01 2.214152000000000065e-01 3.911328012871696842e+02
2.250000000000000000e+01 2.326577999999999979e-01 3.890956459666288083e+02
2.375000000000000000e+01 2.436201000000000061e-01 3.872819716562020744e+02
2.500000000000000000e+01 2.542929999999999913e-01 3.856439543125741807e+02
2.625000000000000000e+01 2.646682000000000201e-01 3.841447146614888766e+02
2.750000000000000000e+01 2.747384999999999966e-01 3.827555009541668483e+02
2.875000000000000000e+01 2.844972000000000056e-01 3.814537201055830451e+02
3.000000000000000000e+01 2.939388000000000001e-01 3.802213730391291051e+02
