0.000000000000000000e+00 3.580895999999999797e-31 1.064796202861543179e+03
1.250000000000000000e+00 1.388787000000000008e-02 1.089695277542201211e+03
2.500000000000000000e+00 2.775682000000000149e-02 1.093035499407322732e+03
3.750000000000000000e+00 4.158797000000000188e-02 1.092657375878411813e+03
5.000000000000000000e+00 5.536258000000000151e-02 1.091920184926882484e+03
6.250000000000000000e+00 6.906213999999999409e-02 1.090935537276708828e+03
7.500000000000000000e+00 8.266840999999999773e-02 1.089732185191174494e+03
8.750000000000000000e+00 9.616347000000000089e-02 1.088326408100694380e+03
1.000000000000000000e+01 1.095297999999999966e-01 1.086731776318600623e+03
1.125000000000000000e+01 1.227503999999999956e-01 1.084961231249948014e+03
1.250000000000000000e+01 1.358087000000000044e-01 1.083027567506698688e+03
1.375000000000000000e+01 1.486887000000000070e-01 1.080943066270304371e+03
1.500000000000000000e+01 1.613750999999999935e-01 1.078719746831131943e+03
1.625000000000000000e+01 1.738532999999999884e-01 1.076368779666424871e+03
1.750000000000000000e+01 1.861092000000000024e-01 1.073899983523036781e+03
1.875000000000000000e+01 1.981295999999999891e-01 1.071321946916746356e+03
2.000000000000000000e+01 2.099022000000000110e-01 1.068641355060073693e+03
2.125000000000000000e+01 2.214152000000000065e-01 1.065862488389471764e+03
2.250000000000000000e+01 2.326577999999999979e-01 1.062987100597646531e+03
2.375000000000000000e+01 2.436201000000000061e-01 1.060013365657027634e+03
2.500000000000000000e+01 2.542929999999999913e-01 1.056935523601521481e+03
2.625000000000000000e+01 2.646682000000000201e-01 1.053742423096194216e+03
2.750000000000000000e+01 2.747384999999999966e-01 1.050416094056583688e+03
2.875000000000000000e+01 2.844972000000000056e-01 1.046929972967738422e+03
3.000000000000000000e+01 2.939388000000000001e-01 1.043245358242956627e+03
