0.000000000000000000e+00 3.067620000000000157e-31 7.129927510412400125e+02
1.250000000000000000e+00 1.388787000000000008e-02 6.910531496940917577e+02
2.500000000000000000e+00 2.775682000000000149e-02 6.432848075010750790e+02
3.750000000000000000e+00 4.158797000000000188e-02 5.921088864212392764e+02
5.000000000000000000e+00 5.536258000000000151e-02 5.524154034270162583e+02
6.250000000000000000e+00 6.906215000000000270e-02 5.514524816490172725e+02
7.500000000000000000e+00 8.266842000000000634e-02 5.503115198963936336e+02
8.750000000000000000e+00 9.616347999999999563e-02 5.489870479838161828e+02
1.000000000000000000e+01 1.095297999999999966e-01 5.474890434122123679e+02
1.125000000000000000e+01 1.227503999999999956e-01 5.458288643057795753e+02
1.250000000000000000e+01 1.358087000000000044e-01 5.440188113794732772e+02
1.375000000000000000e+01 1.486887000000000070e-01 5.420715111781519226e+02
1.500000000000000000e+01 1.613751999999999964e-01 5.400002601279649070e+02
1.625000000000000000e+01 1.738532999999999884e-01 5.378184712243723880e+02
1.750000000000000000e+01 1.861092000000000024e-01 5.355392629762145589e+02
1.875000000000000000e+01 1.981296999999999919e-01 5.331758325989983405e+02
2.000000000000000000e+01 2.099022000000000110e-01 5.307409375726419967e+02
2.125000000000000000e+01 2.214152000000000065e-01 5.282466522033556657e+02
2.250000000000000000e+01 2.326579000000000008e-01 5.257046981090883264e+02
2.375000000000000000e+01 2.436202000000000090e-01 5.231258241121227002e+02
2.500000000000000000e+01 2.542930999999999941e-01 5.205202824757587905e+02
2.625000000000000000e+01 2.646683000000000230e-01 5.178973384110496454e+02
2.750000000000000000e+01 2.747385999999999995e-01 5.152653428929248776e+02
2.875000000000000000e+01 2.844973000000000085e-01 5.126321508078360694e+02
3.000000000000000000e+01 2.939390000000000058e-01 5.100043957500049032e+02
