0.000000000000000000e+00 3.067620000000000157e-31 2.946952471292510367e+01
1.250000000000000000e+00 1.388787000000000008e-02 2.947214565256798480e+01
2.500000000000000000e+00 2.775682000000000149e-02 2.947978870150353004e+01
3.750000000000000000e+00 4.158797000000000188e-02 2.949245472780701149e+01
5.000000000000000000e+00 5.536258000000000151e-02 2.951029340554588032e+01
6.250000000000000000e+00 6.906215000000000270e-02 2.953320287522998555e+01
7.500000000000000000e+00 8.266842000000000634e-02 2.956117593957532108e+01
8.750000000000000000e+00 9.616347999999999563e-02 2.959420685056289457e+01
1.000000000000000000e+01 1.095297999999999966e-01 2.963228883281085402e+01
1.125000000000000000e+01 1.227503999999999956e-01 2.967541220088172338e+01
1.250000000000000000e+01 1.358087000000000044e-01 2.972365533106529867e+01
1.375000000000000000e+01 1.486887000000000070e-01 2.977678864258311364e+01
1.500000000000000000e+01 1.613751999999999964e-01 2.983492104047066462e+01
1.625000000000000000e+01 1.738532999999999884e-01 2.989811444836036003e+01
1.750000000000000000e+01 1.861092000000000024e-01 2.996614221774869335e+01
1.875000000000000000e+01 1.981296999999999919e-01 3.003910719768463622e+01
2.000000000000000000e+01 2.099022000000000110e-01 3.011703402682299568e+01
2.125000000000000000e+01 2.214152000000000065e-01 3.019975189768985047e+01
2.250000000000000000e+01 2.326579000000000008e-01 3.028737856481846435e+01
2.375000000000000000e+01 2.436202000000000090e-01 3.037973567490321969e+01
2.500000000000000000e+01 2.542930999999999941e-01 3.047693601315209477e+01
2.625000000000000000e+01 2.646683000000000230e-01 3.057889613222873493e+01
2.750000000000000000e+01 2.747385999999999995e-01 3.068544355761448372e+01
2.875000000000000000e+01 2.844973000000000085e-01 3.079676320129009426e+01
3.000000000000000000e+01 2.939390000000000058e-01 3.091261798484931589e+01
