0.000000000000000000e+00 3.580895999999999797e-31 1.973311795412273341e+03
1.250000000000000000e+00 1.388787000000000008e-02 1.981722224433606925e+03
2.500000000000000000e+00 2.775682000000000149e-02 2.008127889157151003e+03
3.750000000000000000e+00 4.158797000000000188e-02 2.055180742946040482e+03
5.000000000000000000e+00 5.536258000000000151e-02 2.124300877533232779e+03
6.250000000000000000e+00 6.906213999999999409e-02 2.211455922199119414e+03
7.500000000000000000e+00 8.266840999999999773e-02 2.304918809618606701e+03
8.750000000000000000e+00 9.616347000000000089e-02 2.388612803393041759e+03
1.000000000000000000e+01 1.095297999999999966e-01 2.450367912504085780e+03
1.125000000000000000e+01 1.227503999999999956e-01 2.488073211121421537e+03
1.250000000000000000e+01 1.358087000000000044e-01 2.506949778602080187e+03
1.375000000000000000e+01 1.486887000000000070e-01 2.513414649126782933e+03
1.500000000000000000e+01 1.613750999999999935e-01 2.512239979261062217e+03
1.625000000000000000e+01 1.738532999999999884e-01 2.506427817737962869e+03
1.750000000000000000e+01 1.861092000000000024e-01 2.497784372108630578e+03
1.875000000000000000e+01 1.981295999999999891e-01 2.487405647233085347e+03
2.000000000000000000e+01 2.099022000000000110e-01 2.475972942294909899e+03
2.125000000000000000e+01 2.214152000000000065e-01 2.463918968354441859e+03
2.250000000000000000e+01 2.326577999999999979e-01 2.451522110621620413e+03
2.375000000000000000e+01 2.436201000000000061e-01 2.438961886178307395e+03
2.500000000000000000e+01 2.542929999999999913e-01 2.426353189391340493e+03
2.625000000000000000e+01 2.646682000000000201e-01 2.413768028746154869e+03
2.750000000000000000e+01 2.747384999999999966e-01 2.401249843130211957e+03
2.875000000000000000e+01 2.844972000000000056e-01 2.388823139827203249e+03
3.000000000000000000e+01 2.939388000000000001e-01 2.376499875062455430e+03
