0.000000000000000000e+00 3.580895999999999797e-31 1.094841721209138768e+03
1.250000000000000000e+00 1.388787000000000008e-02 1.100708068328439595e+03
2.500000000000000000e+00 2.775682000000000149e-02 1.169038641220143063e+03
3.750000000000000000e+00 4.158797000000000188e-02 1.251911602795597219e+03
5.000000000000000000e+00 5.536258000000000151e-02 1.327008305927363836e+03
6.250000000000000000e+00 6.906213999999999409e-02 1.384782737919904775e+03
7.500000000000000000e+00 8.266840999999999773e-02 1.423465160337793805e+03
8.750000000000000000e+00 9.616347000000000089e-02 1.445857773891623992e+03
1.000000000000000000e+01 1.095297999999999966e-01 1.455937966811189199e+03
1.125000000000000000e+01 1.227503999999999956e-01 1.457123715104028406e+03
1.250000000000000000e+01 1.358087000000000044e-01 1.451920635426236913e+03
1.375000000000000000e+01 1.486887000000000070e-01 1.442082992817242030e+03
1.500000000000000000e+01 1.613750999999999935e-01 1.428843325421821191e+03
1.625000000000000000e+01 1.738532999999999884e-01 1.413089186968556305e+03
1.750000000000000000e+01 1.861092000000000024e-01 1.395480028985872423e+03
1.875000000000000000e+01 1.981295999999999891e-01 1.376521204227550015e+03
2.000000000000000000e+01 2.099022000000000110e-01 1.356610338585347790e+03
2.125000000000000000e+01 2.214152000000000065e-01 1.336067022568976881e+03
2.250000000000000000e+01 2.326577999999999979e-01 1.315152624271946706e+03
2.375000000000000000e+01 2.436201000000000061e-01 1.294083781886302177e+03
2.500000000000000000e+01 2.542929999999999913e-01 1.273042629691216916e+03
2.625000000000000000e+01 2.646682000000000201e-01 1.252184606987278130e+03
2.750000000000000000e+01 2.747384999999999966e-01 1.231645300142583665e+03
2.875000000000000000e+01 2.844972000000000056e-01 1.211546944669173627e+03
3.000000000000000000e+01 2.939388000000000001e-01 1.192004614547287247e+03
