0.000000000000000000e+00 3.580895999999999797e-31 2.627081184481267428e+03
1.250000000000000000e+00 1.388787000000000008e-02 2.626958039392529372e+03
2.500000000000000000e+00 2.775682000000000149e-02 2.626561232465107878e+03
3.750000000000000000e+00 4.158797000000000188e-02 2.625901968670062615e+03
5.000000000000000000e+00 5.536258000000000151e-02 2.625002943131839857e+03
6.250000000000000000e+00 6.906213999999999409e-02 2.623904646560108176e+03
7.500000000000000000e+00 8.266840999999999773e-02 2.622674249419789703e+03
8.750000000000000000e+00 9.616347000000000089e-02 2.621408288312299192e+03
1.000000000000000000e+01 1.095297999999999966e-01 2.620207004528855578e+03
1.125000000000000000e+01 1.227503999999999956e-01 2.619101273545689764e+03
1.250000000000000000e+01 1.358087000000000044e-01 2.617990001028106235e+03
1.375000000000000000e+01 1.486887000000000070e-01 2.616702279123364860e+03
1.500000000000000000e+01 1.613750999999999935e-01 2.615131029592579580e+03
1.625000000000000000e+01 1.738532999999999884e-01 2.613272991594402356e+03
1.750000000000000000e+01 1.861092000000000024e-01 2.611181180578751992e+03
1.875000000000000000e+01 1.981295999999999891e-01 2.608917938950996813e+03
2.000000000000000000e+01 2.099022000000000110e-01 2.606534983680259302e+03
2.125000000000000000e+01 2.214152000000000065e-01 2.604070446817717311e+03
2.250000000000000000e+01 2.326577999999999979e-01 2.601551761135673587e+03
2.375000000000000000e+01 2.436201000000000061e-01 2.598998448235220167e+03
2.500000000000000000e+01 2.542929999999999913e-01 2.596424922152150884e+03
2.625000000000000000e+01 2.646682000000000201e-01 2.593841826055341699e+03
2.750000000000000000e+01 2.747384999999999966e-01 2.591257168080767315e+03
2.875000000000000000e+01 2.844972000000000056e-01 2.588677303209038200e+03
3.000000000000000000e+01 2.939388000000000001e-01 2.586106898205211564e+03
