0.000000000000000000e+00 3.580895999999999797e-31 2.754670013451050750e+02
1.250000000000000000e+00 1.388787000000000008e-02 2.743885129404678764e+02
2.500000000000000000e+00 2.775682000000000149e-02 2.710906998799822532e+02
3.750000000000000000e+00 4.158797000000000188e-02 2.655834222908239326e+02
5.000000000000000000e+00 5.536258000000000151e-02 2.579600723441498076e+02
6.250000000000000000e+00 6.906213999999999409e-02 2.484778458595779398e+02
7.500000000000000000e+00 8.266840999999999773e-02 2.375953527926779429e+02
8.750000000000000000e+00 9.616347000000000089e-02 2.259298667159938816e+02
1.000000000000000000e+01 1.095297999999999966e-01 2.141872476103591225e+02
1.125000000000000000e+01 1.227503999999999956e-01 2.032984297203801418e+02
1.250000000000000000e+01 1.358087000000000044e-01 1.953809651708682793e+02
1.375000000000000000e+01 1.486887000000000070e-01 1.918716318290339018e+02
1.500000000000000000e+01 1.613750999999999935e-01 1.900680223233508173e+02
1.625000000000000000e+01 1.738532999999999884e-01 1.886543928726105719e+02
1.750000000000000000e+01 1.861092000000000024e-01 1.873354992606580538e+02
1.875000000000000000e+01 1.981295999999999891e-01 1.860278479530725235e+02
2.000000000000000000e+01 2.099022000000000110e-01 1.847020727356150189e+02
2.125000000000000000e+01 2.214152000000000065e-01 1.833468726681736882e+02
2.250000000000000000e+01 2.326577999999999979e-01 1.819587172116705176e+02
2.375000000000000000e+01 2.436201000000000061e-01 1.805372244256451779e+02
2.500000000000000000e+01 2.542929999999999913e-01 1.790840837886098598e+02
2.625000000000000000e+01 2.646682000000000201e-01 1.776017110626698070e+02
2.750000000000000000e+01 2.747384999999999966e-01 1.760929327635554955e+02
2.875000000000000000e+01 2.844972000000000056e-01 1.745612096999683445e+02
3.000000000000000000e+01 2.939388000000000001e-01 1.730096648920890630e+02
