0.000000000000000000e+00 3.580895999999999797e-31 1.950179796541536632e+02
1.250000000000000000e+00 1.388787000000000008e-02 1.949659168002677063e+02
2.500000000000000000e+00 2.775682000000000149e-02 1.948064735462509987e+02
3.750000000000000000e+00 4.158797000000000188e-02 1.945379949893209357e+02
5.000000000000000000e+00 5.536258000000000151e-02 1.941569938176592416e+02
6.250000000000000000e+00 6.906213999999999409e-02 1.936556483361023595e+02
7.500000000000000000e+00 8.266840999999999773e-02 1.930170506029421063e+02
8.750000000000000000e+00 9.616347000000000089e-02 1.922002666051285473e+02
1.000000000000000000e+01 1.095297999999999966e-01 1.910874153716378316e+02
1.125000000000000000e+01 1.227503999999999956e-01 1.892350480725738464e+02
1.250000000000000000e+01 1.358087000000000044e-01 1.848628527568177731e+02
1.375000000000000000e+01 1.486887000000000070e-01 1.767280158467970352e+02
1.500000000000000000e+01 1.613750999999999935e-01 1.676191051080450336e+02
1.625000000000000000e+01 1.738532999999999884e-01 1.588668998721073251e+02
1.750000000000000000e+01 1.861092000000000024e-01 1.507397187212927747e+02
1.875000000000000000e+01 1.981295999999999891e-01 1.432732183514656015e+02
2.000000000000000000e+01 2.099022000000000110e-01 1.364399827230836024e+02
2.125000000000000000e+01 2.214152000000000065e-01 1.301927150910391049e+02
2.250000000000000000e+01 2.326577999999999979e-01 1.244791976126738859e+02
2.375000000000000000e+01 2.436201000000000061e-01 1.192479739928124474e+02
2.500000000000000000e+01 2.542929999999999913e-01 1.144510401708556344e+02
2.625000000000000000e+01 2.646682000000000201e-01 1.100445554085165583e+02
2.750000000000000000e+01 2.747384999999999966e-01 1.059890574321935048e+02
2.875000000000000000e+01 2.844972000000000056e-01 1.022494922491668916e+02
3.000000000000000000e+01 2.939388000000000001e-01 9.879453871338732540e+01
