0.000000000000000000e+00 3.580895999999999797e-31 1.789060447410378629e+03
1.250000000000000000e+00 1.388787000000000008e-02 1.788995144644924039e+03
2.500000000000000000e+00 2.775682000000000149e-02 1.788805684051220169e+03
3.750000000000000000e+00 4.158797000000000188e-02 1.788455529377036328e+03
5.000000000000000000e+00 5.536258000000000151e-02 1.787904110978448898e+03
6.250000000000000000e+00 6.906213999999999409e-02 1.787122279721548011e+03
7.500000000000000000e+00 8.266840999999999773e-02 1.786098573131948342e+03
8.750000000000000000e+00 9.616347000000000089e-02 1.784837011563456826e+03
1.000000000000000000e+01 1.095297999999999966e-01 1.783351845602308686e+03
1.125000000000000000e+01 1.227503999999999956e-01 1.781662736181846412e+03
1.250000000000000000e+01 1.358087000000000044e-01 1.779791549932266889e+03
1.375000000000000000e+01 1.486887000000000070e-01 1.777760198164573467e+03
1.500000000000000000e+01 1.613750999999999935e-01 1.775590087348549559e+03
1.625000000000000000e+01 1.738532999999999884e-01 1.773301361031869192e+03
1.750000000000000000e+01 1.861092000000000024e-01 1.770912503496988165e+03
1.875000000000000000e+01 1.981295999999999891e-01 1.768440664057322010e+03
2.000000000000000000e+01 2.099022000000000110e-01 1.765901349329179766e+03
2.125000000000000000e+01 2.214152000000000065e-01 1.763308354004803959e+03
2.250000000000000000e+01 2.326577999999999979e-01 1.760674136983796870e+03
2.375000000000000000e+01 2.436201000000000061e-01 1.758009479941789550e+03
2.500000000000000000e+01 2.542929999999999913e-01 1.755323973890700017e+03
2.625000000000000000e+01 2.646682000000000201e-01 1.752625773036528017e+03
2.750000000000000000e+01 2.747384999999999966e-01 1.749921768015088901e+03
2.875000000000000000e+01 2.844972000000000056e-01 1.747218005512054788e+03
3.000000000000000000e+01 2.939388000000000001e-01 1.744519248553810257e+03
