0.000000000000000000e+00 5.803365703462888803e+01
5.378373430406734219e-03 5.803568365622604830e+01
2.159028200500715672e-02 5.792897379688978532e+01
4.963840357234648032e-02 5.733949821567748018e+01
9.080278002285480099e-02 5.548040020374125447e+01
1.456283601348838663e-01 5.017790379977496684e+01
2.144777375716538648e-01 3.847338685324182705e+01
2.953621949721995654e-01 7.763031329044444817e+01
3.837893508132180220e-01 7.132258707914262175e+01
4.727115815858538572e-01 6.406155055449691815e+01
5.555670611391909652e-01 5.573001072499738484e+01
6.276490782481528585e-01 4.895857501960824720e+01
6.868924422909408189e-01 4.383439703311363900e+01
7.333973313466805033e-01 4.011782796855805344e+01
7.696039889499540765e-01 3.714643291157432969e+01
7.964157007965187995e-01 3.493189196852625855e+01
