0.000000000000000000e+00 5.803365703462888803e+01
3.841722026601101202e-03 5.803700419315696024e+01
1.542335150916475384e-02 5.798957099712091434e+01
3.549337124940587368e-02 5.770176693471008633e+01
6.502324853286849116e-02 5.678965265859130085e+01
1.051762109412455876e-01 5.450511220403097212e+01
1.569899956300098154e-01 4.845923068547463686e+01
2.212258339020481690e-01 3.661111637937819552e+01
2.969581544951696572e-01 7.748961913236713883e+01
3.811980033026360348e-01 7.145483443669371582e+01
4.682521575676155123e-01 6.439662564677034595e+01
5.516917467664211872e-01 5.596015332778833340e+01
6.259315400064591195e-01 4.893995000134002993e+01
6.880591534049070868e-01 4.352917359331483027e+01
7.374096755855011898e-01 3.945171167781194299e+01
7.747645719425098054e-01 3.640148163062457343e+01
