0.000000000000000000e+00 4.407425653743114680e+00
0.000000000000000000e+00 4.062925294545389221e+01
0.000000000000000000e+00 2.898528149153681355e+01
0.000000000000000000e+00 8.278138664601485175e+01
5.000000000000000000e+00 2.898530472247824719e+01
5.000000000000000000e+00 4.062836490723483962e+01
5.000000000000000000e+00 4.407425150224059784e+00
5.000000000000000000e+00 8.278167491006642820e+01
1.000000000000000000e+01 8.278244893805045024e+01
1.000000000000000000e+01 2.898536619025794892e+01
1.000000000000000000e+01 4.061196468671086990e+01
1.000000000000000000e+01 4.407423791950642489e+00
1.500000000000000000e+01 4.053687465462147088e+01
1.500000000000000000e+01 2.898544170892147775e+01
1.500000000000000000e+01 8.278348053189738209e+01
1.500000000000000000e+01 4.407422032997691197e+00
2.000000000000000000e+01 4.407420679169951505e+00
2.000000000000000000e+01 4.031668918716767536e+01
2.000000000000000000e+01 8.278444552820830893e+01
2.000000000000000000e+01 2.898548872093439854e+01
2.500000000000000000e+01 3.980517645434686358e+01
2.500000000000000000e+01 2.898542961757532410e+01
2.500000000000000000e+01 8.278459528963477965e+01
2.500000000000000000e+01 4.407421140978841301e+00
3.000000000000000000e+01 2.898511422506161139e+01
3.000000000000000000e+01 3.876653470017505754e+01
3.000000000000000000e+01 8.260370791553718561e+01
3.000000000000000000e+01 4.407425562900671778e+00
3.500000000000000000e+01 3.685243561972244208e+01
3.500000000000000000e+01 4.407437141749538156e+00
3.500000000000000000e+01 2.898415477593884049e+01
3.500000000000000000e+01 7.200090156553099519e+01
4.000000000000000000e+01 4.407460416838999251e+00
4.000000000000000000e+01 2.898092262591872625e+01
4.000000000000000000e+01 3.377558284487388818e+01
4.000000000000000000e+01 6.393371285111580704e+01
4.500000000000000000e+01 5.885117490114625838e+01
4.500000000000000000e+01 4.407501311693016177e+00
4.500000000000000000e+01 2.894072561059967441e+01
4.500000000000000000e+01 2.979875908027704057e+01
5.000000000000000000e+01 2.900032407795275091e+01
5.000000000000000000e+01 5.595803997271870855e+01
5.000000000000000000e+01 2.553513528838305646e+01
5.000000000000000000e+01 4.407567108247611998e+00
5.500000000000000000e+01 5.431735393523766220e+01
5.500000000000000000e+01 2.899437169324339081e+01
5.500000000000000000e+01 2.179726706332995789e+01
5.500000000000000000e+01 4.407665381833000495e+00
6.000000000000000000e+01 5.332458180350850796e+01
6.000000000000000000e+01 1.876092960586595737e+01
6.000000000000000000e+01 4.407802283171645463e+00
6.000000000000000000e+01 2.899265359367934991e+01
7.000000000000000000e+01 2.899116782438844453e+01
7.000000000000000000e+01 5.216148939278429708e+01
7.000000000000000000e+01 4.408204146519337563e+00
7.000000000000000000e+01 1.460888320161577703e+01
8.000000000000000000e+01 2.899013924517090501e+01
8.000000000000000000e+01 5.138739681411278326e+01
8.000000000000000000e+01 1.221712224268606839e+01
8.000000000000000000e+01 4.408765996751712102e+00
9.000000000000000000e+01 1.080752532883382244e+01
9.000000000000000000e+01 4.409452635598458237e+00
9.000000000000000000e+01 2.898909105050206492e+01
9.000000000000000000e+01 5.073036437503097318e+01
