0.000000000000000000e+00 0.000000000000000000e+00 2.770195453988606005e+01
0.000000000000000000e+00 0.000000000000000000e+00 1.821213214229389052e+02
0.000000000000000000e+00 0.000000000000000000e+00 2.597697430506005958e+02
1.000000000000000000e+01 -1.287668712035439533e+00 2.765429705582199560e+01
1.000000000000000000e+01 -1.304825692965156492e+00 1.811069038869091798e+02
1.000000000000000000e+01 -8.746120441705628190e-01 2.583595713158237572e+02
1.200000000000000000e+01 -1.573826188788683744e+00 2.764751973925081785e+01
1.200000000000000000e+01 -1.606391557199454256e+00 1.811540855970355324e+02
1.200000000000000000e+01 -1.063287169633604590e+00 2.578644851066081856e+02
1.400000000000000000e+01 -1.863580608140511297e+00 2.763383661732660457e+01
1.400000000000000000e+01 -1.921018787824241070e+00 1.812003222277064367e+02
1.400000000000000000e+01 -1.255640520514105907e+00 2.572254413668285338e+02
1.600000000000000000e+01 -2.161168474882717572e+00 2.760909850354829231e+01
1.600000000000000000e+01 -2.249084445376137609e+00 1.812443375874211142e+02
1.600000000000000000e+01 -1.453425350027677476e+00 2.563603021360447087e+02
1.800000000000000000e+01 -2.458689788014145172e+00 2.758113657540457098e+01
1.800000000000000000e+01 -2.586736654583612793e+00 1.812862940948529911e+02
1.800000000000000000e+01 -1.652758952859795016e+00 2.552295588389661987e+02
2.000000000000000000e+01 -2.757318474890728677e+00 2.754872531268069480e+01
2.000000000000000000e+01 -2.948360558065652448e+00 1.813220254670613656e+02
2.000000000000000000e+01 -1.850363709964256476e+00 2.537883558028538289e+02
2.200000000000000000e+01 -3.065127894381912910e+00 2.750328490758547417e+01
2.200000000000000000e+01 -3.312833761438421121e+00 1.813570378651543251e+02
2.200000000000000000e+01 -2.041209652277697462e+00 2.519821695384227667e+02
2.400000000000000000e+01 -3.377201085422662175e+00 2.744868682146866234e+01
2.400000000000000000e+01 -3.709736410373691395e+00 1.813822561929717665e+02
2.400000000000000000e+01 -2.221974542236238914e+00 2.497397213359945738e+02
2.600000000000000000e+01 -3.693866596015478621e+00 2.738406108936133876e+01
2.600000000000000000e+01 -4.126164525685887874e+00 1.814028974468230899e+02
2.600000000000000000e+01 -2.380221269434294129e+00 2.469251302614653696e+02
2.800000000000000000e+01 -4.012319214886812979e+00 2.731106604800316973e+01
2.800000000000000000e+01 -4.548791674948739150e+00 1.814247227354899223e+02
2.800000000000000000e+01 -2.512140240303924354e+00 2.434817380102517177e+02
3.000000000000000000e+01 -4.339776950226224450e+00 2.721510658422970863e+01
3.000000000000000000e+01 -4.980809696092677541e+00 1.814488691980439796e+02
3.000000000000000000e+01 -2.615749421145837417e+00 2.394102834343907205e+02
3.200000000000000000e+01 -4.665941254172450314e+00 2.711485028633025607e+01
3.200000000000000000e+01 -5.495696403627174931e+00 1.814508240116689137e+02
3.200000000000000000e+01 -2.605016400055129022e+00 2.342149926606052759e+02
3.400000000000000000e+01 -4.990722289111241494e+00 2.701019895263370785e+01
3.400000000000000000e+01 -6.055488371695675553e+00 1.814518301897432195e+02
3.400000000000000000e+01 -2.538026154991311234e+00 2.282409504961192965e+02
3.600000000000000000e+01 -5.317060892853263887e+00 2.685675572119580679e+01
3.600000000000000000e+01 -6.674840964896684881e+00 1.814547482443043975e+02
3.600000000000000000e+01 -2.395952765877930712e+00 2.214840471898386340e+02
3.800000000000000000e+01 -5.640944438768015878e+00 2.668996598564913469e+01
3.800000000000000000e+01 -7.549196142745173255e+00 1.813160696163383534e+02
3.800000000000000000e+01 -1.963272023824711665e+00 2.135288882017165975e+02
4.000000000000000000e+01 -5.961420339784911704e+00 2.651827567575129407e+01
4.000000000000000000e+01 -8.676607928094398403e+00 1.809576617947791419e+02
4.000000000000000000e+01 -1.210323705301693087e+00 2.047859662754482031e+02
4.200000000000000000e+01 -6.278210231207464354e+00 2.634154255057546123e+01
4.200000000000000000e+01 -1.004791898527962957e+01 1.800253370125524555e+02
4.200000000000000000e+01 2.417253470517813085e-01 1.960246661611859054e+02
4.400000000000000000e+01 -6.590926025922715148e+00 2.615954882702299500e+01
4.400000000000000000e+01 -1.116434860330356926e+01 1.778205332524856033e+02
4.400000000000000000e+01 1.598412133561924131e+00 1.884767528985533431e+02
4.600000000000000000e+01 -6.857573847896490271e+00 2.590810247245920905e+01
4.600000000000000000e+01 -1.019257698846311122e+01 1.734479033827851424e+02
4.600000000000000000e+01 1.159935658353819399e+00 1.825520664025201540e+02
4.800000000000000000e+01 -7.083956248500341779e+00 2.560170092671806330e+01
4.800000000000000000e+01 -6.731603131129537232e+00 1.659986454210129807e+02
4.800000000000000000e+01 -2.403596359890267209e+00 1.789969247396613810e+02
5.000000000000000000e+01 -7.302055959848318345e+00 2.529163329116280323e+01
5.000000000000000000e+01 -4.555437716826537198e+00 1.554040178296535544e+02
5.000000000000000000e+01 -5.048062075539068161e+00 1.792720452765111361e+02
5.200000000000000000e+01 -7.511195477372837992e+00 2.497773661586895599e+01
5.200000000000000000e+01 -3.545117265542757856e+00 1.451818539979223601e+02
5.200000000000000000e+01 -6.177634601978343021e+00 1.795195098970845891e+02
5.400000000000000000e+01 -7.710907097202791327e+00 2.466003881335302950e+01
5.400000000000000000e+01 -2.800522142391961289e+00 1.354952065403867039e+02
5.400000000000000000e+01 -6.946697825854264430e+00 1.795818972393612967e+02
5.600000000000000000e+01 -7.900550625712515540e+00 2.433845124077815569e+01
5.600000000000000000e+01 -2.128120559252769883e+00 1.263447144711471282e+02
5.600000000000000000e+01 -7.574520830593183263e+00 1.795584103547993493e+02
5.800000000000000000e+01 -8.079560330551393221e+00 2.401294762368355507e+01
5.800000000000000000e+01 -1.591161105841732093e+00 1.181315054727555349e+02
5.800000000000000000e+01 -8.128483013892582321e+00 1.794877192379279052e+02
6.000000000000000000e+01 -8.247412120232329613e+00 2.368352419159472788e+01
6.000000000000000000e+01 -8.915070010172010395e-01 1.101636501894435440e+02
6.000000000000000000e+01 -8.634968893997507777e+00 1.793867943606124129e+02
6.200000000000000000e+01 -8.403641310627294914e+00 2.335019956486592818e+01
6.200000000000000000e+01 -3.322693928611420988e-01 1.031274029811534092e+02
6.200000000000000000e+01 -9.080836009437941669e+00 1.792491014860580947e+02
6.400000000000000000e+01 nan nan
6.400000000000000000e+01 7.422397738795072364e-02 9.705703162303103682e+01
6.400000000000000000e+01 -9.508431685149631107e+00 1.790893312621983853e+02
6.600000000000000000e+01 nan nan
6.600000000000000000e+01 3.975101356992254975e-01 9.177685006451872596e+01
6.600000000000000000e+01 -9.907158245332469804e+00 1.789055727121906045e+02
6.800000000000000000e+01 nan nan
6.800000000000000000e+01 8.949476786317522858e-01 8.665596613895621658e+01
6.800000000000000000e+01 -1.029681406907987373e+01 1.787048731325614028e+02
7.000000000000000000e+01 nan nan
7.000000000000000000e+01 1.321914320117960395e+00 8.217003948317965012e+01
7.000000000000000000e+01 -1.067148683871964820e+01 1.784861129430427411e+02
7.200000000000000000e+01 nan nan
7.200000000000000000e+01 1.787286097153287345e+00 7.809762915286093232e+01
7.200000000000000000e+01 -1.103245301028958814e+01 1.782495149903539016e+02
7.400000000000000000e+01 nan nan
7.400000000000000000e+01 2.134444313332884313e+00 7.459401180078656068e+01
7.400000000000000000e+01 -1.138083878808362748e+01 1.779968648704026464e+02
7.600000000000000000e+01 nan nan
7.600000000000000000e+01 2.589938912266348758e+00 7.139376963071318016e+01
7.600000000000000000e+01 -1.170033228653689150e+01 1.777177630038915765e+02
7.800000000000000000e+01 nan nan
7.800000000000000000e+01 2.964275426570902816e+00 6.858352799699376590e+01
7.800000000000000000e+01 -1.201104576213035813e+01 1.774215720709781010e+02
8.000000000000000000e+01 nan nan
8.000000000000000000e+01 3.253841560932813515e+00 6.613870447186711488e+01
8.000000000000000000e+01 -1.231717577498212535e+01 1.771138768935181247e+02
