0.000000000000000000e+00 0.000000000000000000e+00 2.770195453988606005e+01
0.000000000000000000e+00 0.000000000000000000e+00 1.821213214229389052e+02
0.000000000000000000e+00 0.000000000000000000e+00 2.597697430506005958e+02
1.000000000000000000e+01 -1.287667893495670457e+00 2.765429231051758308e+01
1.000000000000000000e+01 -1.304887528445605849e+00 1.811065825539677974e+02
1.000000000000000000e+01 -8.747664630340956649e-01 2.584686908319490044e+02
1.200000000000000000e+01 -1.573824338968168313e+00 2.764750457182954690e+01
1.200000000000000000e+01 -1.606446994437174425e+00 1.811537129409780391e+02
1.200000000000000000e+01 -1.063990537180666385e+00 2.580943766764759175e+02
1.400000000000000000e+01 -1.863576964659923396e+00 2.763380527995123614e+01
1.400000000000000000e+01 -1.920996444094273281e+00 1.811999269143582580e+02
1.400000000000000000e+01 -1.257512862662412800e+00 2.576569753918331571e+02
1.600000000000000000e+01 -2.161161004366508820e+00 2.760904367349578337e+01
1.600000000000000000e+01 -2.248819067087535206e+00 1.812439255571952970e+02
1.600000000000000000e+01 -1.457721889741660393e+00 2.571132894021261563e+02
1.800000000000000000e+01 -2.458679940132246333e+00 2.758105952948423933e+01
1.800000000000000000e+01 -2.585908128841662545e+00 1.812857994852107026e+02
1.800000000000000000e+01 -1.661572949620553352e+00 2.564747960668508426e+02
2.000000000000000000e+01 -2.757310876673246813e+00 2.754863506620916169e+01
2.000000000000000000e+01 -2.946228123271202204e+00 1.813212638400421497e+02
2.000000000000000000e+01 -1.866932205926012278e+00 2.557328463151372659e+02
2.200000000000000000e+01 -3.065130280792677020e+00 2.750320077442117039e+01
2.200000000000000000e+01 -3.308350887042278199e+00 1.813555684879363810e+02
2.200000000000000000e+01 -2.070993336449172606e+00 2.549073140085586431e+02
2.400000000000000000e+01 -3.377236414329713110e+00 2.744865490340946579e+01
2.400000000000000000e+01 -3.700193168667995192e+00 1.813793378864882300e+02
2.400000000000000000e+01 -2.272680731019287581e+00 2.539664057297678710e+02
2.600000000000000000e+01 -3.693979209351283544e+00 2.738416132508842438e+01
2.600000000000000000e+01 -4.107309235648497037e+00 1.813971912093523997e+02
2.600000000000000000e+01 -2.467765052514598878e+00 2.529293874216856182e+02
2.800000000000000000e+01 -4.012585170933914647e+00 2.731142749183666751e+01
2.800000000000000000e+01 -4.514726511722365387e+00 1.814140757760382314e+02
2.800000000000000000e+01 -2.651066646458413611e+00 2.517134272873493046e+02
3.000000000000000000e+01 -4.340350182736655960e+00 2.721592238474972447e+01
3.000000000000000000e+01 -4.922521867935095052e+00 1.814300058579264032e+02
3.000000000000000000e+01 -2.831912399786905343e+00 2.504700835544014978e+02
3.200000000000000000e+01 -4.667032660512714592e+00 2.711638692980242027e+01
3.200000000000000000e+01 -5.386646821799867979e+00 1.814216235735146654e+02
3.200000000000000000e+01 -2.986270150938870049e+00 2.490406736678091875e+02
3.400000000000000000e+01 -4.992630935106456391e+00 2.701281357618676182e+01
3.400000000000000000e+01 -5.859537350154283786e+00 1.814086011471237612e+02
3.400000000000000000e+01 -3.100650958673295321e+00 2.473345161994234900e+02
3.600000000000000000e+01 -5.320401268533210271e+00 2.686104346330100157e+01
3.600000000000000000e+01 -6.333517338683008369e+00 1.813942700200578315e+02
3.600000000000000000e+01 -3.211269700553617046e+00 2.455787888620093611e+02
3.800000000000000000e+01 -5.646495768150161965e+00 2.669644680203624176e+01
3.800000000000000000e+01 -6.896667650837857266e+00 1.813243568561610459e+02
3.800000000000000000e+01 -3.317488168278522220e+00 2.437630681403041990e+02
4.000000000000000000e+01 -5.970155807329057929e+00 2.652770410138378310e+01
4.000000000000000000e+01 -7.478064398342334940e+00 1.812421119875052682e+02
4.000000000000000000e+01 -3.418491347773494393e+00 2.418748203289948151e+02
4.200000000000000000e+01 -6.291370163040658881e+00 2.635481748396252755e+01
4.200000000000000000e+01 -8.063336308144785747e+00 1.811567274978472142e+02
4.200000000000000000e+01 -3.398748887957487419e+00 2.395122734316593096e+02
4.400000000000000000e+01 -6.610123387518278548e+00 2.617778456831011269e+01
4.400000000000000000e+01 -8.653982258379711467e+00 1.810677517770427016e+02
4.400000000000000000e+01 -3.352947440450778860e+00 2.369834095820909852e+02
4.600000000000000000e+01 -6.886698386559334750e+00 2.593469914984664726e+01
4.600000000000000000e+01 -9.313753665664977532e+00 1.808530083888066429e+02
4.600000000000000000e+01 -3.297714834440488296e+00 2.343449818292793339e+02
4.800000000000000000e+01 -7.124581175892831020e+00 2.563554908291741796e+01
4.800000000000000000e+01 -1.009794588405251758e+01 1.803918861531237212e+02
4.800000000000000000e+01 -3.057431069440035287e+00 2.312544990999693937e+02
5.000000000000000000e+01 -7.357296633924669038e+00 2.533406187278625410e+01
5.000000000000000000e+01 -1.088920187915885585e+01 1.799030949772139820e+02
5.000000000000000000e+01 -2.709337873285474707e+00 2.278399068371087139e+02
5.200000000000000000e+01 -7.584782525977998624e+00 2.503027373515167753e+01
5.200000000000000000e+01 -1.169065621021916179e+01 1.793754920242554647e+02
5.200000000000000000e+01 -2.333415886069128309e+00 2.241950369737581354e+02
5.400000000000000000e+01 -7.806982917785047604e+00 2.472422817873746226e+01
5.400000000000000000e+01 -1.250314933785518967e+01 1.787959721135132725e+02
5.400000000000000000e+01 -1.923819601174697524e+00 2.203292449811075358e+02
5.600000000000000000e+01 -8.023797670749935662e+00 2.441595136980580349e+01
5.600000000000000000e+01 -1.332887697599672094e+01 1.781422272341646647e+02
5.600000000000000000e+01 -1.167574601002890011e+00 2.162118716507239071e+02
5.800000000000000000e+01 -8.235102764931948371e+00 2.410546554002181097e+01
5.800000000000000000e+01 -1.416689470319132482e+01 1.773817674867705705e+02
5.800000000000000000e+01 -2.166760934004602068e-01 2.118838474472570681e+02
6.000000000000000000e+01 -8.440733784420009655e+00 2.379278385325563150e+01
6.000000000000000000e+01 -1.490793444114840760e+01 1.761900289147536114e+02
6.000000000000000000e+01 7.502789113748890015e-01 2.073549908437107376e+02
6.200000000000000000e+01 -8.640439978455734860e+00 2.347789509643615347e+01
6.200000000000000000e+01 -1.541038205117441073e+01 1.743691956062851034e+02
6.200000000000000000e+01 1.718869647532801137e+00 2.026319901715516778e+02
6.400000000000000000e+01 nan nan
6.400000000000000000e+01 -1.546330110576129258e+01 1.719753942523639978e+02
6.400000000000000000e+01 2.630862083769795134e+00 1.978572921946173153e+02
6.600000000000000000e+01 nan nan
6.600000000000000000e+01 -1.502302855382227698e+01 1.690007114396356940e+02
6.600000000000000000e+01 3.185657095484828893e+00 1.932972359497864829e+02
6.800000000000000000e+01 nan nan
6.800000000000000000e+01 -1.367966056689334131e+01 1.650068602969838025e+02
6.800000000000000000e+01 2.985775868615106798e+00 1.890288578133760495e+02
7.000000000000000000e+01 nan nan
7.000000000000000000e+01 -1.107226495688567702e+01 1.588381015641460294e+02
7.000000000000000000e+01 1.777086064607289018e+00 1.850025780354977201e+02
7.200000000000000000e+01 nan nan
7.200000000000000000e+01 -8.072351408127801164e+00 1.506137847360494106e+02
7.200000000000000000e+01 -4.889880732667853946e-01 1.817123895284148603e+02
7.400000000000000000e+01 nan nan
7.400000000000000000e+01 -5.138446389834880890e+00 1.398771937333769699e+02
7.400000000000000000e+01 -3.286398840623901307e+00 1.798742600932956748e+02
7.600000000000000000e+01 nan nan
7.600000000000000000e+01 -2.705179207519390783e+00 1.282076464753282039e+02
7.600000000000000000e+01 -5.634412927349507605e+00 1.791662185141036332e+02
7.800000000000000000e+01 nan nan
7.800000000000000000e+01 -1.072164789047434841e+00 1.173274952704250182e+02
7.800000000000000000e+01 -7.400289469643085205e+00 1.788452120165097199e+02
8.000000000000000000e+01 nan nan
8.000000000000000000e+01 2.659874549937383814e-01 1.070836023198944815e+02
8.000000000000000000e+01 -8.751735191225789023e+00 1.785923381062791293e+02
