0.000000000000000000e+00 4.407425653743114680e+00
0.000000000000000000e+00 4.062925294545389221e+01
0.000000000000000000e+00 2.898528149153681355e+01
0.000000000000000000e+00 8.278138664601485175e+01
6.000000000000000000e+00 2.898521135736484311e+01
6.000000000000000000e+00 4.062561761476163724e+01
6.000000000000000000e+00 4.405800239500395676e+00
6.000000000000000000e+00 8.278193526423505944e+01
1.200000000000000000e+01 8.278340448642330784e+01
1.200000000000000000e+01 2.898531230542468506e+01
1.200000000000000000e+01 4.055811406620793491e+01
1.200000000000000000e+01 4.405797897011582087e+00
1.800000000000000000e+01 4.024388605538570118e+01
1.800000000000000000e+01 2.898537007956420908e+01
1.800000000000000000e+01 8.278518015011032105e+01
1.800000000000000000e+01 4.405796083402618635e+00
2.400000000000000000e+01 4.405798401287924548e+00
2.400000000000000000e+01 3.932334338687007858e+01
2.400000000000000000e+01 8.278640557519553056e+01
2.400000000000000000e+01 2.898518029519390282e+01
3.000000000000000000e+01 3.726710714428148208e+01
3.000000000000000000e+01 2.898422413254912655e+01
3.000000000000000000e+01 7.972004557292677873e+01
3.000000000000000000e+01 4.405810894820685775e+00
3.600000000000000000e+01 2.898011025566841070e+01
3.600000000000000000e+01 3.363923636780589987e+01
3.600000000000000000e+01 6.961801357538367085e+01
3.600000000000000000e+01 4.405842586039557141e+00
4.200000000000000000e+01 2.915256990045187280e+01
4.200000000000000000e+01 4.405905073500180791e+00
4.200000000000000000e+01 2.871973914388166449e+01
4.200000000000000000e+01 6.358345544243041303e+01
4.800000000000000000e+01 4.406010720187381935e+00
4.800000000000000000e+01 2.420991791858212494e+01
4.800000000000000000e+01 2.899871826448743306e+01
4.800000000000000000e+01 6.042518207387600881e+01
5.400000000000000000e+01 5.878428666486175302e+01
5.400000000000000000e+01 4.406168353308382635e+00
5.400000000000000000e+01 2.041586653107508553e+01
5.400000000000000000e+01 2.899454764898587911e+01
6.000000000000000000e+01 2.899309472678003630e+01
6.000000000000000000e+01 5.786910789265954946e+01
6.000000000000000000e+01 1.757444626560659273e+01
6.000000000000000000e+01 4.406381485713025015e+00
6.600000000000000000e+01 5.730913178131512353e+01
6.600000000000000000e+01 2.899224891205031085e+01
6.600000000000000000e+01 1.551235838524976529e+01
6.600000000000000000e+01 4.406647131522610117e+00
7.200000000000000000e+01 5.693290344698517202e+01
7.200000000000000000e+01 1.402582426106708269e+01
7.200000000000000000e+01 4.406955387726083195e+00
7.200000000000000000e+01 2.899158833489315867e+01
7.800000000000000000e+01 2.899093007770620289e+01
7.800000000000000000e+01 5.665769273380767146e+01
7.800000000000000000e+01 4.407274505258221176e+00
7.800000000000000000e+01 1.297065953765241098e+01
8.400000000000000000e+01 2.899040306591287575e+01
8.400000000000000000e+01 5.644080917245347706e+01
8.400000000000000000e+01 1.213895718943044066e+01
8.400000000000000000e+01 4.407652174829418179e+00
9.000000000000000000e+01 1.152250104894300264e+01
9.000000000000000000e+01 4.408035612684924942e+00
9.000000000000000000e+01 2.898986879392267113e+01
9.000000000000000000e+01 5.626272911525662579e+01
