0.000000000000000000e+00 0.000000000000000000e+00 4.408902998329837786e+00
0.000000000000000000e+00 0.000000000000000000e+00 2.898550854688862088e+01
0.000000000000000000e+00 0.000000000000000000e+00 4.134363867221461675e+01
1.000000000000000000e+01 -4.651264395969811200e-02 4.406086020139766468e+00
1.000000000000000000e+01 -7.204893609764135426e-03 2.882475600328581677e+01
1.000000000000000000e+01 -3.384400061550721633e-03 4.113680537492317768e+01
1.200000000000000000e+01 -5.683263721989004896e-02 4.407360547707542153e+00
1.200000000000000000e+01 -8.867518127789271801e-03 2.883264249311841709e+01
1.200000000000000000e+01 -4.122451290082567409e-03 4.107734488038364162e+01
1.400000000000000000e+01 -6.728547305815023305e-02 4.408046377283968198e+00
1.400000000000000000e+01 -1.060093419003325065e-02 2.884048464587236893e+01
1.400000000000000000e+01 -4.880511711601665317e-03 4.100786964993919526e+01
1.600000000000000000e+01 -7.803856683258411642e-02 4.407557322269515687e+00
1.600000000000000000e+01 -1.240673846777605102e-02 2.884808699529575193e+01
1.600000000000000000e+01 -5.669479260170740692e-03 4.092150861817547991e+01
1.800000000000000000e+01 -8.879168286065231008e-02 4.407068920712395865e+00
1.800000000000000000e+01 -1.426281098704198363e-02 2.885546625139840771e+01
1.800000000000000000e+01 -6.478367883509309616e-03 4.082008817576465276e+01
2.000000000000000000e+01 -9.959123991860137359e-02 4.406408194357959829e+00
2.000000000000000000e+01 -1.624651851472551714e-02 2.886198473044930779e+01
2.000000000000000000e+01 -7.300127793566243105e-03 4.070223116538444685e+01
2.200000000000000000e+01 -1.107605953051602199e-01 4.404369930161220026e+00
2.200000000000000000e+01 -1.823931059987252135e-02 2.886843744844804505e+01
2.200000000000000000e+01 -8.124227417388248454e-03 4.057109798536685474e+01
2.400000000000000000e+01 -1.221174598407040873e-01 4.401531689503435096e+00
2.400000000000000000e+01 -2.039605774874779162e-02 2.887342448442176135e+01
2.400000000000000000e+01 -8.948387215880837867e-03 4.042162723686034553e+01
2.600000000000000000e+01 -1.336839234592016590e-01 4.397799194054705652e+00
2.600000000000000000e+01 -2.263682655489899012e-02 2.887765942258285889e+01
2.600000000000000000e+01 -9.756270823203986794e-03 4.025687822882171218e+01
2.800000000000000000e+01 -1.453592015975637142e-01 4.393411339031969121e+00
2.800000000000000000e+01 -2.487860488496370856e-02 2.888188643901494501e+01
2.800000000000000000e+01 -1.053149866807931087e-02 4.006365803651195989e+01
3.000000000000000000e+01 -1.574881912870016998e-01 4.386285604572591090e+00
3.000000000000000000e+01 -2.712181497024496180e-02 2.888610841934168860e+01
3.000000000000000000e+01 -1.130566720373048922e-02 3.986609978052402425e+01
3.200000000000000000e+01 -1.696172658864857907e-01 4.379161010583763058e+00
3.200000000000000000e+01 -2.967823746619666081e-02 2.888687272470845357e+01
3.200000000000000000e+01 -1.199023210822001625e-02 3.963890370428018173e+01
3.400000000000000000e+01 -1.817463721241738273e-01 4.372037158534376466e+00
3.400000000000000000e+01 -3.228338162132998734e-02 2.888713284275269544e+01
3.400000000000000000e+01 -1.253527970573084342e-02 3.936760395141956792e+01
3.600000000000000000e+01 -1.942966017021601488e-01 4.358121314018003289e+00
3.600000000000000000e+01 -3.489448833182302867e-02 2.888738708600986982e+01
3.600000000000000000e+01 -1.307521387498630436e-02 3.908841961064090498e+01
3.800000000000000000e+01 -2.069294933736589848e-01 4.342869148313308614e+00
3.800000000000000000e+01 -3.800749447953873095e-02 2.887953448454032213e+01
3.800000000000000000e+01 -1.360821804207425732e-02 3.879968993720824955e+01
4.000000000000000000e+01 -2.195619846803855135e-01 4.327615316232330755e+00
4.000000000000000000e+01 -4.122500628991111749e-02 2.887012085300688113e+01
4.000000000000000000e+01 -1.413189670493047133e-02 3.849941782586104466e+01
4.200000000000000000e+01 -2.321937612070329171e-01 4.312358157530272074e+00
4.200000000000000000e+01 -4.446625233783187137e-02 2.886053498512958271e+01
4.200000000000000000e+01 -1.418886263106932874e-02 3.812340001530834854e+01
4.400000000000000000e+01 -2.448243994591897676e-01 4.297095444305352174e+00
4.400000000000000000e+01 -4.773967205892804683e-02 2.885072298256632450e+01
4.400000000000000000e+01 -1.414703207540947763e-02 3.772085595272208280e+01
4.600000000000000000e+01 -2.566458158831073089e-01 4.270679753856224004e+00
4.600000000000000000e+01 -5.143086934115671111e-02 2.882179425741557210e+01
4.600000000000000000e+01 -1.407065918827006892e-02 3.730085490566152373e+01
4.800000000000000000e+01 -2.677693080133512482e-01 4.234661246337740437e+00
4.800000000000000000e+01 -5.589032932941197240e-02 2.875520723896807951e+01
4.800000000000000000e+01 -1.321991097295282906e-02 3.680851322370382661e+01
5.000000000000000000e+01 -2.788887279695538846e-01 4.198628376297466325e+00
5.000000000000000000e+01 -6.041757854151290352e-02 2.868486866289908122e+01
5.000000000000000000e+01 -1.189056988906118939e-02 3.626441113105570935e+01
5.200000000000000000e+01 -2.900021806322328755e-01 4.162574324974778861e+00
5.200000000000000000e+01 -6.503623114026320373e-02 2.860906438184501610e+01
5.200000000000000000e+01 -1.040740929479047269e-02 3.568368092748612952e+01
5.400000000000000000e+01 -3.011079369954326457e-01 4.126493424244494612e+00
5.400000000000000000e+01 -6.975934433651229116e-02 2.852575580034904235e+01
5.400000000000000000e+01 -8.731234336479017435e-03 3.506782516015999818e+01
5.600000000000000000e+01 -3.122029334754982677e-01 4.090374960455999798e+00
5.600000000000000000e+01 -7.461298660318861631e-02 2.843146686883828522e+01
5.600000000000000000e+01 -5.400062301548389301e-03 3.441168986603630486e+01
5.800000000000000000e+01 -3.232833613612833279e-01 4.054205902802208605e+00
5.800000000000000000e+01 -7.961318017675660108e-02 2.832108094751837513e+01
5.800000000000000000e+01 -1.022616790835765860e-03 3.372237931507112307e+01
6.000000000000000000e+01 -3.343441633979383210e-01 4.017969063555331566e+00
6.000000000000000000e+01 -8.431154690489431336e-02 2.814171420997788786e+01
6.000000000000000000e+01 3.618306928257912329e-03 3.300178780035436432e+01
6.200000000000000000e+01 -3.453776419451068391e-01 3.981637969717288339e+00
6.200000000000000000e+01 -8.803475695622789421e-02 2.785988810758589906e+01
6.200000000000000000e+01 8.482410933814127710e-03 3.225104313738541606e+01
6.400000000000000000e+01 nan nan
6.400000000000000000e+01 -8.955448806700783138e-02 2.748115544649005315e+01
6.400000000000000000e+01 1.329559053386664483e-02 3.149274973221032425e+01
6.600000000000000000e+01 nan nan
6.600000000000000000e+01 -8.854413565757185411e-02 2.700336094304668677e+01
6.600000000000000000e+01 1.647837610701648192e-02 3.076838824708550746e+01
6.800000000000000000e+01 nan nan
6.800000000000000000e+01 -8.262014865881263381e-02 2.635175116945430673e+01
6.800000000000000000e+01 1.579337413288988204e-02 3.008862985554050695e+01
7.000000000000000000e+01 nan nan
7.000000000000000000e+01 -6.953911807646107057e-02 2.534121438201028909e+01
7.000000000000000000e+01 9.605293629557708907e-03 2.944543315278085771e+01
7.200000000000000000e+01 nan nan
7.200000000000000000e+01 -5.351955096789565158e-02 2.400533273810606261e+01
7.200000000000000000e+01 -2.690990438496086972e-03 2.892052972766589747e+01
7.400000000000000000e+01 nan nan
7.400000000000000000e+01 -3.671065036157149242e-02 2.227716302217853439e+01
7.400000000000000000e+01 -1.826748560815217443e-02 2.863265540077116000e+01
7.600000000000000000e+01 nan nan
7.600000000000000000e+01 -2.109528797544377859e-02 2.040942239457956120e+01
7.600000000000000000e+01 -3.143242567490171085e-02 2.852928622446681217e+01
7.800000000000000000e+01 nan nan
7.800000000000000000e+01 -9.137841242459778662e-03 1.867403049125906023e+01
7.800000000000000000e+01 -4.134280304671141687e-02 2.848845657789244257e+01
8.000000000000000000e+01 nan nan
8.000000000000000000e+01 2.483915638626672546e-03 1.704293720945049273e+01
8.000000000000000000e+01 -4.894524595656238319e-02 2.845796132173948578e+01
