0.000000000000000000e+00 0.000000000000000000e+00 4.408902998329837786e+00
0.000000000000000000e+00 0.000000000000000000e+00 2.898550854688862088e+01
0.000000000000000000e+00 0.000000000000000000e+00 4.134363867221461675e+01
1.000000000000000000e+01 -4.651266549869359501e-02 4.406086780620445786e+00
1.000000000000000000e+01 -7.204539422739843386e-03 2.882480707277980514e+01
1.000000000000000000e+01 -3.385231784775014335e-03 4.111943848084347763e+01
1.200000000000000000e+01 -5.683267272561368100e-02 4.407362974507949005e+00
1.200000000000000000e+01 -8.867193901186133306e-03 2.883270172260255393e+01
1.200000000000000000e+01 -4.123398884995519917e-03 4.104075635010088519e+01
1.400000000000000000e+01 -6.728552805455655095e-02 4.408051392496685317e+00
1.400000000000000000e+01 -1.060103435400374522e-02 2.884054759610873830e+01
1.400000000000000000e+01 -4.881420569770518122e-03 4.093918824038043880e+01
1.600000000000000000e+01 -7.803868091006532781e-02 4.407566114916142475e+00
1.600000000000000000e+01 -1.240817413108943890e-02 2.884815309093972857e+01
1.600000000000000000e+01 -5.669372285371386024e-03 4.080166502186580146e+01
1.800000000000000000e+01 -8.879178962016701093e-02 4.407081273684991807e+00
1.800000000000000000e+01 -1.426734094763727236e-02 2.885554684400756642e+01
1.800000000000000000e+01 -6.475442377459728928e-03 4.062189758689688546e+01
2.000000000000000000e+01 -9.959118862189558774e-02 4.406422606557628185e+00
2.000000000000000000e+01 -1.625820611548537548e-02 2.886211144699334596e+01
2.000000000000000000e+01 -7.290777880674451789e-03 4.039274488656162987e+01
2.200000000000000000e+01 -1.107601754661732829e-01 4.404383195914312488e+00
2.200000000000000000e+01 -1.826386902415457619e-02 2.886868429013210147e+01
2.200000000000000000e+01 -8.100345700330949597e-03 4.010552364865261410e+01
2.400000000000000000e+01 -1.221160615507018710e-01 4.401536044766436007e+00
2.400000000000000000e+01 -2.044831079265494594e-02 2.887391986877651817e+01
2.400000000000000000e+01 -8.896809007396118754e-03 3.974888429404985146e+01
2.600000000000000000e+01 -1.336804014225259074e-01 4.397780988252124601e+00
2.600000000000000000e+01 -2.273997611127882845e-02 2.887863545061587089e+01
2.600000000000000000e+01 -9.638997419354068674e-03 3.930118083881797020e+01
2.800000000000000000e+01 -1.453516536384500679e-01 4.393348271772976155e+00
2.800000000000000000e+01 -2.506473491222797195e-02 2.888371581421212397e+01
2.800000000000000000e+01 -1.031702237702312140e-02 3.875338468537813696e+01
3.000000000000000000e+01 -1.574725107255944279e-01 4.386143018627270074e+00
3.000000000000000000e+01 -2.743987451037880124e-02 2.888936257464856894e+01
3.000000000000000000e+01 -1.092515021689904192e-02 3.810560422511863976e+01
3.200000000000000000e+01 -1.695880748523549142e-01 4.378890528856258513e+00
3.200000000000000000e+01 -3.027364285270841421e-02 2.889203828641208105e+01
3.200000000000000000e+01 -1.112164194548610416e-02 3.727877942271830136e+01
3.400000000000000000e+01 -1.816961918239745899e-01 4.371572755253237297e+00
3.400000000000000000e+01 -3.335386103882663489e-02 2.889503275404794636e+01
3.400000000000000000e+01 -1.111925465876812194e-02 3.632792130944284281e+01
3.600000000000000000e+01 -1.942090469522143037e-01 4.357348625609714254e+00
3.600000000000000000e+01 -3.676029194550616691e-02 2.889895258422860991e+01
3.600000000000000000e+01 -1.081708871436724666e-02 3.525234341451708531e+01
3.800000000000000000e+01 -2.067828033300540269e-01 4.341677241427465361e+00
3.800000000000000000e+01 -4.159951907684636407e-02 2.888235030478742260e+01
3.800000000000000000e+01 -9.194020822634063964e-03 3.398561448289301268e+01
4.000000000000000000e+01 -2.193303846256499934e-01 4.325846218455849268e+00
4.000000000000000000e+01 -4.789325351000026099e-02 2.883339384613347534e+01
4.000000000000000000e+01 -5.910085487615799119e-03 3.259326804048848913e+01
4.200000000000000000e+01 -2.318446867970512526e-01 4.309817084320121339e+00
4.200000000000000000e+01 -5.572718273274912537e-02 2.869651570156207399e+01
4.200000000000000000e+01 1.233136461847509800e-03 3.119831830798004901e+01
4.400000000000000000e+01 -2.443158596871801425e-01 4.293534025673667820e+00
4.400000000000000000e+01 -6.266098183937406085e-02 2.835674153928339436e+01
4.400000000000000000e+01 8.480380904045896340e-03 2.999808558517387880e+01
4.600000000000000000e+01 -2.558767546336625509e-01 4.265400259093529378e+00
4.600000000000000000e+01 -5.866328393275305891e-02 2.765271396020326833e+01
4.600000000000000000e+01 6.353870798086374075e-03 2.905465023795605362e+01
4.800000000000000000e+01 -2.666781892945158106e-01 4.227742270855197049e+00
4.800000000000000000e+01 -4.051885451603180754e-02 2.644121918175760655e+01
4.800000000000000000e+01 -1.342693283925856448e-02 2.849081368424766580e+01
5.000000000000000000e+01 -2.773848234680247327e-01 4.189696776534210798e+00
5.000000000000000000e+01 -2.930092695108425793e-02 2.474394178008666501e+01
5.000000000000000000e+01 -2.814751137662471758e-02 2.854334159800657034e+01
5.200000000000000000e+01 -2.879765407602713490e-01 4.151184973600101635e+00
5.200000000000000000e+01 -2.441118316413962847e-02 2.311329741199945786e+01
5.200000000000000000e+01 -3.439169428755071284e-02 2.858832935940265685e+01
5.400000000000000000e+01 -2.984387707357776809e-01 4.112163366765531514e+00
5.400000000000000000e+01 -2.066437784360833710e-02 2.156933760954479240e+01
5.400000000000000000e+01 -3.865370858726899228e-02 2.860272241806495330e+01
5.600000000000000000e+01 -3.087521705133333683e-01 4.072559824079399426e+00
5.600000000000000000e+01 -1.684137516396201281e-02 2.011123813839950714e+01
5.600000000000000000e+01 -4.214667725194097547e-02 2.860302425586624508e+01
5.800000000000000000e+01 -3.188994126940729035e-01 4.032312112942132210e+00
5.800000000000000000e+01 -1.346818345376604893e-02 1.880291845738598155e+01
5.800000000000000000e+01 -4.524075740862466138e-02 2.859563644822807760e+01
6.000000000000000000e+01 -3.288643849948675868e-01 3.991360775267500216e+00
6.000000000000000000e+01 -8.092304572905575227e-03 1.753366358552339221e+01
6.000000000000000000e+01 -4.808036360094634920e-02 2.858335253723851110e+01
6.200000000000000000e+01 -3.386327630098082131e-01 3.949650478795664998e+00
6.200000000000000000e+01 -3.221914434493472219e-03 1.641332114405064502e+01
6.200000000000000000e+01 -5.059554234714627730e-02 2.856496583024464897e+01
6.400000000000000000e+01 nan nan
6.400000000000000000e+01 7.647457834049752740e-04 1.544711086164659086e+01
6.400000000000000000e+01 -5.301855932315517606e-02 2.854309741838352110e+01
6.600000000000000000e+01 nan nan
6.600000000000000000e+01 4.331227393950532779e-03 1.460687635888747238e+01
6.600000000000000000e+01 -5.529175268548283673e-02 2.851733088852293818e+01
6.800000000000000000e+01 nan nan
6.800000000000000000e+01 1.032704376994670464e-02 1.379246084705956932e+01
6.800000000000000000e+01 -5.752369155916645105e-02 2.848893756247623799e+01
7.000000000000000000e+01 nan nan
7.000000000000000000e+01 1.608546496836118361e-02 1.307946017131330407e+01
7.000000000000000000e+01 -5.968231312205446448e-02 2.845767517503803035e+01
7.200000000000000000e+01 nan nan
7.200000000000000000e+01 2.287928925928110410e-02 1.243287821827665951e+01
7.200000000000000000e+01 -6.177510254665519868e-02 2.842357776242526057e+01
7.400000000000000000e+01 nan nan
7.400000000000000000e+01 2.860244393553053668e-02 1.187686492759184986e+01
7.400000000000000000e+01 -6.380812804181396070e-02 2.838692820558087604e+01
7.600000000000000000e+01 nan nan
7.600000000000000000e+01 3.625297299952290331e-02 1.137014556567983270e+01
7.600000000000000000e+01 -6.569437365509987747e-02 2.834589350066029922e+01
7.800000000000000000e+01 nan nan
7.800000000000000000e+01 4.318107600660133633e-02 1.092559821233894901e+01
7.800000000000000000e+01 -6.754317765446569977e-02 2.830215235838284471e+01
8.000000000000000000e+01 nan nan
8.000000000000000000e+01 4.913780778273821315e-02 1.053903281054040697e+01
8.000000000000000000e+01 -6.937625978918215974e-02 2.825663152607468476e+01
