1.000000000000000000e+01 4.744182006911854247e-06 5.402808000000000055e-01 5.874277671767007053e-04
1.100000000000000000e+01 5.760489695796244580e-06 5.402806999999999471e-01 7.124554590029748107e-04
1.200000000000000000e+01 6.881720058443684568e-06 5.402805000000000524e-01 8.500639142547334118e-04
1.300000000000000000e+01 8.110150024067235629e-06 5.402801999999999882e-01 1.000438320113633279e-03
1.400000000000000000e+01 9.448323702797532797e-06 5.402797999999999767e-01 1.163785862267403175e-03
1.500000000000000000e+01 1.089902712454709508e-05 5.402793000000000179e-01 1.340331924985596525e-03
1.600000000000000000e+01 1.246530545596962730e-05 5.402787999999999480e-01 1.530321491022651210e-03
1.700000000000000000e+01 1.415044098457430664e-05 5.402780999999999834e-01 1.734015541672936532e-03
1.800000000000000000e+01 1.595804418393607666e-05 5.402772000000000130e-01 1.951701056356823852e-03
1.900000000000000000e+01 1.789200132761588466e-05 5.402761999999999842e-01 2.183684012811303640e-03
2.000000000000000000e+01 1.995652239480767215e-05 5.402749999999999497e-01 2.430293386824232404e-03
2.100000000000000000e+01 2.215612861707702016e-05 5.402736000000000205e-01 2.691879152266856128e-03
2.200000000000000000e+01 2.449572756357650934e-05 5.402719000000000271e-01 2.968819280705096032e-03
2.300000000000000000e+01 2.698055532830486518e-05 5.402700000000000280e-01 3.261511741599451043e-03
2.400000000000000000e+01 2.961626606850755722e-05 5.402677999999999647e-01 3.570383501866308384e-03
2.500000000000000000e+01 3.240894327737977486e-05 5.402652000000000010e-01 3.895889525741492478e-03
2.600000000000000000e+01 3.536508360407917623e-05 5.402622999999999731e-01 4.238509774807230207e-03
2.700000000000000000e+01 3.849168666524831753e-05 5.402590000000000447e-01 4.598757207513005235e-03
2.800000000000000000e+01 4.179625959110597357e-05 5.402550999999999881e-01 4.977175779059725934e-03
2.900000000000000000e+01 4.528685447775659012e-05 5.402508000000000310e-01 5.374342441149042478e-03
3.000000000000000000e+01 4.897205448024866597e-05 5.402458999999999456e-01 5.790863141952398013e-03
3.100000000000000000e+01 5.286112798285331322e-05 5.402403999999999540e-01 6.227386825298700593e-03
3.200000000000000000e+01 5.700351461262638666e-05 5.402341000000000504e-01 6.689165259722542473e-03
3.300000000000000000e+01 6.133681960370171720e-05 5.402270999999999601e-01 7.168466695312718066e-03
3.400000000000000000e+01 6.590651067950741872e-05 5.402192999999999579e-01 7.670004914779926519e-03
3.500000000000000000e+01 7.072502972774958392e-05 5.402105000000000379e-01 8.194615841378989629e-03
3.600000000000000000e+01 7.580770009120462762e-05 5.402006999999999781e-01 8.743424384223303855e-03
3.700000000000000000e+01 8.116413911787428168e-05 5.401898000000000533e-01 9.316799473434471054e-03
3.800000000000000000e+01 8.681257548659484223e-05 5.401776000000000355e-01 9.916065000349000291e-03
3.900000000000000000e+01 9.276875264915007972e-05 5.401641000000000359e-01 1.054217186378841875e-02
4.000000000000000000e+01 9.905008404473605030e-05 5.401491000000000486e-01 1.119619195260797111e-02
4.100000000000000000e+01 1.056757084829097976e-04 5.401325000000000154e-01 1.187931014490868284e-02
4.200000000000000000e+01 1.126657363332161542e-04 5.401141000000000414e-01 1.259269630974173444e-02
4.300000000000000000e+01 1.200418164307524426e-04 5.400937000000000099e-01 1.333764030730171316e-02
4.400000000000000000e+01 1.278278129443609248e-04 5.400711999999999735e-01 1.411552198187735266e-02
4.500000000000000000e+01 1.360485884675096074e-04 5.400462999999999791e-01 1.492770116828268795e-02
4.600000000000000000e+01 1.447325980545644041e-04 5.400188000000000210e-01 1.577585768216590786e-02
4.700000000000000000e+01 1.539080228594070121e-04 5.399884999999999824e-01 1.666145133318825550e-02
4.800000000000000000e+01 1.636077339176731293e-04 5.399549999999999628e-01 1.758624190150650732e-02
4.900000000000000000e+01 1.738650067869509008e-04 5.399182000000000148e-01 1.855200916450880019e-02
5.000000000000000000e+01 1.893875993777578563e-04 5.398595000000000477e-01 1.999315858060736126e-02
5.100000000000000000e+01 2.015365362334716783e-04 5.398114000000000523e-01 2.110120475348164354e-02
5.200000000000000000e+01 2.144529604551088226e-04 5.397581999999999658e-01 2.226256625893468025e-02
5.300000000000000000e+01 2.281923825164980770e-04 5.396992999999999929e-01 2.347983271115692064e-02
5.400000000000000000e+01 2.428196041209918865e-04 5.396341999999999528e-01 2.475617366534095531e-02
5.500000000000000000e+01 2.584052093939934809e-04 5.395621999999999918e-01 2.609496863421339324e-02
5.600000000000000000e+01 2.790613681946023470e-04 5.394626999999999617e-01 2.783948480334058270e-02
5.700000000000000000e+01 2.974958863084365790e-04 5.393702999999999692e-01 2.936582205210934091e-02
5.800000000000000000e+01 3.172526704526523441e-04 5.392675999999999581e-01 3.097293083760926588e-02
5.900000000000000000e+01 3.384505230846337272e-04 5.391536000000000106e-01 3.266602032145541484e-02
6.000000000000000000e+01 3.612206178630940085e-04 5.390266999999999697e-01 3.445065957100920673e-02
6.100000000000000000e+01 3.893257252707642258e-04 5.388640999999999570e-01 3.660938650849880627e-02
6.200000000000000000e+01 4.163981854657912776e-04 5.387018999999999558e-01 3.864281768654236754e-02
6.300000000000000000e+01 4.457526326583831442e-04 5.385199999999999987e-01 4.080132371321236462e-02
6.400000000000000000e+01 4.774552474262715304e-04 5.383168999999999871e-01 4.308174389063196275e-02
6.500000000000000000e+01 5.153346051162720817e-04 5.380658000000000385e-01 4.574392470276036904e-02
6.600000000000000000e+01 5.534186854215824127e-04 5.378047999999999718e-01 4.835345172347457060e-02
6.700000000000000000e+01 5.949283974109258839e-04 5.375113000000000252e-01 5.112832514617662166e-02
6.800000000000000000e+01 6.435894176705383128e-04 5.371557000000000137e-01 5.429684115143653539e-02
6.900000000000000000e+01 6.940340266814103935e-04 5.367752000000000079e-01 5.749153258882615941e-02
7.000000000000000000e+01 7.493617070850505961e-04 5.363449999999999607e-01 6.089931952794366832e-02
7.100000000000000000e+01 8.137251007037807696e-04 5.358283999999999825e-01 6.474929445375265935e-02
7.200000000000000000e+01 8.817018561042130539e-04 5.352662000000000253e-01 6.869059132469162998e-02
7.300000000000000000e+01 9.601260548751345495e-04 5.345974000000000004e-01 7.309583469130609412e-02
7.400000000000000000e+01 1.044376431515842661e-03 5.338572999999999791e-01 7.767234373684483995e-02
7.500000000000000000e+01 1.141171604479736083e-03 5.329814000000000496e-01 8.275297250510747771e-02
7.600000000000000000e+01 1.246345848615882908e-03 5.320017999999999692e-01 8.807766744640008194e-02
7.700000000000000000e+01 1.367168461716419857e-03 5.308437000000000294e-01 9.396953742793305586e-02
7.800000000000000000e+01 1.499521157743266987e-03 5.295381999999999589e-01 1.001797289124955193e-01
7.900000000000000000e+01 1.651233810640150707e-03 5.279983999999999789e-01 1.070195654266604818e-01
8.000000000000000000e+01 1.821278567162547572e-03 5.262231000000000547e-01 1.143714614627299730e-01
8.100000000000000000e+01 2.009492452325498980e-03 5.242031000000000329e-01 1.221665158193643158e-01
8.200000000000000000e+01 2.223567255401391954e-03 5.218410999999999467e-01 1.306507707424262588e-01
8.300000000000000000e+01 2.462931688060538468e-03 5.191263999999999879e-01 1.397144270364666929e-01
8.400000000000000000e+01 2.727551428608952517e-03 5.160430999999999768e-01 1.492795820347002644e-01
8.500000000000000000e+01 3.024113521261306836e-03 5.124929000000000290e-01 1.595061834727179439e-01
8.600000000000000000e+01 3.349217758945380752e-03 5.084959999999999480e-01 1.701926533470747571e-01
8.700000000000000000e+01 3.708262331247929623e-03 5.039626999999999857e-01 1.814407484248635460e-01
8.800000000000000000e+01 4.096822801419835840e-03 4.989261999999999864e-01 1.930388992601724252e-01
8.900000000000000000e+01 4.516212744184085366e-03 4.933467999999999742e-01 2.049708937727385827e-01
9.000000000000000000e+01 4.965490231042208290e-03 4.872186000000000017e-01 2.171487368317495947e-01
