1.000000000000000000e+01 -1.926003842777550693e-05 1.068852261326451583e+02
1.000000000000000000e+01 -3.725975688112162162e-03 3.882564765251666472e+01
1.000000000000000000e+01 -4.491171700537732736e-02 4.258193902132673792e+00
1.000000000000000000e+01 -7.321851095719994311e-03 2.845732291085061760e+01
1.000000000000000000e+01 -4.016918613247637097e-03 8.204962582642075120e+01
1.000000000000000000e+01 -5.698456422256616971e-01 7.249294951072164928e+00
1.000000000000000000e+01 -1.000000000000000000e+00 4.548104648148528106e+00
1.000000000000000000e+01 -8.545231631089373892e-01 6.261600556646874871e+00
1.000000000000000000e+01 -9.995894069226313183e-01 6.617284548442444070e+00
1.000000000000000000e+01 -1.000000000000000000e+00 7.254289882769850095e+00
1.000000000000000000e+01 -9.006053994110335692e-01 8.094751297422739356e+00
1.100000000000000000e+01 -2.177262187374861340e-05 1.070988720804023444e+02
1.100000000000000000e+01 -4.087700932736980201e-03 3.881131562371187727e+01
1.100000000000000000e+01 -4.987964051382319519e-02 4.259925659624355987e+00
1.100000000000000000e+01 -8.071577261735435327e-03 2.846301794812828234e+01
1.100000000000000000e+01 -4.059519282361372279e-03 8.217289163586801237e+01
1.100000000000000000e+01 -5.720471192879535982e-01 7.943309020655295427e+00
1.100000000000000000e+01 -1.000000000000000000e+00 4.996344334165367940e+00
1.100000000000000000e+01 -8.552984639366164599e-01 6.865398655886732371e+00
1.100000000000000000e+01 -9.994847769386122627e-01 7.303599339737425034e+00
1.100000000000000000e+01 -1.000000000000000000e+00 7.909233323503041646e+00
1.200000000000000000e+01 -2.592095662063557314e-05 1.072306240919311051e+02
1.200000000000000000e+01 -4.458772372326153151e-03 3.879080697523569654e+01
1.200000000000000000e+01 -5.489370080503869209e-02 4.261617853322815286e+00
1.200000000000000000e+01 -8.856099119408178746e-03 2.846695175473029593e+01
1.200000000000000000e+01 -4.135335434476803025e-03 8.226800095566041193e+01
1.200000000000000000e+01 -5.744851807368011043e-01 8.642161526742604849e+00
1.200000000000000000e+01 -1.000000000000000000e+00 5.443333892364570659e+00
1.200000000000000000e+01 -8.573984880704809131e-01 7.474742065556823079e+00
1.300000000000000000e+01 -3.208204521088562879e-05 1.072951615319420995e+02
1.300000000000000000e+01 -4.838429964391254348e-03 3.876490927473392389e+01
1.300000000000000000e+01 -5.995453105924494069e-02 4.263289954247097668e+00
1.300000000000000000e+01 -9.672797919157790150e-03 2.846944333067672517e+01
1.300000000000000000e+01 -4.237349790654185849e-03 8.234309085395199190e+01
1.300000000000000000e+01 -5.770591974578164196e-01 9.353291952874792869e+00
1.300000000000000000e+01 -1.000000000000000000e+00 5.889156876446665301e+00
1.300000000000000000e+01 -8.618329863496126952e-01 8.088613380803188591e+00
1.400000000000000000e+01 -4.069854122738832120e-05 1.073008098582033227e+02
1.400000000000000000e+01 -5.225964165722210737e-03 3.873408325487051229e+01
1.400000000000000000e+01 -6.506262249992075808e-02 4.264959788186376777e+00
1.400000000000000000e+01 -1.051975407811782393e-02 2.847069849402080877e+01
1.400000000000000000e+01 -4.360426141289388755e-03 8.240354842132461499e+01
1.400000000000000000e+01 -5.795363428801273420e-01 1.007836552102471117e+01
1.400000000000000000e+01 -1.000000000000000000e+00 6.333745103440663549e+00
1.400000000000000000e+01 -8.679018787270487145e-01 8.712729372315937582e+00
1.500000000000000000e+01 -5.226883227704773045e-05 1.072518405650044713e+02
1.500000000000000000e+01 -5.620784636165921354e-03 3.869844409015060194e+01
1.500000000000000000e+01 -7.023092722571515345e-02 4.265702521427338745e+00
1.500000000000000000e+01 -1.139549502162966708e-02 2.847073903577711107e+01
1.500000000000000000e+01 -4.500731210046458527e-03 8.245303693734776118e+01
1.500000000000000000e+01 -5.817986582180554311e-01 1.081676381188323788e+01
1.500000000000000000e+01 -1.000000000000000000e+00 6.776937722797279129e+00
1.600000000000000000e+01 -6.733300843679115616e-05 1.071498600831768755e+02
1.600000000000000000e+01 -6.022024186565777537e-03 3.865839976868341665e+01
1.600000000000000000e+01 -7.544055155057581563e-02 4.267227015564351689e+00
1.600000000000000000e+01 -1.229898735319060604e-02 2.846981026437062567e+01
1.600000000000000000e+01 -4.655381702499881286e-03 8.249414215951304641e+01
1.600000000000000000e+01 -5.838396267282101038e-01 1.156669369099311240e+01
1.600000000000000000e+01 -1.000000000000000000e+00 7.218585704309754547e+00
1.700000000000000000e+01 -8.658095694898576599e-05 1.069931836120459678e+02
1.700000000000000000e+01 -6.429407442078809154e-03 3.861398437540037776e+01
1.700000000000000000e+01 -8.078958328662372290e-02 4.268842476257990626e+00
1.700000000000000000e+01 -1.323194293888591520e-02 2.846788611633733979e+01
1.700000000000000000e+01 -4.822483142974491425e-03 8.252869911588820173e+01
1.700000000000000000e+01 -5.856828458651081037e-01 1.232300132198947828e+01
1.700000000000000000e+01 -1.000000000000000000e+00 7.658039150759681668e+00
1.800000000000000000e+01 -1.103911242021752041e-04 1.067828200276270820e+02
1.800000000000000000e+01 -6.840977138049019954e-03 3.856493886524383896e+01
1.800000000000000000e+01 -8.611907591100660675e-02 4.270438439739658421e+00
1.800000000000000000e+01 -1.418966664937337113e-02 2.846493167097638732e+01
1.800000000000000000e+01 -4.999430423905376099e-03 8.255801829484826726e+01
1.800000000000000000e+01 -5.876220788678989670e-01 1.309500452395423942e+01
1.900000000000000000e+01 -1.393710403658373861e-04 1.065155579571438551e+02
1.900000000000000000e+01 -7.256792829588172219e-03 3.851135626170827919e+01
1.900000000000000000e+01 -9.151228407508057994e-02 4.272073325951098788e+00
1.900000000000000000e+01 -5.185497378276570507e-03 8.258310864985877231e+01
1.900000000000000000e+01 -1.517301137841331471e-02 2.846093305510530769e+01
2.000000000000000000e+01 -1.740115861544584241e-04 1.061884735661657260e+02
2.000000000000000000e+01 -7.676430420111306566e-03 3.845313126265003234e+01
2.000000000000000000e+01 -9.696126899665173660e-02 4.273758048479590954e+00
2.000000000000000000e+01 -5.379675620205943455e-03 8.260473511495030152e+01
2.000000000000000000e+01 -1.618138067373639175e-02 2.845587634981550451e+01
2.100000000000000000e+01 -2.146647298367674271e-04 1.057991479540507953e+02
2.100000000000000000e+01 -8.098571429015922335e-03 3.839013350766308719e+01
2.100000000000000000e+01 -1.024801791407496943e-01 4.275500782893887575e+00
2.100000000000000000e+01 -5.580782434653333568e-03 8.262341841956013866e+01
2.100000000000000000e+01 -1.721546759038628666e-02 2.844973687819696906e+01
2.200000000000000000e+01 -2.616043369188302621e-04 1.053445235046195165e+02
2.200000000000000000e+01 -8.522392876955114591e-03 3.832218437577681414e+01
2.200000000000000000e+01 -1.080689345694106629e-01 4.277318413030275934e+00
2.200000000000000000e+01 -5.788136128657385242e-03 8.263958918719946212e+01
2.200000000000000000e+01 -1.827514720860872605e-02 2.844248613155179228e+01
2.300000000000000000e+01 -3.149368426077537339e-04 1.048219011912930796e+02
2.300000000000000000e+01 -8.946962357582126379e-03 3.824903759450882745e+01
2.300000000000000000e+01 -1.137425621618516763e-01 4.278784125424954787e+00
2.300000000000000000e+01 -6.001097176674885167e-03 8.265355783794139199e+01
2.300000000000000000e+01 -1.936077965436029322e-02 2.843403292864091725e+01
2.400000000000000000e+01 -3.745985984191346871e-04 1.042288954478547822e+02
2.400000000000000000e+01 -9.371393713609680459e-03 3.817056662173271775e+01
2.400000000000000000e+01 -1.194955834344587631e-01 4.280381027530159699e+00
2.400000000000000000e+01 -6.219107398871606511e-03 8.266556556721297966e+01
2.400000000000000000e+01 -2.047305610189275454e-02 2.842440011022857149e+01
2.500000000000000000e+01 -4.403444385356399958e-04 1.035635597708687783e+02
2.500000000000000000e+01 -9.794181621354584866e-03 3.808647659925888718e+01
2.500000000000000000e+01 -6.441854201588083362e-03 8.267579311676375653e+01
2.500000000000000000e+01 -1.253325494316313293e-01 4.282090232976617727e+00
2.500000000000000000e+01 -2.161209295070059752e-02 2.841353400178271116e+01
2.600000000000000000e+01 -5.117301979553853276e-04 1.028244787122145993e+02
2.600000000000000000e+01 -1.021433251192184651e-02 3.799661310649344870e+01
2.600000000000000000e+01 -6.669038423106531110e-03 8.268437121509519727e+01
2.600000000000000000e+01 -1.312346707353090058e-01 4.284842004110845259e+00
2.600000000000000000e+01 -2.278038508821587232e-02 2.840149780967720261e+01
2.700000000000000000e+01 -5.881777736825775883e-04 1.020108103598389135e+02
2.700000000000000000e+01 -1.063059195149120006e-02 3.790063359570696377e+01
2.700000000000000000e+01 -6.900006331472805128e-03 8.269135787145987138e+01
2.700000000000000000e+01 -1.372144802634732430e-01 4.287969985186782296e+00
2.700000000000000000e+01 -2.397465289473290836e-02 2.838808112560017705e+01
2.800000000000000000e+01 -6.689052133112978991e-04 1.011223582260992089e+02
2.800000000000000000e+01 -1.104150911801861368e-02 3.779812623963722729e+01
2.800000000000000000e+01 -7.134919608010331302e-03 8.269679818344577882e+01
2.800000000000000000e+01 -1.433149199165439647e-01 4.290586493289131553e+00
2.800000000000000000e+01 -2.520107684848907695e-02 2.837316150131112380e+01
2.900000000000000000e+01 -7.529813023613534089e-04 1.001596722027723843e+02
2.900000000000000000e+01 -1.144534620214227721e-02 3.768911745214755626e+01
2.900000000000000000e+01 -7.373203143619970132e-03 8.270074502650275861e+01
2.900000000000000000e+01 -1.494168043648379796e-01 4.296308718880735178e+00
2.900000000000000000e+01 -2.645766442086077558e-02 2.835715643864820734e+01
3.000000000000000000e+01 -8.394993853829467532e-04 9.912381909756945220e+01
3.000000000000000000e+01 -1.184069757567820722e-02 3.757271780045303444e+01
3.000000000000000000e+01 -7.614989267503114237e-03 8.270308485162330214e+01
3.000000000000000000e+01 -1.556905616748564536e-01 4.300200965277162446e+00
3.000000000000000000e+01 -2.774907720108145751e-02 2.833917198089839928e+01
3.100000000000000000e+01 -9.273042488466755762e-04 9.801668589847191981e+01
3.100000000000000000e+01 -1.222531033973396457e-02 3.744864982189148606e+01
3.100000000000000000e+01 -7.860251012652771582e-03 8.270379555472555921e+01
3.100000000000000000e+01 -1.620974334519206805e-01 4.303717130473240893e+00
3.100000000000000000e+01 -2.907637696881347142e-02 2.831937397564725956e+01
3.200000000000000000e+01 -1.015037497390961635e-03 9.684073886249440477e+01
3.200000000000000000e+01 -1.259738379267270197e-02 3.731653957098255603e+01
3.200000000000000000e+01 -8.109589373812000831e-03 8.270280404780136507e+01
3.200000000000000000e+01 -1.686290689611703308e-01 4.307391883085498030e+00
3.200000000000000000e+01 -3.044343207888895383e-02 2.829771567914010788e+01
3.300000000000000000e+01 -1.105924071512661561e-03 9.549171404757531434e+01
3.300000000000000000e+01 -1.295379946830823095e-02 3.717073801789211274e+01
3.300000000000000000e+01 -8.362778188022081810e-03 8.269880562875782459e+01
3.300000000000000000e+01 -1.753667268272067203e-01 4.309200169901949984e+00
3.300000000000000000e+01 -3.185228153062746176e-02 2.827302680745026819e+01
3.400000000000000000e+01 -1.189820474671480144e-03 9.417064533380249713e+01
3.400000000000000000e+01 -1.329265113969812367e-02 3.702004556037765326e+01
3.400000000000000000e+01 -8.619408756110533837e-03 8.269343052391869264e+01
3.400000000000000000e+01 -1.821463797652229100e-01 4.313614321982872646e+00
3.400000000000000000e+01 -3.330077036135129648e-02 2.824689426438907347e+01
3.500000000000000000e+01 -1.269442523747736553e-03 9.279040545466209267e+01
3.500000000000000000e+01 -1.361071236353839087e-02 3.685944870295676878e+01
3.500000000000000000e+01 -8.880393896777057441e-03 8.268542477005176750e+01
3.500000000000000000e+01 -1.891121224720986871e-01 4.317089541333320568e+00
3.500000000000000000e+01 -3.479512373429920202e-02 2.821805084611873227e+01
3.600000000000000000e+01 -1.343165029237938140e-03 9.135617073585547132e+01
3.600000000000000000e+01 -1.390419277244714889e-02 3.668860348030105456e+01
3.600000000000000000e+01 -9.146390516129138462e-03 8.267417625251100333e+01
3.600000000000000000e+01 -1.961992649130408217e-01 4.321503677718363079e+00
3.600000000000000000e+01 -3.633704121400187226e-02 2.818656338256003124e+01
3.700000000000000000e+01 -1.409143762246064082e-03 8.987322010587861598e+01
3.700000000000000000e+01 -1.416860225475524530e-02 3.650678080288270877e+01
3.700000000000000000e+01 -9.417951881720648677e-03 8.265855258892850088e+01
3.700000000000000000e+01 -2.033877214033791292e-01 4.327410412605803280e+00
3.700000000000000000e+01 -3.792862472581515210e-02 2.815222133561369589e+01
3.800000000000000000e+01 -1.466945323110134666e-03 8.835068503461529588e+01
3.800000000000000000e+01 -1.439938038845610738e-02 3.631357083098172467e+01
3.800000000000000000e+01 -9.695659196415943107e-03 8.263632666498803303e+01
3.800000000000000000e+01 -2.106760447877442932e-01 4.334927990749536164e+00
3.800000000000000000e+01 -3.957360070000248697e-02 2.811473552266142661e+01
3.900000000000000000e+01 -1.522075989054480364e-03 8.679905435475276931e+01
3.900000000000000000e+01 -1.459058724834348328e-02 3.610795399401015260e+01
3.900000000000000000e+01 -9.973130102353504334e-03 8.260208373559686379e+01
3.900000000000000000e+01 -2.181685258584186160e-01 4.341841602089706598e+00
3.900000000000000000e+01 -4.127693457681386180e-02 2.807328451573955874e+01
4.000000000000000000e+01 -1.631092540300434820e-03 8.524075964905090075e+01
4.000000000000000000e+01 -1.473548686373393236e-02 3.588933833106747784e+01
4.000000000000000000e+01 -1.019349937406466809e-02 8.253950785188257555e+01
4.000000000000000000e+01 -2.258356234933734941e-01 4.349048918153330945e+00
4.000000000000000000e+01 -4.304168365378562705e-02 2.802759634158114821e+01
4.100000000000000000e+01 -2.491523159490007400e-03 8.369664382470701014e+01
4.100000000000000000e+01 -1.482501303243588704e-02 3.565215127653988247e+01
4.100000000000000000e+01 -9.660636362453159723e-03 8.237172478748006199e+01
4.100000000000000000e+01 -2.335133823320491298e-01 4.359839261545855216e+00
4.100000000000000000e+01 -4.487562028956902649e-02 2.797692407437680373e+01
4.200000000000000000e+01 -4.512615306303427269e-03 8.154900861721360172e+01
4.200000000000000000e+01 -1.485225890222595553e-02 3.540447695262485439e+01
4.200000000000000000e+01 -7.962640704343505391e-03 8.283882650304153117e+01
4.200000000000000000e+01 -2.414920817712148948e-01 4.368773802702578202e+00
4.200000000000000000e+01 -4.677584063190762947e-02 2.792103626403964967e+01
4.300000000000000000e+01 -2.911135396123728028e-03 7.997500504274033517e+01
4.300000000000000000e+01 -1.480729471313707406e-02 3.514172626611772188e+01
4.300000000000000000e+01 -9.884001335464435642e-03 8.271819663819236723e+01
4.300000000000000000e+01 -2.496409560135713079e-01 4.378545286493158883e+00
4.300000000000000000e+01 -4.874880460003422344e-02 2.785899022086621457e+01
4.400000000000000000e+01 -2.570194774847311351e-03 7.833229022815415021e+01
4.400000000000000000e+01 -1.468146515177294782e-02 3.486364374476979577e+01
4.400000000000000000e+01 -1.054407096887077615e-02 8.265744715294536604e+01
4.400000000000000000e+01 -2.579658942138695066e-01 4.389210311818926513e+00
4.400000000000000000e+01 -5.079899645304093714e-02 2.778982975955662127e+01
4.500000000000000000e+01 -2.466507417071494689e-03 7.667397790996535889e+01
4.500000000000000000e+01 -1.446552952165513529e-02 3.456988771528859417e+01
4.500000000000000000e+01 -1.096695301952501679e-02 8.261092048822462175e+01
4.500000000000000000e+01 -2.664701840675307021e-01 4.400839497745798745e+00
4.500000000000000000e+01 -5.292791141640325325e-02 2.771242286100663321e+01
4.600000000000000000e+01 -2.441660399273322315e-03 7.501765335017246628e+01
4.600000000000000000e+01 -1.415192298433801989e-02 3.426039448662778852e+01
4.600000000000000000e+01 -1.131280633780053918e-02 8.256796935025177220e+01
4.600000000000000000e+01 -2.751557303517990771e-01 4.413535309327426326e+00
4.600000000000000000e+01 -5.513511448604427323e-02 2.762540552212628597e+01
4.700000000000000000e+01 -2.454502748989666628e-03 7.337464252052492952e+01
4.700000000000000000e+01 -1.373680042955583401e-02 3.393536115550190857e+01
4.700000000000000000e+01 -1.162560539743788708e-02 8.252463459683578151e+01
4.700000000000000000e+01 -2.841185086397124970e-01 4.425719644442778211e+00
4.700000000000000000e+01 -5.741925549477647911e-02 2.752651175459077137e+01
4.800000000000000000e+01 -2.491758138278763607e-03 7.175364778698600787e+01
4.800000000000000000e+01 -1.322058585829026175e-02 3.359566573728807271e+01
4.800000000000000000e+01 -1.192141881405605307e-02 8.247904722302554603e+01
4.800000000000000000e+01 -2.932242792447662394e-01 4.440002800298358032e+00
4.800000000000000000e+01 -5.976583971497255454e-02 2.741458390614699780e+01
4.900000000000000000e+01 -2.549478639882437822e-03 7.012587561045171469e+01
4.900000000000000000e+01 -1.259571704462773140e-02 3.323762147110215182e+01
4.900000000000000000e+01 -1.220874602153691237e-02 8.242890538183881688e+01
4.900000000000000000e+01 -3.015791427158180382e-01 4.471839688985806305e+00
4.900000000000000000e+01 -6.213718297611733193e-02 2.729228644078710175e+01
5.000000000000000000e+01 -2.628946167782970304e-03 6.856828291650042217e+01
5.000000000000000000e+01 -1.191464872513004619e-02 3.287125433521907780e+01
5.000000000000000000e+01 -1.248821751956532243e-02 8.237535101654447089e+01
5.000000000000000000e+01 -3.109512867707178718e-01 4.490471040825761762e+00
5.000000000000000000e+01 -6.453393005283410144e-02 2.714675124743861545e+01
5.100000000000000000e+01 -2.731750747498911964e-03 6.705336826265622108e+01
5.100000000000000000e+01 -1.121736242631602223e-02 3.249470073064181008e+01
5.100000000000000000e+01 -1.276364123115788195e-02 8.231662472212259729e+01
5.100000000000000000e+01 -3.209826070902436768e-01 4.502419513697101472e+00
5.100000000000000000e+01 -6.690085079122973233e-02 2.697409592132233058e+01
5.200000000000000000e+01 -2.861004376292958055e-03 6.558788240288835425e+01
5.200000000000000000e+01 -1.054939692895822539e-02 3.211187997305339792e+01
5.200000000000000000e+01 -1.303570388865331331e-02 8.225246810116934171e+01
5.200000000000000000e+01 -3.308304904262615587e-01 4.522672139748725506e+00
5.200000000000000000e+01 -6.913712428817381239e-02 2.677956897423012350e+01
5.300000000000000000e+01 -3.019359025570690636e-03 6.417651883137493485e+01
5.300000000000000000e+01 -1.000331131078795177e-02 3.172591741064643145e+01
5.300000000000000000e+01 -1.330453254569580884e-02 8.218206985549809929e+01
5.300000000000000000e+01 -3.407499015761427108e-01 4.546633791672514135e+00
5.300000000000000000e+01 -7.114573599744707100e-02 2.655664994172311566e+01
5.400000000000000000e+01 -3.211105123725176060e-03 6.282313857352522035e+01
5.400000000000000000e+01 -9.693005522862643136e-03 3.134070318106056519e+01
5.400000000000000000e+01 -1.357124951153675617e-02 8.210489796794519179e+01
5.400000000000000000e+01 -3.508286194351069032e-01 4.572894519287891590e+00
5.400000000000000000e+01 -7.280726671820196561e-02 2.630043868037476784e+01
5.500000000000000000e+01 -3.440932200663815704e-03 6.151639103783985263e+01
5.500000000000000000e+01 -9.708942581265653585e-03 3.095583484113470973e+01
5.500000000000000000e+01 -1.383661852583322784e-02 8.201946929576598677e+01
5.500000000000000000e+01 -3.603248155059400881e-01 4.613797818116774252e+00
5.500000000000000000e+01 -7.395612579789231922e-02 2.601569932947431241e+01
5.600000000000000000e+01 -3.705746742870451998e-03 6.028843368613983955e+01
5.600000000000000000e+01 -1.024649909535886236e-02 3.058446837034831844e+01
5.600000000000000000e+01 -1.409893641141079720e-02 8.192683457309640005e+01
5.600000000000000000e+01 -3.706985246043547622e-01 4.645179927967557632e+00
5.600000000000000000e+01 -7.449120243564352761e-02 2.568232101292556635e+01
5.700000000000000000e+01 -4.007925787582846885e-03 5.912602514868455472e+01
5.700000000000000000e+01 -1.137445548543606841e-02 3.022749285050531043e+01
5.700000000000000000e+01 -1.435925794202332594e-02 8.182569462076153854e+01
5.700000000000000000e+01 -3.812207952041705705e-01 4.679308235310351449e+00
5.700000000000000000e+01 -7.427733246269194178e-02 2.530499128539810627e+01
5.800000000000000000e+01 -4.346320941446312272e-03 5.802963976609586894e+01
5.800000000000000000e+01 -1.314483620186417297e-02 2.988973919033421822e+01
5.800000000000000000e+01 -1.461698749936814375e-02 8.171538880504768088e+01
5.800000000000000000e+01 -7.324049097628818061e-02 2.488130074799089542e+01
5.800000000000000000e+01 -3.918714706584950913e-01 4.716433965740256085e+00
5.900000000000000000e+01 -4.718590811007543177e-03 5.699882421257051135e+01
5.900000000000000000e+01 -1.553652368274871173e-02 2.957545884437803352e+01
5.900000000000000000e+01 -1.487228816273331380e-02 8.159537546720009971e+01
5.900000000000000000e+01 -7.138354517979354774e-02 2.441003899641086861e+01
5.900000000000000000e+01 -4.026445524573951662e-01 4.756767131601054466e+00
6.000000000000000000e+01 -5.121071642644478908e-03 5.603228879361208925e+01
6.000000000000000000e+01 -1.845161672470845352e-02 2.928755887738782349e+01
6.000000000000000000e+01 -1.512501576525223344e-02 8.146507677040558804e+01
6.000000000000000000e+01 -6.878154495977592542e-02 2.389194723410422938e+01
6.000000000000000000e+01 -4.135281552796740701e-01 4.800542458505996812e+00
6.100000000000000000e+01 -5.549002475877613284e-03 5.512800834553952711e+01
6.100000000000000000e+01 -2.173526515758114619e-02 2.902691911842589079e+01
6.100000000000000000e+01 -1.537479813536932367e-02 8.132390260345717081e+01
6.100000000000000000e+01 -6.556099445799397352e-02 2.333030604326324919e+01
6.100000000000000000e+01 -4.245006136651252038e-01 4.848026124112460700e+00
6.200000000000000000e+01 -6.000305595070776557e-03 5.427722935374126223e+01
6.200000000000000000e+01 -2.523957564171906698e-02 2.879009595240968977e+01
6.200000000000000000e+01 -1.562223615317023633e-02 8.116999615595358364e+01
6.200000000000000000e+01 -6.183111600460793750e-02 2.272819606615620458e+01
6.200000000000000000e+01 -4.353930532643155993e-01 4.901344132371936446e+00
6.300000000000000000e+01 -6.462674272788849518e-03 5.348923294339700618e+01
6.300000000000000000e+01 -2.874994731185441174e-02 2.857562149276675356e+01
6.300000000000000000e+01 -5.779943081511565439e-02 2.210132873698346856e+01
6.300000000000000000e+01 -1.586582355250143461e-02 8.100535686851017658e+01
6.300000000000000000e+01 -4.464165298088134670e-01 4.957050486781079179e+00
6.400000000000000000e+01 -6.932644140892665549e-03 5.275436340651464207e+01
6.400000000000000000e+01 -3.221116528245412253e-02 2.838480451576156938e+01
6.400000000000000000e+01 -5.346333783437821896e-02 2.144511972474477446e+01
6.400000000000000000e+01 -1.610620407250731162e-02 8.082837531658604746e+01
6.400000000000000000e+01 -4.576431750073034488e-01 5.017450730073684362e+00
6.500000000000000000e+01 -7.404722432987475601e-03 5.206891062247787971e+01
6.500000000000000000e+01 -3.552143313577661027e-02 2.820584319526339101e+01
6.500000000000000000e+01 -4.890271859831279294e-02 2.077855920759270703e+01
6.500000000000000000e+01 -1.634306940609694253e-02 8.063868130032695092e+01
6.500000000000000000e+01 -4.688455957968121202e-01 5.082348061368591630e+00
6.600000000000000000e+01 -7.873377167770406054e-03 5.142909995563403669e+01
6.600000000000000000e+01 -4.408938517670949603e-02 2.010572092331859650e+01
6.600000000000000000e+01 -3.865864221321509142e-02 2.803747526407910584e+01
6.600000000000000000e+01 -1.657643316257138497e-02 8.043598475386436064e+01
6.600000000000000000e+01 -4.800712941144517076e-01 5.152116463082932363e+00
6.700000000000000000e+01 -8.333665069246451104e-03 5.083114443202651955e+01
6.700000000000000000e+01 -3.899079346825386899e-02 1.943318733728379755e+01
6.700000000000000000e+01 -4.161376119958472286e-02 2.787657100883951244e+01
6.700000000000000000e+01 -1.680583170516340014e-02 8.022005474624351962e+01
6.700000000000000000e+01 -4.913265710567478184e-01 5.226907754329014111e+00
6.800000000000000000e+01 -8.781384813233835893e-03 5.027129712303050724e+01
6.800000000000000000e+01 -3.355741048247219693e-02 1.876675802658264658e+01
6.800000000000000000e+01 -4.439045306265347601e-02 2.772057546998515321e+01
6.800000000000000000e+01 -1.703154289530975363e-02 7.999080725068911590e+01
6.800000000000000000e+01 -5.026131744934003720e-01 5.306843353925167150e+00
6.900000000000000000e+01 -9.213041369249325499e-03 4.974594598942857715e+01
6.900000000000000000e+01 -2.773242549253336978e-02 1.811128257806745978e+01
6.900000000000000000e+01 -4.699924603179161248e-02 2.756747532186522776e+01
6.900000000000000000e+01 -1.725349446363911091e-02 7.974825842647385343e+01
6.900000000000000000e+01 -5.139505308426604024e-01 5.391970145851830765e+00
7.000000000000000000e+01 -2.145284889303151685e-02 1.747116761794080730e+01
7.000000000000000000e+01 -9.625883720372981761e-03 4.925168515512449119e+01
7.000000000000000000e+01 -4.945065898531982029e-02 2.741563575438280509e+01
7.000000000000000000e+01 -1.747170006525195982e-02 7.949253331353371266e+01
7.000000000000000000e+01 -5.253189605400646611e-01 5.482331311534034413e+00
7.100000000000000000e+01 -1.465971985403671275e-02 1.684986132154180538e+01
7.100000000000000000e+01 -1.001779886215382713e-02 4.878526324959113936e+01
7.100000000000000000e+01 -1.768624606043486813e-02 7.922390230571571124e+01
7.100000000000000000e+01 -5.175788982538369332e-02 2.726384676778635097e+01
7.100000000000000000e+01 -5.367478782252478320e-01 5.577802339088968608e+00
7.200000000000000000e+01 -7.296538054158118944e-03 1.625033270800934915e+01
7.200000000000000000e+01 -1.038722593661204827e-02 4.834365453124826217e+01
7.200000000000000000e+01 -1.789727553971163718e-02 7.894274617265052996e+01
7.200000000000000000e+01 -5.393232088817475484e-02 2.711115950980974532e+01
7.200000000000000000e+01 -5.482548431187309612e-01 5.678181477676630173e+00
7.300000000000000000e+01 6.938696039038025690e-04 1.567450283711591119e+01
7.300000000000000000e+01 -1.073289836547874736e-02 4.792378631121265897e+01
7.300000000000000000e+01 -1.810472425739772726e-02 7.864933955448866243e+01
7.300000000000000000e+01 -5.598698363118443516e-02 2.695667639571970753e+01
7.300000000000000000e+01 -5.598722217975438120e-01 5.783125071020203123e+00
7.400000000000000000e+01 9.332493558316909063e-03 1.512561536716097521e+01
7.400000000000000000e+01 -1.105473778354378218e-02 4.752360252636892568e+01
7.400000000000000000e+01 -1.830933032434373109e-02 7.834478074280235660e+01
7.400000000000000000e+01 -5.792368791892332780e-02 2.680010975729001643e+01
7.400000000000000000e+01 -5.715878387253706672e-01 5.892163819430472849e+00
7.500000000000000000e+01 1.864651969002293144e-02 1.460482344723537906e+01
7.500000000000000000e+01 -1.135218067694529834e-02 4.714046930737115559e+01
7.500000000000000000e+01 -1.851114293897228660e-02 7.802961530440570925e+01
7.500000000000000000e+01 -5.975235304097106792e-02 2.664089790753853393e+01
7.500000000000000000e+01 -5.834266731900391578e-01 6.004622113380069237e+00
7.600000000000000000e+01 2.863285523667520246e-02 1.411347615685597212e+01
7.600000000000000000e+01 -1.162521468091382362e-02 4.677220413763221529e+01
7.600000000000000000e+01 -1.871050662520903213e-02 7.770467287434753700e+01
7.600000000000000000e+01 -6.147843331216874124e-02 2.647871523186982756e+01
7.600000000000000000e+01 -5.953845313178964815e-01 6.119720973351835624e+00
7.700000000000000000e+01 3.926331424174971801e-02 1.365245144274612166e+01
7.700000000000000000e+01 -1.187390801480852839e-02 4.641676827178905995e+01
7.700000000000000000e+01 -1.890789527218627794e-02 7.737093234557346477e+01
7.700000000000000000e+01 -6.310777879168784354e-02 2.631340807846579111e+01
7.700000000000000000e+01 -6.074713488921913429e-01 6.236498900599782402e+00
7.800000000000000000e+01 5.046712391372417533e-02 1.322255875067275355e+01
7.800000000000000000e+01 -1.209865054536849588e-02 4.607247443206316717e+01
7.800000000000000000e+01 -1.910352716219250110e-02 7.702930100033756844e+01
7.800000000000000000e+01 -6.463993015578733958e-02 2.614467914827899264e+01
7.800000000000000000e+01 -6.195965335740700741e-01 6.354020852644404194e+00
7.900000000000000000e+01 6.215070032750748263e-02 1.282380850660341487e+01
7.900000000000000000e+01 -1.229964861498307124e-02 4.573764905994993057e+01
7.900000000000000000e+01 -1.929792402306801033e-02 7.668083833296213925e+01
7.900000000000000000e+01 -6.607837246113568153e-02 2.597250374565475539e+01
7.900000000000000000e+01 -6.317278926320228916e-01 6.471264338406482963e+00
8.000000000000000000e+01 7.418936388989964825e-02 1.245583244902970321e+01
8.000000000000000000e+01 -1.247721354293896724e-02 4.541081154771322304e+01
8.000000000000000000e+01 -1.949153223279386643e-02 7.632661894301536165e+01
8.000000000000000000e+01 -6.742415869596893319e-02 2.579684168012566303e+01
8.000000000000000000e+01 -6.437948975614266045e-01 6.587300797023456056e+00
8.100000000000000000e+01 8.643882682736878098e-02 1.211776578716709096e+01
8.100000000000000000e+01 -1.263160979569693566e-02 4.509063039730184386e+01
8.100000000000000000e+01 -1.968480121446950296e-02 7.596771102439196000e+01
8.100000000000000000e+01 -6.867749083761404139e-02 2.561769113872857417e+01
8.100000000000000000e+01 -6.557177931225648404e-01 6.701358054063799585e+00
8.200000000000000000e+01 9.874683134718202637e-02 1.180829092096189648e+01
8.200000000000000000e+01 -1.276301641333465325e-02 4.477590303692042539e+01
8.200000000000000000e+01 -1.987818921664726707e-02 7.560519076129558869e+01
8.200000000000000000e+01 -6.983789467540894857e-02 2.543509157421472722e+01
8.200000000000000000e+01 -6.674177508036021056e-01 6.812869365677803657e+00
8.300000000000000000e+01 1.109874792071672278e-01 1.152530515504047770e+01
8.300000000000000000e+01 -1.287099408576105296e-02 4.446530058151079601e+01
8.300000000000000000e+01 -2.007182887898308066e-02 7.524055081638054787e+01
8.300000000000000000e+01 -7.090376431158532111e-02 2.524917071841817418e+01
8.300000000000000000e+01 -6.789313363474943630e-01 6.920890568923180552e+00
8.400000000000000000e+01 1.229808107928918731e-01 1.126776430955152186e+01
8.400000000000000000e+01 -1.295666103992757813e-02 4.415834237516816785e+01
8.400000000000000000e+01 -2.026686414112383039e-02 7.487366648931498503e+01
8.400000000000000000e+01 -7.187414993149052189e-02 2.505982534550267715e+01
8.400000000000000000e+01 -6.899640205159415229e-01 7.026724858401109941e+00
8.500000000000000000e+01 1.346349957983650480e-01 1.103314476909922526e+01
8.500000000000000000e+01 -1.301912680363032440e-02 4.385393460229008866e+01
8.500000000000000000e+01 -2.046326258058893052e-02 7.450617114579618772e+01
8.500000000000000000e+01 -7.274521534286249036e-02 2.486727974792480111e+01
8.500000000000000000e+01 -7.006112647245330560e-01 7.129615055716761240e+00
8.600000000000000000e+01 1.458599773654066512e-01 1.081935716463199704e+01
8.600000000000000000e+01 -1.305803846501987775e-02 4.355128869797783864e+01
8.600000000000000000e+01 -2.066138804126387701e-02 7.413896028160723972e+01
8.600000000000000000e+01 -7.351360591927484645e-02 2.467164664800926488e+01
8.600000000000000000e+01 -7.108540604960861264e-01 7.229783589962880619e+00
8.700000000000000000e+01 1.565895127305755030e-01 1.062437535127292954e+01
8.700000000000000000e+01 -1.307284222616458824e-02 4.324969324294855966e+01
8.700000000000000000e+01 -2.086157358345142390e-02 7.377285920697188715e+01
8.700000000000000000e+01 -7.417518712726636765e-02 2.447304721949021911e+01
8.700000000000000000e+01 -7.206912442618929049e-01 7.327551906921686786e+00
8.800000000000000000e+01 1.667784356476719743e-01 1.044629730592708050e+01
8.800000000000000000e+01 -1.306280009496752978e-02 4.294851343149228740e+01
8.800000000000000000e+01 -2.106411790792849306e-02 7.340862781430988093e+01
8.800000000000000000e+01 -7.472510271366662737e-02 2.427161246635981229e+01
8.800000000000000000e+01 -7.301360341431063494e-01 7.423297549905750969e+00
8.900000000000000000e+01 1.764175185846174887e-01 1.028302628617667303e+01
8.900000000000000000e+01 -1.302693956185012325e-02 4.264686666419841998e+01
8.900000000000000000e+01 -2.126894004437870217e-02 7.304667169446469188e+01
8.900000000000000000e+01 -7.515703883856443557e-02 2.406725251431204882e+01
8.900000000000000000e+01 -7.392386207979745327e-01 7.517252373129501564e+00
9.000000000000000000e+01 1.854452004607846372e-01 1.013388381568692687e+01
9.000000000000000000e+01 -1.296417694523195434e-02 4.234482249092419437e+01
9.000000000000000000e+01 -2.147771806352803681e-02 7.268830102041108887e+01
9.000000000000000000e+01 -7.546913817214431774e-02 2.386073528048924786e+01
9.000000000000000000e+01 -7.479789558257174953e-01 7.610295351879709180e+00
