1.000000000000000000e+01 5.078488606067194404e-04 5.402452000000000920e-01 5.829143707022091218e-03
1.100000000000000000e+01 6.164772387365453302e-04 5.402282000000001583e-01 7.068616688946057110e-03
1.200000000000000000e+01 7.368924532334666586e-04 5.402057000000001219e-01 8.439643984271631358e-03
1.300000000000000000e+01 8.683274533079181215e-04 5.401766000000001178e-01 9.932587771057878670e-03
1.400000000000000000e+01 1.011375776706338039e-03 5.401396000000001640e-01 1.155329657448569101e-02
1.500000000000000000e+01 1.166348997073376765e-03 5.400934000000000568e-01 1.330429283778066830e-02
1.600000000000000000e+01 1.333533426481348745e-03 5.400364000000000830e-01 1.518770872071313269e-02
1.700000000000000000e+01 1.513235854795647387e-03 5.399670000000000858e-01 1.720580609187737781e-02
1.800000000000000000e+01 1.705782228858115489e-03 5.398833000000000659e-01 1.936095556403155671e-02
1.900000000000000000e+01 1.911515443750789935e-03 5.397833000000000769e-01 2.165561661094031823e-02
2.000000000000000000e+01 2.130797551472479907e-03 5.396648000000000556e-01 2.409232733594228112e-02
2.100000000000000000e+01 2.364012434818063037e-03 5.395255000000001022e-01 2.667378454360287698e-02
2.200000000000000000e+01 2.611550064461356634e-03 5.393627000000000837e-01 2.940258412388340598e-02
2.300000000000000000e+01 2.873834756255501388e-03 5.391737000000000890e-01 3.228164018427934212e-02
2.400000000000000000e+01 3.151278581340758063e-03 5.389555000000001428e-01 3.531355671941008301e-02
2.500000000000000000e+01 3.444337315398832058e-03 5.387048000000000947e-01 3.850124508439275312e-02
2.600000000000000000e+01 3.763254832039444886e-03 5.384086000000001260e-01 4.195373736682528332e-02
2.700000000000000000e+01 4.090668573767573812e-03 5.380797000000001606e-01 4.547992960503209614e-02
2.800000000000000000e+01 4.435309360410944271e-03 5.377064000000001398e-01 4.917246338713839732e-02
2.900000000000000000e+01 4.797643387497098517e-03 5.372845000000001647e-01 5.303383759050953050e-02
3.000000000000000000e+01 5.178174326268786959e-03 5.368093000000001558e-01 5.706664819579433667e-02
3.100000000000000000e+01 5.577336168892828988e-03 5.362759000000001386e-01 6.127307567543914535e-02
3.200000000000000000e+01 5.995599942767947804e-03 5.356791000000000746e-01 6.565514668875169213e-02
3.300000000000000000e+01 6.433405796871089627e-03 5.350134000000000833e-01 7.021456937420353372e-02
3.400000000000000000e+01 6.895092801558728481e-03 5.342665000000000886e-01 7.499347588244824336e-02
3.500000000000000000e+01 7.373779395778976876e-03 5.334440000000001403e-01 7.991698102028192696e-02
3.600000000000000000e+01 7.873173784286415997e-03 5.325343000000001270e-01 8.502066699741546441e-02
3.700000000000000000e+01 8.393546886520662428e-03 5.315311000000001451e-01 9.030412865993089899e-02
3.800000000000000000e+01 8.935113119891879147e-03 5.304276000000001101e-01 9.576633339069964834e-02
3.900000000000000000e+01 9.498155042431047704e-03 5.292170000000001595e-01 1.014061623054743067e-01
4.000000000000000000e+01 1.008247490327313783e-02 5.278927000000001035e-01 1.072197579606408296e-01
4.100000000000000000e+01 1.068816562987268473e-02 5.264477000000000739e-01 1.132042413013650550e-01
4.200000000000000000e+01 1.131508232785046093e-02 5.248752000000000972e-01 1.193550074330098631e-01
4.300000000000000000e+01 1.196300619195663634e-02 5.231685000000001473e-01 1.256668556353989219e-01
4.400000000000000000e+01 1.263156277845981293e-02 5.213212000000001511e-01 1.321330930752022959e-01
4.500000000000000000e+01 1.332029506586411734e-02 5.193270000000000941e-01 1.387464318518058237e-01
4.600000000000000000e+01 1.402859975616360319e-02 5.171802000000000898e-01 1.454982918963428906e-01
4.700000000000000000e+01 1.475574301245980054e-02 5.148754000000000941e-01 1.523790003587987552e-01
4.800000000000000000e+01 1.550089885662067450e-02 5.124077000000001325e-01 1.593782901585696632e-01
4.900000000000000000e+01 1.626307844849171277e-02 5.097730000000001427e-01 1.664845031158598831e-01
5.000000000000000000e+01 1.704124064995543239e-02 5.069676000000000737e-01 1.736857848623850897e-01
5.100000000000000000e+01 1.783417050273019416e-02 5.039889000000000729e-01 1.809688908893822834e-01
5.200000000000000000e+01 1.864061345092444047e-02 5.008348000000001354e-01 1.883204797704465805e-01
5.300000000000000000e+01 1.945921308564408508e-02 4.975041000000001157e-01 1.957265163162700827e-01
5.400000000000000000e+01 2.028855298065245644e-02 4.939966000000001189e-01 2.031726694424304813e-01
5.500000000000000000e+01 2.112718582767726672e-02 4.903126000000000984e-01 2.106446107663336731e-01
5.600000000000000000e+01 2.197362970180978883e-02 4.864536000000000970e-01 2.181279145519649521e-01
5.700000000000000000e+01 2.282638748504282541e-02 4.824216000000001170e-01 2.256082567745173184e-01
5.800000000000000000e+01 2.368400339467313653e-02 4.782194000000001277e-01 2.330719120847156989e-01
5.900000000000000000e+01 2.454497059640721457e-02 4.738508000000001275e-01 2.405048584537693157e-01
6.000000000000000000e+01 2.540789481240043543e-02 4.693197000000001173e-01 2.478942685892790432e-01
6.100000000000000000e+01 2.627141064993707836e-02 4.646310000000001272e-01 2.552277141996593945e-01
6.200000000000000000e+01 2.713560610564059658e-02 4.597867000000001036e-01 2.624978597013894466e-01
6.300000000000000000e+01 2.799656312145209699e-02 4.547984000000001026e-01 2.696850718653651668e-01
6.400000000000000000e+01 2.885442023619463198e-02 4.496692000000001022e-01 2.767833156519849402e-01
6.500000000000000000e+01 2.970808498287841326e-02 4.444056000000001228e-01 2.837829495873013808e-01
6.600000000000000000e+01 3.055656599698218859e-02 4.390142000000001321e-01 2.906753271718848786e-01
6.700000000000000000e+01 3.139893516557202419e-02 4.335016000000000980e-01 2.974523986644116436e-01
6.800000000000000000e+01 3.223433659305360161e-02 4.278751000000001192e-01 3.041067102972616065e-01
6.900000000000000000e+01 3.306200477833744905e-02 4.221419000000001254e-01 3.106317038321743107e-01
7.000000000000000000e+01 3.388123174493124640e-02 4.163094000000001071e-01 3.170213179080578758e-01
7.100000000000000000e+01 3.469136131394963407e-02 4.103853000000001194e-01 3.232698881600520324e-01
7.200000000000000000e+01 3.549084405587043384e-02 4.043860000000001342e-01 3.293640989598518032e-01
7.300000000000000000e+01 3.628178820671610488e-02 3.982964000000001059e-01 3.353224369096834412e-01
7.400000000000000000e+01 3.706263985634699470e-02 3.921334000000001319e-01 3.411313860092777817e-01
