1.000000000000000000e+01 -1.444459538337142864e-05 1.069785425674208312e+02
1.000000000000000000e+01 -3.727132099886478617e-03 3.882729599741450954e+01
1.000000000000000000e+01 -4.492814141800666183e-02 4.257469253194240189e+00
1.000000000000000000e+01 -7.324226384699211376e-03 2.845738276774911668e+01
1.000000000000000000e+01 -4.016901340173319006e-03 8.204922225387149126e+01
1.000000000000000000e+01 -5.642250089820541881e-01 7.270318089600351641e+00
1.000000000000000000e+01 -1.000000000000000000e+00 4.543177252840159497e+00
1.000000000000000000e+01 -8.415007945716967974e-01 6.457909943275226716e+00
1.000000000000000000e+01 -9.995952199278130834e-01 6.685242642013435876e+00
1.000000000000000000e+01 -9.036306444097329527e-01 8.201420113610424778e+00
1.100000000000000000e+01 -1.424654094415879260e-05 1.072354069721472456e+02
1.100000000000000000e+01 -4.088873542326709395e-03 3.881387623411188770e+01
1.100000000000000000e+01 -4.990168229389943533e-02 4.259062692904985958e+00
1.100000000000000000e+01 -8.073797489231138852e-03 2.846311349879532315e+01
1.100000000000000000e+01 -4.059377493682852708e-03 8.217258492666796599e+01
1.100000000000000000e+01 -5.668675914521099646e-01 7.956891565038066716e+00
1.100000000000000000e+01 -1.000000000000000000e+00 4.990779950280060717e+00
1.100000000000000000e+01 -8.371799163305309044e-01 7.118439174205229314e+00
1.100000000000000000e+01 -9.995349671139995840e-01 7.379462071443761317e+00
1.200000000000000000e+01 -1.457855140595870775e-05 1.074240289911291768e+02
1.200000000000000000e+01 -4.460002855230548943e-03 3.879456314783090676e+01
1.200000000000000000e+01 -5.492273812261749127e-02 4.260593004689535057e+00
1.200000000000000000e+01 -8.858221860463724034e-03 2.846711354881355405e+01
1.200000000000000000e+01 -4.135050897054485738e-03 8.226783819977096357e+01
1.200000000000000000e+01 -5.704349590260675562e-01 8.648714518114793748e+00
1.200000000000000000e+01 -1.000000000000000000e+00 5.437248530963104010e+00
1.200000000000000000e+01 -8.344725922173620303e-01 7.769542646679736819e+00
1.300000000000000000e+01 -1.552057262664095292e-05 1.075616821742678297e+02
1.300000000000000000e+01 -4.839745061690750930e-03 3.877021502741411751e+01
1.300000000000000000e+01 -5.999230515023359911e-02 4.262064946081939532e+00
1.300000000000000000e+01 -9.674886706543397302e-03 2.846968708228481404e+01
1.300000000000000000e+01 -4.236863409429426561e-03 8.234312369245886032e+01
1.300000000000000000e+01 -5.749526884835498564e-01 9.347787478410241491e+00
1.300000000000000000e+01 -1.000000000000000000e+00 5.882621728338494727e+00
1.300000000000000000e+01 -8.332716850779000595e-01 8.403978736302992303e+00
1.400000000000000000e+01 -1.718466803429359333e-05 1.076594654736785088e+02
1.400000000000000000e+01 -5.227411104044239754e-03 3.874137177854245095e+01
1.400000000000000000e+01 -6.511117683599003392e-02 4.263490298258198585e+00
1.400000000000000000e+01 -1.052187712717849236e-02 2.847102880086896448e+01
1.400000000000000000e+01 -4.359687224066168508e-03 8.240384203080490977e+01
1.400000000000000000e+01 -5.802911710931362155e-01 1.006055184813144265e+01
1.400000000000000000e+01 -1.000000000000000000e+00 6.326858275919299501e+00
1.400000000000000000e+01 -8.336892977911340985e-01 9.010622649740666290e+00
1.500000000000000000e+01 -1.971424128351454541e-05 1.077245672220959136e+02
1.500000000000000000e+01 -5.622339226130926987e-03 3.870838060700726402e+01
1.500000000000000000e+01 -7.028044900283689222e-02 4.264880632421010453e+00
1.500000000000000000e+01 -1.139775119708399953e-02 2.847125807237635087e+01
1.500000000000000000e+01 -4.499715134579522491e-03 8.245368506392959773e+01
1.500000000000000000e+01 -5.859556921553336073e-01 1.079497824406130491e+01
1.500000000000000000e+01 -1.000000000000000000e+00 6.769865120862930574e+00
1.600000000000000000e+01 -2.328390716326569031e-05 1.077616023696448906e+02
1.600000000000000000e+01 -6.023866518396425729e-03 3.867146711486255128e+01
1.600000000000000000e+01 -7.550173873366877730e-02 4.266245121196387657e+00
1.600000000000000000e+01 -1.230140528023622969e-02 2.847044248189266469e+01
1.600000000000000000e+01 -4.654064467489693081e-03 8.249524267989019677e+01
1.600000000000000000e+01 -5.912629916413780773e-01 1.155537568752552069e+01
1.600000000000000000e+01 -1.000000000000000000e+00 7.211524787086933230e+00
1.700000000000000000e+01 -2.809943171951535796e-05 1.077734330598490828e+02
1.700000000000000000e+01 -6.431314611631140307e-03 3.863077662671520329e+01
1.700000000000000000e+01 -8.077721718349679947e-02 4.267591677035200703e+00
1.700000000000000000e+01 -1.323199619405300564e-02 2.846861545337382182e+01
1.700000000000000000e+01 -4.820512475145704787e-03 8.253037338346102558e+01
1.700000000000000000e+01 -5.957597704940631456e-01 1.233993131849513247e+01
1.700000000000000000e+01 -1.000000000000000000e+00 7.651705002520841958e+00
1.800000000000000000e+01 -3.439757113746393834e-05 1.077616871880997991e+02
1.800000000000000000e+01 -6.843982157566336037e-03 3.858639920262736922e+01
1.800000000000000000e+01 -8.610956877105641061e-02 4.268928158056805700e+00
1.800000000000000000e+01 -1.418889734064004288e-02 2.846578873161123013e+01
1.800000000000000000e+01 -4.997317968591785155e-03 8.256043756179923321e+01
1.800000000000000000e+01 -5.994068194130437455e-01 1.314351508136194724e+01
1.900000000000000000e+01 -4.244535278326588845e-05 1.077270976200408370e+02
1.900000000000000000e+01 -7.261140241959811691e-03 3.853838541174812349e+01
1.900000000000000000e+01 -9.150194119659287029e-02 4.270262558389689822e+00
1.900000000000000000e+01 -5.183097441457092461e-03 8.258644821469400199e+01
1.900000000000000000e+01 -1.517167315642503275e-02 2.846196001995141600e+01
2.000000000000000000e+01 -5.253871042178927822e-05 1.076697278142612504e+02
2.000000000000000000e+01 -7.682070209304040290e-03 3.848673912765340077e+01
2.000000000000000000e+01 -9.696188677278197443e-02 4.271430168764493551e+00
2.000000000000000000e+01 -5.376729359832939717e-03 8.260916673990034553e+01
2.000000000000000000e+01 -1.618013395639612828e-02 2.845709907098497382e+01
2.100000000000000000e+01 -6.500029085497512223e-05 1.075891303017315579e+02
2.100000000000000000e+01 -8.105902452923042720e-03 3.843148736812430855e+01
2.100000000000000000e+01 -1.024869160987648825e-01 4.272726810788481266e+00
2.100000000000000000e+01 -5.577323630189211928e-03 8.262918882306898638e+01
2.100000000000000000e+01 -1.721405249874071938e-02 2.845122059068789611e+01
2.200000000000000000e+01 -8.017560317976872987e-05 1.074844580017962841e+02
2.200000000000000000e+01 -8.531819752009140237e-03 3.837260777889523666e+01
2.200000000000000000e+01 -1.080830861079928040e-01 4.274079716876510560e+00
2.200000000000000000e+01 -5.784130222560109405e-03 8.264696429643353781e+01
2.200000000000000000e+01 -1.827353331985024851e-02 2.844429123763532985e+01
2.300000000000000000e+01 -9.856527616346505048e-05 1.073532950537890116e+02
2.300000000000000000e+01 -8.959399295053136272e-03 3.831028145293393550e+01
2.300000000000000000e+01 -1.138782967774229493e-01 4.275436566745404399e+00
2.300000000000000000e+01 -5.996745272440183634e-03 8.266282617062486793e+01
2.300000000000000000e+01 -1.936042521261656033e-02 2.843629137557688580e+01
2.400000000000000000e+01 -1.203342940705181570e-04 1.071963320062368155e+02
2.400000000000000000e+01 -9.386127217222220431e-03 3.824394853021671992e+01
2.400000000000000000e+01 -1.196424153213377778e-01 4.276786588795109978e+00
2.400000000000000000e+01 -6.214260643128119432e-03 8.267710126826824535e+01
2.400000000000000000e+01 -2.047439610503219015e-02 2.842724659478482607e+01
2.500000000000000000e+01 -1.459414446077319150e-04 1.070110439097800850e+02
2.500000000000000000e+01 -9.812316197407659410e-03 3.817390332872874836e+01
2.500000000000000000e+01 -6.436222245388008648e-03 8.268996858339410494e+01
2.500000000000000000e+01 -1.254994954990830136e-01 4.278247328766259017e+00
2.500000000000000000e+01 -2.161341160891470242e-02 2.841701238618378866e+01
2.600000000000000000e+01 -1.757704598976301299e-04 1.067956302814132528e+02
2.600000000000000000e+01 -1.023650744408637417e-02 3.810005822553057442e+01
2.600000000000000000e+01 -6.662525093688656530e-03 8.270161414336038774e+01
2.600000000000000000e+01 -1.314520417833789645e-01 4.279884512820497200e+00
2.600000000000000000e+01 -2.278013918413603067e-02 2.840559348323025191e+01
2.700000000000000000e+01 -2.101930317968171171e-04 1.065480192469773328e+02
2.700000000000000000e+01 -1.065801585273789404e-02 3.802233038574395607e+01
2.700000000000000000e+01 -6.893102624225004929e-03 8.271221779698289822e+01
2.700000000000000000e+01 -1.374934936074627134e-01 4.281580259974572478e+00
2.700000000000000000e+01 -2.397458565954933146e-02 2.839294656472126022e+01
2.800000000000000000e+01 -2.495043530112159096e-04 1.062665578559056598e+02
2.800000000000000000e+01 -1.107521342068390306e-02 3.794071487188843150e+01
2.800000000000000000e+01 -7.126968727119769795e-03 8.272180433645502262e+01
2.800000000000000000e+01 -1.436467519554419925e-01 4.283468746716583730e+00
2.800000000000000000e+01 -2.520030591043711382e-02 2.837901710832409208e+01
2.900000000000000000e+01 -2.939998270539863063e-04 1.059491145945106894e+02
2.900000000000000000e+01 -1.148729022211696267e-02 3.785506269459000350e+01
2.900000000000000000e+01 -7.364743478137977112e-03 8.273056555729858985e+01
2.900000000000000000e+01 -1.499072572943393467e-01 4.285268512683136244e+00
2.900000000000000000e+01 -2.645506390038119410e-02 2.836368525098927762e+01
3.000000000000000000e+01 -3.439201990560549513e-04 1.055936730415950819e+02
3.000000000000000000e+01 -1.189250074393706849e-02 3.776528704467342124e+01
3.000000000000000000e+01 -7.605627400566744058e-03 8.273848304381134255e+01
3.000000000000000000e+01 -1.562913342761992619e-01 4.287140954570562990e+00
3.000000000000000000e+01 -2.774341691318170725e-02 2.834692264090585567e+01
3.100000000000000000e+01 -3.994150437010439468e-04 1.051982734057806965e+02
3.100000000000000000e+01 -1.228979060040697076e-02 3.767132691811411860e+01
3.100000000000000000e+01 -7.849557759790333142e-03 8.274562869643241925e+01
3.100000000000000000e+01 -1.628011907537601777e-01 4.289107550181656237e+00
3.100000000000000000e+01 -2.906603989323846421e-02 2.832862693188065251e+01
3.200000000000000000e+01 -4.605589380956981991e-04 1.047610118302413866e+02
3.200000000000000000e+01 -1.267816930085841932e-02 3.757324823076501019e+01
3.200000000000000000e+01 -8.096298935549887596e-03 8.275204194338508046e+01
3.200000000000000000e+01 -1.694032362957766102e-01 4.292207756174988731e+00
3.200000000000000000e+01 -3.042444047390302844e-02 2.830884828409203280e+01
3.300000000000000000e+01 -5.273404099516829004e-04 1.042800867021654625e+02
3.300000000000000000e+01 -1.305557999457246897e-02 3.747065379540049435e+01
3.300000000000000000e+01 -8.345912455464957885e-03 8.275773234573493653e+01
3.300000000000000000e+01 -1.761771805893024845e-01 4.294589072276274955e+00
3.300000000000000000e+01 -3.182072115225234588e-02 2.828718878690387584e+01
3.400000000000000000e+01 -5.996451957303659385e-04 1.037538077653166511e+02
3.400000000000000000e+01 -1.342092720022604845e-02 3.736361346451671750e+01
3.400000000000000000e+01 -8.598208370403061934e-03 8.276270575651054173e+01
3.400000000000000000e+01 -1.831048926621765549e-01 4.296987744015098087e+00
3.400000000000000000e+01 -3.325694881239073947e-02 2.826363119539855617e+01
3.500000000000000000e+01 -6.772405712854573769e-04 1.031806998558564175e+02
3.500000000000000000e+01 -1.377231117338910057e-02 3.725197311808489786e+01
3.500000000000000000e+01 -8.853161583827543618e-03 8.276696587009078598e+01
3.500000000000000000e+01 -1.901911648308544367e-01 4.299504719715375067e+00
3.500000000000000000e+01 -3.473452024675652283e-02 2.823804816021390707e+01
3.600000000000000000e+01 -7.597706632367731173e-04 1.025594156870212572e+02
3.600000000000000000e+01 -1.410757686675141037e-02 3.713554218951837527e+01
3.600000000000000000e+01 -9.110664221631073825e-03 8.277050542717270787e+01
3.600000000000000000e+01 -1.974446144075079068e-01 4.302159274435236824e+00
3.600000000000000000e+01 -3.625483540894682694e-02 2.821029412104429923e+01
3.700000000000000000e+01 -8.467985922538334926e-04 1.018888803258846991e+02
3.700000000000000000e+01 -1.442505351649636149e-02 3.701432200780042336e+01
3.700000000000000000e+01 -9.370823391147344028e-03 8.277328831173039703e+01
3.700000000000000000e+01 -2.048760708531080221e-01 4.304961958094571273e+00
3.700000000000000000e+01 -3.782066382957029876e-02 2.818017676502936908e+01
3.800000000000000000e+01 -9.377332109183238781e-04 1.011681633083379523e+02
3.800000000000000000e+01 -1.472212773648622249e-02 3.688811615972998226e+01
3.800000000000000000e+01 -9.633595546206012716e-03 8.277528250378372832e+01
3.800000000000000000e+01 -2.124957806102877045e-01 4.307922933436408641e+00
3.800000000000000000e+01 -3.943352921013498075e-02 2.814751451521183157e+01
3.900000000000000000e+01 -1.031822735740423394e-03 1.003967340090841986e+02
3.900000000000000000e+01 -1.499584812375044478e-02 3.675671404241129636e+01
3.900000000000000000e+01 -9.898844556803143915e-03 8.277644293242703100e+01
3.900000000000000000e+01 -2.203147264738187783e-01 4.311052763359245255e+00
3.900000000000000000e+01 -4.109499576200228294e-02 2.811211005717390421e+01
4.000000000000000000e+01 -1.128373626041384971e-03 9.957419318427578503e+01
4.000000000000000000e+01 -1.524341304519597796e-02 3.662013170333853651e+01
4.000000000000000000e+01 -1.016710865970889624e-02 8.277671402795998290e+01
4.000000000000000000e+01 -2.283456985440653064e-01 4.314364189666584970e+00
4.000000000000000000e+01 -4.280815424470662406e-02 2.807371724840465887e+01
4.100000000000000000e+01 -1.238868864835686312e-03 9.852532723452247865e+01
4.100000000000000000e+01 -1.545192352462973311e-02 3.647184458139539487e+01
4.100000000000000000e+01 -1.043922466524786069e-02 8.277472767517274121e+01
4.100000000000000000e+01 -2.365534723144136486e-01 4.318882575860428119e+00
4.100000000000000000e+01 -4.458040733151152207e-02 2.803149687490705588e+01
4.200000000000000000e+01 -1.337876953746593633e-03 9.757363042982497348e+01
4.200000000000000000e+01 -1.563413121747500925e-02 3.632309694172757730e+01
4.200000000000000000e+01 -1.071391752442103079e-02 8.277260489296598678e+01
4.200000000000000000e+01 -2.450232475580438884e-01 4.322997814805010108e+00
4.200000000000000000e+01 -4.640400260275921729e-02 2.798622893160509051e+01
4.300000000000000000e+01 -1.435577270314229714e-03 9.656872295893171554e+01
4.300000000000000000e+01 -1.577884688757416956e-02 3.616856812514560460e+01
4.300000000000000000e+01 -1.099192514177030691e-02 8.276921059064083863e+01
4.300000000000000000e+01 -2.536475135598171837e-01 4.329100369655840552e+00
4.300000000000000000e+01 -4.828308481415149317e-02 2.793755929196791499e+01
4.400000000000000000e+01 -1.530685879787186407e-03 9.551124361475419278e+01
4.400000000000000000e+01 -1.588241260598349455e-02 3.600798697511572044e+01
4.400000000000000000e+01 -1.127452936516946946e-02 8.276427626962581030e+01
4.400000000000000000e+01 -2.625968139986448735e-01 4.334288466239870630e+00
4.400000000000000000e+01 -5.022502771851968667e-02 2.788429701766579427e+01
4.500000000000000000e+01 -1.621296125064320163e-03 9.440253052509432052e+01
4.500000000000000000e+01 -1.594034346529796253e-02 3.584121520395571991e+01
4.500000000000000000e+01 -1.156221558382677754e-02 8.275755425604285165e+01
4.500000000000000000e+01 -2.718411959141332490e-01 4.339484783752956432e+00
4.500000000000000000e+01 -5.223015969201392356e-02 2.782629924781750930e+01
4.600000000000000000e+01 -1.705395871816929587e-03 9.324052298254832749e+01
4.600000000000000000e+01 -1.594830872596365162e-02 3.566800816151040721e+01
4.600000000000000000e+01 -1.185622814786764685e-02 8.274860406699856696e+01
4.600000000000000000e+01 -2.813770139138501158e-01 4.345089363163603835e+00
4.600000000000000000e+01 -5.430034536882436674e-02 2.776315356385257260e+01
4.700000000000000000e+01 -1.780091969818577580e-03 9.203384426486411485e+01
4.700000000000000000e+01 -1.590273600115588160e-02 3.548854459004882500e+01
4.700000000000000000e+01 -1.215815082676633546e-02 8.273689815254577695e+01
4.700000000000000000e+01 -2.912285550504267739e-01 4.351020833990384418e+00
4.700000000000000000e+01 -5.643699295872632582e-02 2.769433770561036567e+01
4.800000000000000000e+01 -1.843661014160038938e-03 9.066262991838698326e+01
4.800000000000000000e+01 -1.579027402981223599e-02 3.529594364390615624e+01
4.800000000000000000e+01 -1.247297995996081779e-02 8.271935526387784421e+01
4.800000000000000000e+01 -3.014327933249821845e-01 4.356844982266281363e+00
4.800000000000000000e+01 -5.865148442806462914e-02 2.761766411726822668e+01
4.900000000000000000e+01 -1.887810575772357492e-03 8.935303658035874719e+01
4.900000000000000000e+01 -1.562334941930841950e-02 3.510223388779662912e+01
4.900000000000000000e+01 -1.279977571963834999e-02 8.269760365669107216e+01
4.900000000000000000e+01 -3.119027283058911082e-01 4.364631483025965153e+00
4.900000000000000000e+01 -6.092391282339516823e-02 2.753550662434923524e+01
5.000000000000000000e+01 -1.911596005140846297e-03 8.800739780507102239e+01
5.000000000000000000e+01 -1.539268453015674512e-02 3.490171417119268682e+01
5.000000000000000000e+01 -1.314285760323129736e-02 8.266645647049489298e+01
5.000000000000000000e+01 -3.227603538717703779e-01 4.372606399296040003e+00
5.000000000000000000e+01 -6.326364365385553357e-02 2.744537388855467697e+01
5.100000000000000000e+01 -1.922619615579914927e-03 8.663682729178883335e+01
5.100000000000000000e+01 -1.509682217669850411e-02 3.469437024458238028e+01
5.100000000000000000e+01 -1.349393710086503433e-02 8.261762570570147091e+01
5.100000000000000000e+01 -3.340105393256724842e-01 4.381111167921537763e+00
5.100000000000000000e+01 -6.566723748483542511e-02 2.734647279823312971e+01
5.200000000000000000e+01 -2.009239979309615943e-03 8.526672222962646686e+01
5.200000000000000000e+01 -1.473594418743987000e-02 3.448023758923929449e+01
5.200000000000000000e+01 -1.376414983321280587e-02 8.252888444600247908e+01
5.200000000000000000e+01 -3.456679614122648569e-01 4.390331266915604047e+00
5.200000000000000000e+01 -6.812915019396564853e-02 2.723781725495674522e+01
5.300000000000000000e+01 -2.844956393867689812e-03 8.396519982513741809e+01
5.300000000000000000e+01 -1.431098567893709407e-02 3.425957012086382747e+01
5.300000000000000000e+01 -1.327964594451909279e-02 8.233522148319573830e+01
5.300000000000000000e+01 -3.575919136368985174e-01 4.402807572539917835e+00
5.300000000000000000e+01 -7.063377287729666332e-02 2.711984718653630111e+01
5.400000000000000000e+01 -1.381880644156912273e-02 3.402490771178302253e+01
5.400000000000000000e+01 -8.232905767936450972e-03 8.168189937702689463e+01
5.400000000000000000e+01 -8.238233295499854808e-03 8.299853669561694858e+01
5.400000000000000000e+01 -3.701599208348366754e-01 4.412781684424161632e+00
5.400000000000000000e+01 -7.319810532501164202e-02 2.698499523164770508e+01
5.500000000000000000e+01 -5.092532073660914482e-03 8.027252365813762935e+01
5.500000000000000000e+01 -1.328467755488931153e-02 3.378940753126735785e+01
5.500000000000000000e+01 -1.171961909306920221e-02 8.284232699575025549e+01
5.500000000000000000e+01 -3.831487370906558887e-01 4.425071915917698107e+00
5.500000000000000000e+01 -7.577374171566902961e-02 2.683921982263931483e+01
5.600000000000000000e+01 -4.236561158890049354e-03 7.875129194591553983e+01
5.600000000000000000e+01 -1.271140943992750232e-02 3.354744954480305097e+01
5.600000000000000000e+01 -1.290856883375129244e-02 8.277364735549117825e+01
5.600000000000000000e+01 -3.965698641814412451e-01 4.439119590040850660e+00
5.600000000000000000e+01 -7.833172822156299342e-02 2.667857972093160868e+01
5.700000000000000000e+01 -3.897261192483102328e-03 7.719380695837162421e+01
5.700000000000000000e+01 -1.211920004796276235e-02 3.329931444736045876e+01
5.700000000000000000e+01 -1.357947721805825153e-02 8.272271624933044620e+01
5.700000000000000000e+01 -4.105583278743473175e-01 4.453942383944596628e+00
5.700000000000000000e+01 -8.086325667125394967e-02 2.650059680181930943e+01
5.800000000000000000e+01 -3.739319549123584774e-03 7.561695000655099363e+01
5.800000000000000000e+01 -1.152988071426700421e-02 3.304522237149473085e+01
5.800000000000000000e+01 -1.406707420022017610e-02 8.267777790471809851e+01
5.800000000000000000e+01 -4.251055660792035784e-01 4.470026248038591277e+00
5.800000000000000000e+01 -8.332185256076424240e-02 2.630362302022587784e+01
5.900000000000000000e+01 -3.658890064222914459e-03 7.396918047044327693e+01
5.900000000000000000e+01 -1.096190827259154246e-02 3.277879949089416556e+01
5.900000000000000000e+01 -1.447773244228773258e-02 8.263216466303848051e+01
5.900000000000000000e+01 -4.400271224182794594e-01 4.489749106996081096e+00
5.900000000000000000e+01 -8.565591791359665474e-02 2.608379283761974321e+01
6.000000000000000000e+01 -3.633052516067645978e-03 7.237532563489739346e+01
6.000000000000000000e+01 -1.047117477533744505e-02 3.251270108760601829e+01
6.000000000000000000e+01 -1.483721332864307123e-02 8.258694172525353849e+01
6.000000000000000000e+01 -4.557070572374280482e-01 4.509497733060555902e+00
6.000000000000000000e+01 -8.780770818278443857e-02 2.584219844125236065e+01
6.100000000000000000e+01 -3.640213159027018332e-03 7.078790711814801284e+01
6.100000000000000000e+01 -1.008989055783199307e-02 3.224183622622183520e+01
6.100000000000000000e+01 -1.517103321963685081e-02 8.253888082547081240e+01
6.100000000000000000e+01 -4.720082966878448305e-01 4.531227077271944736e+00
6.100000000000000000e+01 -8.970773744056058374e-02 2.557514690304278915e+01
6.200000000000000000e+01 -3.675380873748587598e-03 6.921488670020788447e+01
6.200000000000000000e+01 -9.865418744001441115e-03 3.196697460631085264e+01
6.200000000000000000e+01 -1.548796532227132705e-02 8.248685903736054570e+01
6.200000000000000000e+01 -4.889548391532027027e-01 4.555139265054421571e+00
6.200000000000000000e+01 -9.127391812041370234e-02 2.528039347077968202e+01
6.300000000000000000e+01 -3.738343735543641060e-03 6.766304670880954575e+01
6.300000000000000000e+01 -9.848159870344871253e-03 3.168891189770595318e+01
6.300000000000000000e+01 -1.579343878815021168e-02 8.242995772698621693e+01
6.300000000000000000e+01 -9.241678745754440538e-02 2.495559497222424739e+01
6.300000000000000000e+01 -5.065737138363691772e-01 4.581472438683844572e+00
6.400000000000000000e+01 -3.831757074826993431e-03 6.609377165521920006e+01
6.400000000000000000e+01 -1.009779602226885259e-02 3.140170053391621252e+01
6.400000000000000000e+01 -1.609175737905821357e-02 8.236512156225387571e+01
6.400000000000000000e+01 -9.299908177631582840e-02 2.459493703410405629e+01
6.400000000000000000e+01 -5.246264427012639064e-01 4.612701686179065064e+00
6.500000000000000000e+01 -3.959151765743788853e-03 6.460025911674425458e+01
6.500000000000000000e+01 -1.065712552562757612e-02 3.111943329918964452e+01
6.500000000000000000e+01 -1.638169657642002050e-02 8.229537270758332568e+01
6.500000000000000000e+01 -9.296992031905192133e-02 2.420234747604975922e+01
6.500000000000000000e+01 -5.435858675846704235e-01 4.645120929650188302e+00
6.600000000000000000e+01 -4.123352903039937366e-03 6.314713325823282020e+01
6.600000000000000000e+01 -1.157154603754318410e-02 3.083747034989995939e+01
6.600000000000000000e+01 -1.666526018405810328e-02 8.221800860107566677e+01
6.600000000000000000e+01 -9.219160557600289407e-02 2.377321055777638037e+01
6.600000000000000000e+01 -5.632510523468019503e-01 4.680875672496181750e+00
6.700000000000000000e+01 -4.332820470382103308e-03 6.171339482940374666e+01
6.700000000000000000e+01 -1.289373129540595346e-02 3.055288710598365043e+01
6.700000000000000000e+01 -1.694502801105831832e-02 8.213029811274323322e+01
6.700000000000000000e+01 -9.051047808333077815e-02 2.330249636509718414e+01
6.700000000000000000e+01 -5.834078446338935020e-01 4.722061199175588975e+00
6.800000000000000000e+01 -4.584980455797553998e-03 6.035696783340954141e+01
6.800000000000000000e+01 -1.460298724256040709e-02 3.027689049667548815e+01
6.800000000000000000e+01 -1.721893708224484995e-02 8.203466422951014181e+01
6.800000000000000000e+01 -8.790667181988161272e-02 2.279602632162835718e+01
6.800000000000000000e+01 -6.044407767992275859e-01 4.765822290247879955e+00
6.900000000000000000e+01 -4.883549421719634957e-03 5.905672179210281314e+01
6.900000000000000000e+01 -1.670466419524320803e-02 3.000681157117208286e+01
6.900000000000000000e+01 -1.748829605996308004e-02 8.192857986639278067e+01
6.900000000000000000e+01 -8.425367071371010763e-02 2.225116091966724596e+01
6.900000000000000000e+01 -6.261610650931641597e-01 4.813934364787970210e+00
7.000000000000000000e+01 -5.228270240333261244e-03 5.781613292952720684e+01
7.000000000000000000e+01 -1.916790782706563265e-02 2.974420172129935835e+01
7.000000000000000000e+01 -1.775267194758628139e-02 8.181096262245746686e+01
7.000000000000000000e+01 -7.946881441409173186e-02 2.166967818509995425e+01
7.000000000000000000e+01 -6.485176628102874430e-01 4.866717368847665703e+00
7.100000000000000000e+01 -5.622484034723059139e-03 5.662027155676576484e+01
7.100000000000000000e+01 -2.198006882630169911e-02 2.948622388026874930e+01
7.100000000000000000e+01 -1.801263258115175236e-02 8.167853793770855475e+01
7.100000000000000000e+01 -7.340429995571055855e-02 2.105037585335945849e+01
7.100000000000000000e+01 -6.712660783027686318e-01 4.925723245374263648e+00
7.200000000000000000e+01 -6.051982927736942845e-03 5.550453715321969383e+01
7.200000000000000000e+01 -2.500745151977546571e-02 2.924076475078771509e+01
7.200000000000000000e+01 -6.614599843890643649e-02 2.040586012515738190e+01
7.200000000000000000e+01 -1.826684423668278531e-02 8.153410650364084233e+01
7.200000000000000000e+01 -6.946380615559248906e-01 4.988927045544055083e+00
7.300000000000000000e+01 -6.514479797182649856e-03 5.445302703346726503e+01
7.300000000000000000e+01 -2.820778168827970181e-02 2.900417039540300124e+01
7.300000000000000000e+01 -5.758337783226098044e-02 1.973923407313684564e+01
7.300000000000000000e+01 -1.851558091197087405e-02 8.137477396110561756e+01
7.300000000000000000e+01 -7.183950798556613115e-01 5.057211606448138497e+00
7.400000000000000000e+01 -7.007225736538835736e-03 5.345852933790406070e+01
7.400000000000000000e+01 -3.153118185084549663e-02 2.877110310332685117e+01
7.400000000000000000e+01 -4.769522404557684919e-02 1.908119309941340092e+01
7.400000000000000000e+01 -1.875841392142639161e-02 8.119776644540023369e+01
7.400000000000000000e+01 -7.459607662796229333e-01 5.102443592107669623e+00
7.500000000000000000e+01 -7.510482538792417548e-03 5.253332038552765226e+01
7.500000000000000000e+01 -3.650115278299673194e-02 1.839677824726165767e+01
7.500000000000000000e+01 -3.488413492766406776e-02 2.854982942228701859e+01
7.500000000000000000e+01 -1.899522256605487569e-02 8.100501673352357557e+01
7.500000000000000000e+01 -7.706937018765148695e-01 5.174330001500733189e+00
7.600000000000000000e+01 -8.018981573862384374e-03 5.166833172035799038e+01
7.600000000000000000e+01 -2.398811045129713854e-02 1.771495001410571746e+01
7.600000000000000000e+01 -3.822378267711084437e-02 2.833485972363114769e+01
7.600000000000000000e+01 -1.922566592653702708e-02 8.079420963319958560e+01
7.600000000000000000e+01 -7.953532395437660218e-01 5.249564161051644362e+00
7.700000000000000000e+01 -1.025919830341278337e-02 1.704643420564114464e+01
7.700000000000000000e+01 -8.522897185306427953e-03 5.086078093797201660e+01
7.700000000000000000e+01 -4.150350413355493456e-02 2.812350411572371200e+01
7.700000000000000000e+01 -1.944953537380684355e-02 8.056451028926358049e+01
7.700000000000000000e+01 -8.195512783607704632e-01 5.327317032405532338e+00
7.800000000000000000e+01 4.623195388753872925e-03 1.639627413511221121e+01
7.800000000000000000e+01 -9.016422783488853288e-03 5.010272383333532531e+01
7.800000000000000000e+01 -4.471522868909627579e-02 2.791343531622817764e+01
7.800000000000000000e+01 -1.966666171562419380e-02 8.031334272102775174e+01
7.800000000000000000e+01 -8.427684601664710007e-01 5.407779348137621511e+00
7.900000000000000000e+01 2.037667555243077161e-02 1.577504905857778006e+01
7.900000000000000000e+01 -9.484609742812701721e-03 4.939990103988955639e+01
7.900000000000000000e+01 -4.779089851337049027e-02 2.770640852551524347e+01
7.900000000000000000e+01 -1.987674830096612666e-02 8.004395578748214746e+01
7.900000000000000000e+01 -8.651511711357439127e-01 5.488275323806274919e+00
8.000000000000000000e+01 3.681149972966628325e-02 1.518596427086928102e+01
8.000000000000000000e+01 -9.924067167525772726e-03 4.874358000155518056e+01
8.000000000000000000e+01 -5.073388189323061598e-02 2.749971203168855993e+01
8.000000000000000000e+01 -2.008001309018639033e-02 7.975448221105526159e+01
8.000000000000000000e+01 -8.861292287570576853e-01 5.569041004132572859e+00
8.100000000000000000e+01 5.366185529919952069e-02 1.463217735631337568e+01
8.100000000000000000e+01 -1.032949866733090874e-02 4.812970848385828049e+01
8.100000000000000000e+01 -5.353237758299868310e-02 2.729237791017832393e+01
8.100000000000000000e+01 -2.027662508866959201e-02 7.944510603405367988e+01
8.100000000000000000e+01 -9.054629874465854877e-01 5.649517606400427105e+00
8.200000000000000000e+01 7.065244068276037293e-02 1.411527476224728161e+01
8.200000000000000000e+01 -1.069705352760177454e-02 4.755421392549297366e+01
8.200000000000000000e+01 -5.617784438012005110e-02 2.708357810996362858e+01
8.200000000000000000e+01 -2.046688303208766407e-02 7.911629313430931632e+01
8.200000000000000000e+01 -9.229460128382337425e-01 5.729460263805000508e+00
8.300000000000000000e+01 8.753635948026249058e-02 1.363492108828796212e+01
8.300000000000000000e+01 -1.102381969608117081e-02 4.701270141949650139e+01
8.300000000000000000e+01 -5.866804649680599365e-02 2.687239361632333967e+01
8.300000000000000000e+01 -2.065090689172246335e-02 7.876852840972320280e+01
8.300000000000000000e+01 -9.384669103097382781e-01 5.808797389715741666e+00
8.400000000000000000e+01 1.040520677796847870e-01 1.319132195488837489e+01
8.400000000000000000e+01 -1.130918575247443457e-02 4.650213602387987066e+01
8.400000000000000000e+01 -6.099101345627686716e-02 2.665886330274808458e+01
8.400000000000000000e+01 -2.082996961777687506e-02 7.840357353684356667e+01
8.400000000000000000e+01 -9.519652164790415316e-01 5.887732068066157787e+00
8.500000000000000000e+01 1.200267777751771042e-01 1.278235067319184459e+01
8.500000000000000000e+01 -1.155224146488833571e-02 4.601846737733621495e+01
8.500000000000000000e+01 -2.100449444926650797e-02 7.802258403613761573e+01
8.500000000000000000e+01 -6.314760561778179349e-02 2.644240663228583799e+01
8.500000000000000000e+01 -9.634987684052624957e-01 5.966497425258830312e+00
8.600000000000000000e+01 1.353255067369093789e-01 1.240587334847176670e+01
8.600000000000000000e+01 -1.175306099744868361e-02 4.555818670537622239e+01
8.600000000000000000e+01 -2.117539844845205133e-02 7.762722938962160413e+01
8.600000000000000000e+01 -6.513724643895332789e-02 2.622282056276592499e+01
8.600000000000000000e+01 -9.732143942850804974e-01 6.045378634320732303e+00
8.700000000000000000e+01 1.498379153307733413e-01 1.205980345621046368e+01
8.700000000000000000e+01 -1.191246071244147532e-02 4.511821532850945715e+01
8.700000000000000000e+01 -2.134346267939164071e-02 7.721930726581136639e+01
8.700000000000000000e+01 -6.695597074535306059e-02 2.599991711730187660e+01
8.700000000000000000e+01 -9.811853218821108280e-01 6.124839284427435082e+00
8.800000000000000000e+01 1.635102140659594194e-01 1.174174690428655943e+01
8.800000000000000000e+01 -1.203117518956610572e-02 4.469558767518010711e+01
8.800000000000000000e+01 -2.150975091689611221e-02 7.680082045924733336e+01
8.800000000000000000e+01 -6.860366657061471585e-02 2.577371361284600937e+01
8.800000000000000000e+01 -9.876383825998888977e-01 6.205122068040479277e+00
8.900000000000000000e+01 1.763144468865527059e-01 1.144943805234300171e+01
8.900000000000000000e+01 -1.211013783456122914e-02 4.428763964681380116e+01
8.900000000000000000e+01 -2.167527446496415530e-02 7.637381335627866008e+01
8.900000000000000000e+01 -7.007918377770178120e-02 2.554425684424637666e+01
8.900000000000000000e+01 -9.927796165762078351e-01 6.286469399213866716e+00
9.000000000000000000e+01 1.882462604614638102e-01 1.118071512106088505e+01
9.000000000000000000e+01 -1.215022145447102950e-02 4.389196485505892298e+01
9.000000000000000000e+01 -2.184103592637858318e-02 7.594034514849417405e+01
9.000000000000000000e+01 -7.138133910275783200e-02 2.531165923105946192e+01
9.000000000000000000e+01 -9.968184426727563219e-01 6.369056127722520166e+00
