1.000000000000000000e+01 1.824780526670309166e-04 5.402682000000000873e-01 3.514831791434000745e-03
1.100000000000000000e+01 2.215339656072498880e-04 5.402621000000000784e-01 4.262617577313904810e-03
1.200000000000000000e+01 2.646059202962771782e-04 5.402539000000000646e-01 5.085489082176868070e-03
1.300000000000000000e+01 3.117769694886095549e-04 5.402434000000001513e-01 5.984514423195027438e-03
1.400000000000000000e+01 3.633965977330617654e-04 5.402300000000000990e-01 6.965797675182717162e-03
1.500000000000000000e+01 4.191400826640737489e-04 5.402133000000001184e-01 8.022482436335069689e-03
1.600000000000000000e+01 4.792952606733181338e-04 5.401927000000000811e-01 9.159368220025557866e-03
1.700000000000000000e+01 5.440291916782094561e-04 5.401675000000001337e-01 1.037887159483691195e-02
1.800000000000000000e+01 6.133990561011275818e-04 5.401372000000000950e-01 1.168123590166728933e-02
1.900000000000000000e+01 6.875765966307887918e-04 5.401009000000001059e-01 1.306881537860032395e-02
2.000000000000000000e+01 7.667091002789542696e-04 5.400579000000000907e-01 1.454341479059706628e-02
2.100000000000000000e+01 8.509584743335788914e-04 5.400072000000001315e-01 1.610701838342464345e-02
2.200000000000000000e+01 9.404927179558375972e-04 5.399480000000000945e-01 1.776164012475900736e-02
2.300000000000000000e+01 1.035493615711039622e-03 5.398791000000000562e-01 1.950946349311252423e-02
2.400000000000000000e+01 1.136154437025633677e-03 5.397995000000000987e-01 2.135275147488916239e-02
2.500000000000000000e+01 1.242676722675050945e-03 5.397078000000000708e-01 2.329385674652099947e-02
2.600000000000000000e+01 1.355280570446146639e-03 5.396028000000001601e-01 2.533532127265410161e-02
2.700000000000000000e+01 1.474188568008658962e-03 5.394829000000000985e-01 2.747959676393415054e-02
2.800000000000000000e+01 1.599648221946667163e-03 5.393466000000001204e-01 2.972953417400027443e-02
2.900000000000000000e+01 1.731907037290526764e-03 5.391922000000001214e-01 3.208778418210383315e-02
3.000000000000000000e+01 1.879322094222138665e-03 5.390072000000001307e-01 3.470078009421869586e-02
3.100000000000000000e+01 2.027437396523091261e-03 5.388081000000001231e-01 3.730889266587417846e-02
3.200000000000000000e+01 2.183393693148532547e-03 5.385842000000000684e-01 4.003744993686823850e-02
3.300000000000000000e+01 2.347553870898176978e-03 5.383331000000001199e-01 4.289039832359970578e-02
3.400000000000000000e+01 2.520215248673890202e-03 5.380521000000001441e-01 4.587041593585594601e-02
3.500000000000000000e+01 2.701759122089916493e-03 5.377384000000000608e-01 4.898145823899417023e-02
3.600000000000000000e+01 2.892564408080050466e-03 5.373889000000000582e-01 5.222723047994646400e-02
3.700000000000000000e+01 3.096961906094803426e-03 5.369924000000001474e-01 5.567789215333129177e-02
3.800000000000000000e+01 3.308184564526004973e-03 5.365591000000000665e-01 5.921558589985068122e-02
3.900000000000000000e+01 3.529970326013663878e-03 5.360790000000000832e-01 6.290040845118433088e-02
4.000000000000000000e+01 3.762753575448141152e-03 5.355477000000000709e-01 6.673607216103533135e-02
4.100000000000000000e+01 4.006977892479062116e-03 5.349608000000001251e-01 7.072620879144221606e-02
4.200000000000000000e+01 4.263101212976557440e-03 5.343137000000001136e-01 7.487443933834239673e-02
4.300000000000000000e+01 4.531566413665270333e-03 5.336012000000001088e-01 7.918389491444015327e-02
4.400000000000000000e+01 4.812827935011421143e-03 5.328179000000000665e-01 8.365765595779241226e-02
4.500000000000000000e+01 5.107335577437401887e-03 5.319583000000001061e-01 8.829849272420325912e-02
4.600000000000000000e+01 5.419071968919186334e-03 5.310052000000000660e-01 9.316354508724004890e-02
4.700000000000000000e+01 5.741946273763136668e-03 5.299722000000001154e-01 9.815344563703137792e-02
4.800000000000000000e+01 6.079366706769854557e-03 5.288438000000000860e-01 1.033164220958137924e-01
4.900000000000000000e+01 6.431745129147495646e-03 5.276131000000000570e-01 1.086537947177995955e-01
5.000000000000000000e+01 6.799433783519922246e-03 5.262731000000001602e-01 1.141658053995450867e-01
5.100000000000000000e+01 7.182733471637554705e-03 5.248164000000000717e-01 1.198517374160563143e-01
5.200000000000000000e+01 7.581896036216127614e-03 5.232360000000001454e-01 1.257100755102968370e-01
5.300000000000000000e+01 7.997123462170099145e-03 5.215243000000001627e-01 1.317385059402899905e-01
5.400000000000000000e+01 8.428547781855831589e-03 5.196741000000001387e-01 1.379336171205368666e-01
5.500000000000000000e+01 8.876219790557847780e-03 5.176779000000001352e-01 1.442909002134123708e-01
5.600000000000000000e+01 9.342489643981006370e-03 5.155173000000000672e-01 1.508386710271013842e-01
5.700000000000000000e+01 9.822605132801382616e-03 5.132074000000000913e-01 1.575036778841450158e-01
5.800000000000000000e+01 1.031858699290674405e-02 5.107312000000001628e-01 1.643101482302706529e-01
5.900000000000000000e+01 1.083011251559568185e-02 5.080829000000001150e-01 1.712488863523414784e-01
6.000000000000000000e+01 1.135675824109697550e-02 5.052571000000001256e-01 1.783095001705453375e-01
6.100000000000000000e+01 1.189801166483832329e-02 5.022489000000001091e-01 1.854807010365989439e-01
6.200000000000000000e+01 1.245325501892584341e-02 4.990544000000001201e-01 1.927502044464899922e-01
6.300000000000000000e+01 1.302177525843941329e-02 4.956704000000001220e-01 2.001047295171174967e-01
6.400000000000000000e+01 1.360276977592419709e-02 4.920944000000000984e-01 2.075302990985118390e-01
6.500000000000000000e+01 1.419536062265208676e-02 4.883251000000001230e-01 2.150123391657645655e-01
6.600000000000000000e+01 1.479861020940857232e-02 4.843619000000001229e-01 2.225359784078889680e-01
6.700000000000000000e+01 1.541248030697489613e-02 4.802023000000001374e-01 2.300907044187605055e-01
6.800000000000000000e+01 1.603406295237825782e-02 4.758532000000000872e-01 2.376517354268454507e-01
6.900000000000000000e+01 1.666316093069365734e-02 4.713140000000001217e-01 2.452080666719341495e-01
7.000000000000000000e+01 1.729870107953781003e-02 4.665880000000001138e-01 2.527449340853631377e-01
7.100000000000000000e+01 1.793906209742066049e-02 4.616833000000001297e-01 2.602409932677385851e-01
7.200000000000000000e+01 1.858440513408002315e-02 4.565941000000001138e-01 2.676976376948451697e-01
7.300000000000000000e+01 1.923291506079907731e-02 4.513317000000001133e-01 2.750918307923553852e-01
7.400000000000000000e+01 1.988355699666182960e-02 4.459020000000001316e-01 2.824106089555818988e-01
7.500000000000000000e+01 2.053534416174244287e-02 4.403112000000001247e-01 2.896419072940827899e-01
7.600000000000000000e+01 2.118733963391633904e-02 4.345660000000001189e-01 2.967744594023560278e-01
7.700000000000000000e+01 2.183899606909608243e-02 4.286704000000001180e-01 3.038011842218333314e-01
7.800000000000000000e+01 2.248906040423119534e-02 4.226345000000001351e-01 3.107089293077991976e-01
7.900000000000000000e+01 2.313672491078979168e-02 4.164670000000000871e-01 3.174878234052868620e-01
8.000000000000000000e+01 2.378071063502896695e-02 4.101815000000000877e-01 3.241239143285778446e-01
8.100000000000000000e+01 2.442177252546618924e-02 4.037711000000001049e-01 3.306254739029687029e-01
8.200000000000000000e+01 2.505867924845280037e-02 3.972499000000001002e-01 3.369792484077196448e-01
8.300000000000000000e+01 2.569092174136864554e-02 3.906253000000001196e-01 3.431799572482384098e-01
8.400000000000000000e+01 2.631805701791536251e-02 3.839046000000000958e-01 3.492232176021307644e-01
8.500000000000000000e+01 2.693967153294698005e-02 3.770951000000001274e-01 3.551048453785261572e-01
8.600000000000000000e+01 2.755543551568525804e-02 3.702038000000000828e-01 3.608218537429408457e-01
8.700000000000000000e+01 2.816504540016780828e-02 3.632378000000000551e-01 3.663713546247893138e-01
8.800000000000000000e+01 2.876825970223588838e-02 3.562037000000000675e-01 3.717513579350281150e-01
8.900000000000000000e+01 2.936488084059254294e-02 3.491081000000000323e-01 3.769602718327006441e-01
9.000000000000000000e+01 2.995422634203972687e-02 3.419651000000000773e-01 3.819917233016972280e-01
