1.000000000000000000e+01 -1.328980829278590959e-05 1.070102634881853021e+02
1.000000000000000000e+01 -3.729520520625152422e-03 3.882754929740381300e+01
1.000000000000000000e+01 -4.493401944457468128e-02 4.257370069283670233e+00
1.000000000000000000e+01 -7.328334273377889486e-03 2.845731634255680831e+01
1.000000000000000000e+01 -4.018461938126802017e-03 8.204867907332175037e+01
1.000000000000000000e+01 -6.014340102923335651e-01 7.415373420193430931e+00
1.000000000000000000e+01 -1.000000000000000000e+00 4.542579074946040407e+00
1.000000000000000000e+01 -8.874603024314765554e-01 6.038160300028120098e+00
1.000000000000000000e+01 -1.000000000000000000e+00 5.883313407647924542e+00
1.000000000000000000e+01 -1.000000000000000000e+00 6.577326896595644179e+00
1.000000000000000000e+01 -8.968465807126392297e-01 8.512422013603174520e+00
1.100000000000000000e+01 -1.233473957747404679e-05 1.072812673139487174e+02
1.100000000000000000e+01 -4.090187934049462244e-03 3.881443723928046552e+01
1.100000000000000000e+01 -4.990937162954962869e-02 4.258962310183004085e+00
1.100000000000000000e+01 -8.076659891875049430e-03 2.846307559385477859e+01
1.100000000000000000e+01 -4.060697858224029434e-03 8.217202441240202404e+01
1.100000000000000000e+01 -6.032907239576444924e-01 8.209359231597307627e+00
1.100000000000000000e+01 -1.000000000000000000e+00 4.989354973650494962e+00
1.100000000000000000e+01 -8.900479421707202521e-01 6.693892254202992831e+00
1.100000000000000000e+01 -1.000000000000000000e+00 6.470279470102554775e+00
1.100000000000000000e+01 -1.000000000000000000e+00 7.269012756655990337e+00
1.200000000000000000e+01 -1.156201857854001300e-05 1.074884610786318717e+02
1.200000000000000000e+01 -4.460464664378483574e-03 3.879551612542539374e+01
1.200000000000000000e+01 -5.493265279148443203e-02 4.260487830367346795e+00
1.200000000000000000e+01 -8.860042070355867230e-03 2.846712484630682383e+01
1.200000000000000000e+01 -4.136083107904619735e-03 8.226727000625960784e+01
1.200000000000000000e+01 -1.000000000000000000e+00 5.434907318478011007e+00
1.200000000000000000e+01 -6.057627727728495115e-01 9.018477803089037792e+00
1.200000000000000000e+01 -8.931027676381383396e-01 7.357037372466042058e+00
1.200000000000000000e+01 -1.000000000000000000e+00 7.054664606153457029e+00
1.200000000000000000e+01 -1.000000000000000000e+00 7.955435565038698087e+00
1.300000000000000000e+01 -1.094265321094387312e-05 1.076500073442428231e+02
1.300000000000000000e+01 -4.839488691079234933e-03 3.877166843965000709e+01
1.300000000000000000e+01 -6.000504675873808563e-02 4.261941108707619996e+00
1.300000000000000000e+01 -9.675833843375256788e-03 2.846975542922358215e+01
1.300000000000000000e+01 -4.237575802244272251e-03 8.234255378764278532e+01
1.300000000000000000e+01 -1.000000000000000000e+00 5.879245287962257649e+00
1.300000000000000000e+01 -6.090482177099109107e-01 9.842106292895664410e+00
1.300000000000000000e+01 -8.965320837372428020e-01 8.023199570740409570e+00
1.300000000000000000e+01 -1.000000000000000000e+00 7.632590737628720312e+00
1.400000000000000000e+01 -1.045842130725635367e-05 1.077779893926260399e+02
1.400000000000000000e+01 -5.226507098849245657e-03 3.874345588571402033e+01
1.400000000000000000e+01 -6.512748665370519940e-02 4.263330306651802459e+00
1.400000000000000000e+01 -1.052215263653444831e-02 2.847114862951161385e+01
1.400000000000000000e+01 -4.360007837504327119e-03 8.240327608942135384e+01
1.400000000000000000e+01 -1.000000000000000000e+00 6.321603225924879332e+00
1.400000000000000000e+01 -6.141678473129417171e-01 1.071865878282341633e+01
1.400000000000000000e+01 -8.999510474004968064e-01 8.689390497636972910e+00
1.500000000000000000e+01 -1.009955044632269908e-05 1.078806774542615585e+02
1.500000000000000000e+01 -5.620831165845969514e-03 3.871127345697381372e+01
1.500000000000000000e+01 -7.030112918826239565e-02 4.264668880413038821e+00
1.500000000000000000e+01 -1.139745091003642637e-02 2.847143066708995107e+01
1.500000000000000000e+01 -4.499672415138576860e-03 8.245314076493694699e+01
1.500000000000000000e+01 -1.000000000000000000e+00 6.763552027275901324e+00
1.500000000000000000e+01 -6.192296591463124500e-01 1.155826268733903461e+01
1.600000000000000000e+01 -9.862905873423568636e-06 1.079638687137606752e+02
1.600000000000000000e+01 -6.021850159967974229e-03 3.867536703331339965e+01
1.600000000000000000e+01 -7.552765610596050283e-02 4.265968795454742946e+00
1.600000000000000000e+01 -1.230075649465100368e-02 2.847066559751471004e+01
1.600000000000000000e+01 -4.653622489453756658e-03 8.249474136318065121e+01
1.600000000000000000e+01 -1.000000000000000000e+00 7.204017071844492470e+00
1.600000000000000000e+01 -6.248828344081971409e-01 1.239982300967738738e+01
1.700000000000000000e+01 -9.751144264679849992e-06 1.080317088458481436e+02
1.700000000000000000e+01 -6.428977673626948275e-03 3.863591110590275690e+01
1.700000000000000000e+01 -8.080931272428877599e-02 4.267240009759212249e+00
1.700000000000000000e+01 -1.323127240869275377e-02 2.846889032949695064e+01
1.700000000000000000e+01 -4.819640191908689496e-03 8.252994400512406514e+01
1.700000000000000000e+01 -1.000000000000000000e+00 7.643102186729737291e+00
1.800000000000000000e+01 -9.772088061630801315e-06 1.080872112645451466e+02
1.800000000000000000e+01 -6.841580703983256989e-03 3.859302436305739548e+01
1.800000000000000000e+01 -8.614890412809399212e-02 4.268489963346732807e+00
1.800000000000000000e+01 -1.418836288605141403e-02 2.846611866733154272e+01
1.800000000000000000e+01 -4.995982216454794567e-03 8.256011613324456277e+01
1.900000000000000000e+01 -9.938426986868502541e-06 1.081325944017349201e+02
1.900000000000000000e+01 -7.258984947072624760e-03 3.854678790400423338e+01
1.900000000000000000e+01 -9.154968171863958615e-02 4.269727740391357607e+00
1.900000000000000000e+01 -5.181264332964672856e-03 8.258627829886739846e+01
1.900000000000000000e+01 -1.517152536827019726e-02 2.846235021931544651e+01
2.000000000000000000e+01 -1.026759886142879832e-05 1.081695064803934230e+02
2.000000000000000000e+01 -7.680444885043236428e-03 3.849725673107049317e+01
2.000000000000000000e+01 -9.701538101166468087e-02 4.270958944064065399e+00
2.000000000000000000e+01 -5.374372641507940175e-03 8.260920422856220569e+01
2.000000000000000000e+01 -1.618038164651386043e-02 2.845757525291204004e+01
2.100000000000000000e+01 -1.078187103316523443e-05 1.081991776763872366e+02
2.100000000000000000e+01 -8.105136385875639365e-03 3.844446836173465698e+01
2.100000000000000000e+01 -1.025500771573111397e-01 4.272191423272335697e+00
2.100000000000000000e+01 -5.574401311917775124e-03 8.262948924791278671e+01
2.100000000000000000e+01 -1.721469792283828945e-02 2.845177891702668660e+01
2.200000000000000000e+01 -1.150849911411508973e-05 1.082225260195759944e+02
2.200000000000000000e+01 -8.532156803745371415e-03 3.838844885340748903e+01
2.200000000000000000e+01 -1.081582128162343892e-01 4.273431864570613747e+00
2.200000000000000000e+01 -5.780605259451107591e-03 8.264759723335920683e+01
2.200000000000000000e+01 -1.827441796053277598e-02 2.844494260377065942e+01
2.300000000000000000e+01 -1.248000311574174370e-05 1.082402316611093909e+02
2.300000000000000000e+01 -8.960535837773597398e-03 3.832921720306490698e+01
2.300000000000000000e+01 -1.138445427322875431e-01 4.274687404035907967e+00
2.300000000000000000e+01 -5.992365578692825795e-03 8.266389383638392019e+01
2.300000000000000000e+01 -1.935969726868647448e-02 2.843704446287044973e+01
2.400000000000000000e+01 -1.373453933627257005e-05 1.082527899370201396e+02
2.400000000000000000e+01 -9.389217975150465634e-03 3.826678902829564066e+01
2.400000000000000000e+01 -1.196141613575947699e-01 4.275964332184269523e+00
2.400000000000000000e+01 -6.209141054660357456e-03 8.267867255276324556e+01
2.400000000000000000e+01 -2.047093554146266203e-02 2.842805665600387499e+01
2.500000000000000000e+01 -1.531625452525291504e-05 1.082605496857583205e+02
2.500000000000000000e+01 -9.817232218681701608e-03 3.820117521454486820e+01
2.500000000000000000e+01 -6.430546164698323214e-03 8.269216233109435166e+01
2.500000000000000000e+01 -1.254723870125835361e-01 4.277270804922050473e+00
2.500000000000000000e+01 -2.160873208777146226e-02 2.841795271449794669e+01
2.600000000000000000e+01 -1.727590597982264669e-05 1.082637409814845455e+02
2.600000000000000000e+01 -1.024344540706546326e-02 3.813238918826485246e+01
2.600000000000000000e+01 -6.656165367040564086e-03 8.270455581422086766e+01
2.600000000000000000e+01 -1.314249022565010805e-01 4.278613157851303583e+00
2.600000000000000000e+01 -2.277397710954724708e-02 2.840669239253512401e+01
2.700000000000000000e+01 -1.967126569435615648e-05 1.082624962372060224e+02
2.700000000000000000e+01 -1.066679328126097712e-02 3.806044257998424740e+01
2.700000000000000000e+01 -6.885684028652144448e-03 8.271600732756418495e+01
2.700000000000000000e+01 -1.374776799629726654e-01 4.279998629197224069e+00
2.700000000000000000e+01 -2.396773877969381530e-02 2.839423088202281065e+01
2.800000000000000000e+01 -2.256783805275599524e-05 1.082568643822863805e+02
2.800000000000000000e+01 -1.108620585901549070e-02 3.798534753183455592e+01
2.800000000000000000e+01 -7.118820233099428310e-03 8.272664418497959105e+01
2.800000000000000000e+01 -1.436370655950129083e-01 4.281432723440568466e+00
2.800000000000000000e+01 -2.519124898877615759e-02 2.838051384080797845e+01
2.900000000000000000e+01 -2.603952476974239966e-05 1.082468224891873803e+02
2.900000000000000000e+01 -1.150059134740097355e-02 3.790711544617902717e+01
2.900000000000000000e+01 -7.355326133865695143e-03 8.273657346351762953e+01
2.900000000000000000e+01 -1.499100207499864945e-01 4.282914179013076250e+00
2.900000000000000000e+01 -2.644583914232849151e-02 2.836547587528045966e+01
3.000000000000000000e+01 -3.016911837296944854e-05 1.082322837078196045e+02
3.000000000000000000e+01 -1.190891796124938368e-02 3.782575882615828533e+01
3.000000000000000000e+01 -7.594995014658870690e-03 8.274587820440589780e+01
3.000000000000000000e+01 -1.563032077503854755e-01 4.284459127369462550e+00
3.000000000000000000e+01 -2.773302592101615366e-02 2.834904619975008799e+01
3.100000000000000000e+01 -3.504935279592059287e-05 1.082131031113916890e+02
3.100000000000000000e+01 -1.231006312206227478e-02 3.774128922357258631e+01
3.100000000000000000e+01 -7.837629630971518560e-03 8.275463380478167608e+01
3.100000000000000000e+01 -1.628241637920878060e-01 4.286071440395798682e+00
3.100000000000000000e+01 -2.905427651995107913e-02 2.833113979431590224e+01
3.200000000000000000e+01 -4.078358741087184864e-05 1.081890816994267368e+02
3.200000000000000000e+01 -1.270285515326172350e-02 3.765371705130786495e+01
3.200000000000000000e+01 -8.083064857726578178e-03 8.276290274722329343e+01
3.200000000000000000e+01 -1.694818071528846337e-01 4.287732669390170948e+00
3.200000000000000000e+01 -3.041110794564171396e-02 2.831165933404733792e+01
3.300000000000000000e+01 -4.748616598996573579e-05 1.081599689524699102e+02
3.300000000000000000e+01 -1.308613492146378822e-02 3.756305642533802569e+01
3.300000000000000000e+01 -8.331146935894914729e-03 8.277073300398242850e+01
3.300000000000000000e+01 -1.762827936667804296e-01 4.289490019485616479e+00
3.300000000000000000e+01 -3.180509205520543059e-02 2.829050824072476544e+01
3.400000000000000000e+01 -5.528393025037665399e-05 1.081254650520316289e+02
3.400000000000000000e+01 -1.345856441452317719e-02 3.746931905896824588e+01
3.400000000000000000e+01 -8.581742188776313868e-03 8.277816994852599919e+01
3.400000000000000000e+01 -1.832370306174528896e-01 4.291324454110787556e+00
3.400000000000000000e+01 -3.323775754087049394e-02 2.826756889487523594e+01
3.500000000000000000e+01 -6.431636123242496627e-05 1.080852214524447419e+02
3.500000000000000000e+01 -1.381871037990413387e-02 3.737251999187403584e+01
3.500000000000000000e+01 -8.834729231984030443e-03 8.278524997663154750e+01
3.500000000000000000e+01 -1.903540509574217499e-01 4.293240976076059034e+00
3.500000000000000000e+01 -3.471065172890221845e-02 2.824271873846271674e+01
3.600000000000000000e+01 -7.473669454171508566e-05 1.080388403185798580e+02
3.600000000000000000e+01 -1.416499376874649600e-02 3.727267794147893909e+01
3.600000000000000000e+01 -9.089999765478092020e-03 8.279200403212107062e+01
3.600000000000000000e+01 -1.976438050432826887e-01 4.295248707672575605e+00
3.600000000000000000e+01 -3.622532770449566480e-02 2.821582562250530302e+01
3.700000000000000000e+01 -8.671245176982656454e-05 1.079858748701575593e+02
3.700000000000000000e+01 -1.449567674950597018e-02 3.716981655223131753e+01
3.700000000000000000e+01 -9.347456633773546311e-03 8.279845842609610429e+01
3.700000000000000000e+01 -2.051169905080068023e-01 4.297355064190657714e+00
3.700000000000000000e+01 -3.778336135283570651e-02 2.818674643634500043e+01
3.800000000000000000e+01 -1.004259806878371187e-04 1.079258283320520491e+02
3.800000000000000000e+01 -1.480885751847746054e-02 3.706396595473467670e+01
3.800000000000000000e+01 -9.607011899660835783e-03 8.280463516531764867e+01
3.800000000000000000e+01 -2.127850723578561531e-01 4.299566851263073808e+00
3.800000000000000000e+01 -3.938635752814531599e-02 2.815532670069580234e+01
3.900000000000000000e+01 -1.160749420726429182e-04 1.078581525966110490e+02
3.900000000000000000e+01 -1.510247106992798800e-02 3.695516481935250397e+01
3.900000000000000000e+01 -9.868586235737964243e-03 8.281055274207103878e+01
3.900000000000000000e+01 -2.206603096538001241e-01 4.301891420007719624e+00
3.900000000000000000e+01 -4.103595642339683686e-02 2.812139961803751831e+01
4.000000000000000000e+01 -1.338725467700264667e-04 1.077822469300380419e+02
4.000000000000000000e+01 -1.537430238457503616e-02 3.684346231211110023e+01
4.000000000000000000e+01 -1.013210901860185989e-02 8.281622663216001001e+01
4.000000000000000000e+01 -2.287558327873011055e-01 4.304336649151720096e+00
4.000000000000000000e+01 -4.273383533494999609e-02 2.808478460720280623e+01
4.100000000000000000e+01 -1.540474715034311989e-04 1.076974564079094137e+02
4.100000000000000000e+01 -1.562208290400817108e-02 3.672891479882152765e+01
4.100000000000000000e+01 -1.039751100512101116e-02 8.282167172939604427e+01
4.100000000000000000e+01 -2.370792498788707736e-01 4.307018215702120401e+00
4.100000000000000000e+01 -4.448158407839367112e-02 2.804530734777198120e+01
4.200000000000000000e+01 -1.768542501777656002e-04 1.076030705771678413e+02
4.200000000000000000e+01 -1.584251192167828240e-02 3.661202644236707471e+01
4.200000000000000000e+01 -1.066386545317326608e-02 8.282676233196752946e+01
4.200000000000000000e+01 -2.456977700056064695e-01 4.309688198367930489e+00
4.200000000000000000e+01 -4.628052165183623584e-02 2.800285232078399744e+01
4.300000000000000000e+01 -2.028283935714382470e-04 1.074969596451493032e+02
4.300000000000000000e+01 -1.603537883635758332e-02 3.649224241899248256e+01
4.300000000000000000e+01 -1.093514169746055004e-02 8.283191327922759228e+01
4.300000000000000000e+01 -2.547551867636548839e-01 4.312704794032555355e+00
4.300000000000000000e+01 -4.812976787682980012e-02 2.795704391083602047e+01
4.400000000000000000e+01 -2.317196243009848726e-04 1.073807790260431148e+02
4.400000000000000000e+01 -1.619632262155025135e-02 3.636962045314290037e+01
4.400000000000000000e+01 -1.120544740414270400e-02 8.283667671912881758e+01
4.400000000000000000e+01 -2.638850354817304789e-01 4.315729171728386326e+00
4.400000000000000000e+01 -5.004265496353568765e-02 2.790772596667353866e+01
4.500000000000000000e+01 -2.640677903242471180e-04 1.072524887781944045e+02
4.500000000000000000e+01 -1.632277397113872722e-02 3.624446331778224106e+01
4.500000000000000000e+01 -1.147725637302946487e-02 8.284123195982839150e+01
4.500000000000000000e+01 -2.733336475389184783e-01 4.318927746444282789e+00
4.500000000000000000e+01 -5.200884454047913219e-02 2.785448632747905151e+01
4.600000000000000000e+01 -3.001540435445502488e-04 1.071111197179881316e+02
4.600000000000000000e+01 -1.641321420732329631e-02 3.611708663055187429e+01
4.600000000000000000e+01 -1.175105964892287150e-02 8.284560235390041782e+01
4.600000000000000000e+01 -2.831078234269482352e-01 4.322311147829433153e+00
4.600000000000000000e+01 -5.403241197877663160e-02 2.779708162919040859e+01
4.700000000000000000e+01 -3.402858531971227193e-04 1.069556557921717399e+02
4.700000000000000000e+01 -1.646538614439304465e-02 3.598755579614214639e+01
4.700000000000000000e+01 -1.202661501104216116e-02 8.284977699148322472e+01
4.700000000000000000e+01 -2.932286999874570421e-01 4.325891909417417303e+00
4.700000000000000000e+01 -5.611535309328863352e-02 2.773520969062139585e+01
4.800000000000000000e+01 -3.847606075622395550e-04 1.067850082987454243e+02
4.800000000000000000e+01 -1.647795994295034663e-02 3.585611941982656248e+01
4.800000000000000000e+01 -1.230436404576164613e-02 8.285380190408299939e+01
4.800000000000000000e+01 -3.037105670511127120e-01 4.329677385394555600e+00
4.800000000000000000e+01 -5.825656204420763540e-02 2.766852888763340701e+01
4.900000000000000000e+01 -4.338993821971675918e-04 1.065980149226545848e+02
4.900000000000000000e+01 -1.644838616833260367e-02 3.572290864040112979e+01
4.900000000000000000e+01 -1.258295105613207315e-02 8.285754305517139073e+01
4.900000000000000000e+01 -3.146115980048086458e-01 4.333722303712713497e+00
4.900000000000000000e+01 -6.046236318364764384e-02 2.759657830663350353e+01
5.000000000000000000e+01 -4.879726919586059022e-04 1.063935536583268657e+02
5.000000000000000000e+01 -1.637662246044436012e-02 3.558807633362908263e+01
5.000000000000000000e+01 -1.286378038864530692e-02 8.286112636435473178e+01
5.000000000000000000e+01 -3.259280418818070180e-01 4.337995843725396483e+00
5.000000000000000000e+01 -6.272762424354706712e-02 2.751905481473646731e+01
5.100000000000000000e+01 -5.472870213163968153e-04 1.061701896628860595e+02
5.100000000000000000e+01 -1.626232476225187781e-02 3.545198443599645799e+01
5.100000000000000000e+01 -1.314686511941616336e-02 8.286455602938659126e+01
5.100000000000000000e+01 -3.376928274994429047e-01 4.342530673890346193e+00
5.100000000000000000e+01 -6.504980906342236469e-02 2.743546223058404721e+01
5.200000000000000000e+01 -6.121026575600860276e-04 1.059266402594653442e+02
5.200000000000000000e+01 -1.610505623061726441e-02 3.531481810739837357e+01
5.200000000000000000e+01 -1.343034919350326317e-02 8.286764289000268491e+01
5.200000000000000000e+01 -3.499730945308541785e-01 4.347381150626654644e+00
5.200000000000000000e+01 -6.743852457644429477e-02 2.734527828590380594e+01
5.300000000000000000e+01 -6.826410008462874485e-04 1.056615044262102288e+02
5.300000000000000000e+01 -1.590638888019398067e-02 3.517690351549234151e+01
5.300000000000000000e+01 -1.371593251921277359e-02 8.287054069805374468e+01
5.300000000000000000e+01 -3.627747917844859615e-01 4.352541333939087487e+00
5.300000000000000000e+01 -6.988113896312038442e-02 2.724803059206073286e+01
5.400000000000000000e+01 -7.591012665840395470e-04 1.053733692421670582e+02
5.400000000000000000e+01 -1.566703149334902970e-02 3.503826057250228132e+01
5.400000000000000000e+01 -1.400381971259858326e-02 8.287323162465517612e+01
5.400000000000000000e+01 -3.761484793024100215e-01 4.358044316889909453e+00
5.400000000000000000e+01 -7.237788401971669006e-02 2.714320499456414026e+01
5.500000000000000000e+01 -8.416283711354420128e-04 1.050606290121229591e+02
5.500000000000000000e+01 -1.539042205018166694e-02 3.489948416747467519e+01
5.500000000000000000e+01 -1.429293102562572554e-02 8.287561762427034751e+01
5.500000000000000000e+01 -3.901442316641032804e-01 4.363931506118772674e+00
5.500000000000000000e+01 -7.492498301894234825e-02 2.703015148178086946e+01
5.600000000000000000e+01 -9.303027485874245089e-04 1.047217930432276773e+02
5.600000000000000000e+01 -1.507882484256851258e-02 3.476058180544143994e+01
5.600000000000000000e+01 -1.458447809427729572e-02 8.287778968331274143e+01
5.600000000000000000e+01 -4.047982687737326501e-01 4.370217543733016186e+00
5.600000000000000000e+01 -7.751092036936373109e-02 2.690832910247589638e+01
5.700000000000000000e+01 -1.025117196141746593e-03 1.043552576633608737e+02
5.700000000000000000e+01 -1.473695732168710769e-02 3.462192324762107631e+01
5.700000000000000000e+01 -1.487740948999375160e-02 8.287957027487338735e+01
5.700000000000000000e+01 -4.202071300006970933e-01 4.376985962280620868e+00
5.700000000000000000e+01 -8.014538408509988554e-02 2.677701247362145054e+01
5.800000000000000000e+01 -1.126016001623392259e-03 1.039593249871273599e+02
5.800000000000000000e+01 -1.436968041268959530e-02 3.448383047653822331e+01
5.800000000000000000e+01 -1.517239618068795017e-02 8.288103534198498323e+01
5.800000000000000000e+01 -4.363968836711814014e-01 4.384244714024496226e+00
5.800000000000000000e+01 -8.280355686097949641e-02 2.663557933601004990e+01
5.900000000000000000e+01 -1.232784301208824165e-03 1.035324905935762274e+02
5.900000000000000000e+01 -1.398165709793876797e-02 3.434636137385439270e+01
5.900000000000000000e+01 -1.546966759610039419e-02 8.288218610282918064e+01
5.900000000000000000e+01 -4.534357609864607674e-01 4.392035253742604617e+00
5.900000000000000000e+01 -8.547336951093979784e-02 2.648335929976062175e+01
6.000000000000000000e+01 -1.415644933013345593e-03 1.026730907910064587e+02
6.000000000000000000e+01 -1.354069743721812366e-02 3.420042554499371334e+01
6.000000000000000000e+01 -1.577229473336783094e-02 8.288087933650930950e+01
6.000000000000000000e+01 -4.712190890597595105e-01 4.402714983378452018e+00
6.000000000000000000e+01 -8.816389230093722718e-02 2.631791663028276673e+01
6.100000000000000000e+01 -1.539828253051809788e-03 1.021227339459964867e+02
6.100000000000000000e+01 -1.312547209133833707e-02 3.406361836740263982e+01
6.100000000000000000e+01 -1.607460770992030080e-02 8.288071500908890243e+01
6.100000000000000000e+01 -4.901957456791209422e-01 4.412042271586343212e+00
6.100000000000000000e+01 -9.082759881773107280e-02 2.614134086870898344e+01
6.200000000000000000e+01 -1.668373498075785381e-03 1.015299211009785409e+02
6.200000000000000000e+01 -1.271118160955807784e-02 3.392806349490179940e+01
6.200000000000000000e+01 -1.638059908221817934e-02 8.287994282155884207e+01
6.200000000000000000e+01 -5.103157376768274744e-01 4.422156944465246653e+00
6.200000000000000000e+01 -9.347108104410274676e-02 2.595150889340362355e+01
6.300000000000000000e+01 -1.800300860563841879e-03 1.008924119244208129e+02
6.300000000000000000e+01 -1.230468500127006662e-02 3.379379280132779684e+01
6.300000000000000000e+01 -1.669018228170453255e-02 8.287849108827676048e+01
6.300000000000000000e+01 -5.316774704374157556e-01 4.433124091165630887e+00
6.300000000000000000e+01 -9.606643823427110651e-02 2.574761378101419140e+01
6.400000000000000000e+01 -1.934238912799301872e-03 1.002084645340714388e+02
6.400000000000000000e+01 -1.191423401412545872e-02 3.366084641893691298e+01
6.400000000000000000e+01 -1.700481712976322987e-02 8.287629465772374715e+01
6.400000000000000000e+01 -5.544298370975808687e-01 4.445060173909377355e+00
6.400000000000000000e+01 -9.859745570921812918e-02 2.552871779941696673e+01
6.500000000000000000e+01 -2.114580232242878159e-03 9.909906884022544205e+01
6.500000000000000000e+01 -1.151690580977089359e-02 3.351973326946777121e+01
6.500000000000000000e+01 -1.732914751920038715e-02 8.287015005450450644e+01
6.500000000000000000e+01 -1.009970374348616584e-01 2.529133505095730072e+01
6.500000000000000000e+01 -5.783919684479983392e-01 4.460169637237378915e+00
6.600000000000000000e+01 -2.248929756208776359e-03 9.825881253607164467e+01
6.600000000000000000e+01 -1.117794158261683178e-02 3.338819542248241845e+01
6.600000000000000000e+01 -1.765562616047060968e-02 8.286516156083217766e+01
6.600000000000000000e+01 -1.032752116350996868e-01 2.503910162028559583e+01
6.600000000000000000e+01 -6.042700796973128341e-01 4.474599739755126038e+00
6.700000000000000000e+01 -2.380991143341452693e-03 9.732688378127339490e+01
6.700000000000000000e+01 -1.087664410544842558e-02 3.325707920264698458e+01
6.700000000000000000e+01 -1.799072741072456696e-02 8.285834484535125455e+01
6.700000000000000000e+01 -1.053721970833242233e-01 2.476864371453945424e+01
6.700000000000000000e+01 -6.319856660219635991e-01 4.490550909520454326e+00
6.800000000000000000e+01 -2.501337577819960460e-03 9.635971982363375332e+01
6.800000000000000000e+01 -1.062501820289389436e-02 3.312780296927680723e+01
6.800000000000000000e+01 -1.833634937799358960e-02 8.284995530020307797e+01
6.800000000000000000e+01 -1.072504995211426837e-01 2.447931419877995296e+01
6.800000000000000000e+01 -6.618268613955887725e-01 4.507868988118564069e+00
6.900000000000000000e+01 -2.625678111969848537e-03 9.499226635007781283e+01
6.900000000000000000e+01 -1.040970622150750105e-02 3.299006758350849822e+01
6.900000000000000000e+01 -1.870521301458806865e-02 8.283460831408189051e+01
6.900000000000000000e+01 -1.087803656098717264e-01 2.416634234868060105e+01
6.900000000000000000e+01 -6.936483707938732035e-01 4.528653358992316136e+00
7.000000000000000000e+01 -2.708334272873164777e-03 9.384309327091197872e+01
7.000000000000000000e+01 -1.027353415011918007e-02 3.286117739865388643e+01
7.000000000000000000e+01 -1.908374479011784239e-02 8.281906483357305149e+01
7.000000000000000000e+01 -1.099766715908480214e-01 2.383506346403599352e+01
7.000000000000000000e+01 -7.283236008927275185e-01 4.549695379347888036e+00
7.100000000000000000e+01 -2.760307112469561914e-03 9.236349127055076735e+01
7.100000000000000000e+01 -1.019980346655022067e-02 3.272486688984079706e+01
7.100000000000000000e+01 -1.950472287299175739e-02 8.279341551819274514e+01
7.100000000000000000e+01 -1.106621055787927882e-01 2.347791756731107782e+01
7.100000000000000000e+01 -7.656478793068178801e-01 4.574226518994104929e+00
7.200000000000000000e+01 -2.762688884653532843e-03 9.102797887305790425e+01
7.200000000000000000e+01 -1.021021363750560830e-02 3.259513475321443821e+01
7.200000000000000000e+01 -1.994889906422913153e-02 8.276305073803796120e+01
7.200000000000000000e+01 -1.107967285006910829e-01 2.310035245102174528e+01
7.200000000000000000e+01 -8.064401286326425833e-01 4.599713228167857437e+00
7.300000000000000000e+01 -2.704449077202471675e-03 8.960332711453260401e+01
7.300000000000000000e+01 -1.030346215352073887e-02 3.246436335229847003e+01
7.300000000000000000e+01 -2.044201491855469205e-02 8.271861906264832953e+01
7.300000000000000000e+01 -1.101977603886051815e-01 2.269851642168920236e+01
7.300000000000000000e+01 -8.508826365328924224e-01 4.627621602168844106e+00
7.400000000000000000e+01 -2.553724188679969923e-03 8.789049921604916449e+01
7.400000000000000000e+01 -1.049129043335952916e-02 3.232473505563783789e+01
7.400000000000000000e+01 -2.102071540733299951e-02 8.263586362868262825e+01
7.400000000000000000e+01 -1.086118396789668289e-01 2.226810802555025504e+01
7.400000000000000000e+01 -8.990914289621348976e-01 4.659224722141321884e+00
7.500000000000000000e+01 -2.438775278191588486e-03 8.634818450143743007e+01
7.500000000000000000e+01 -1.077783579201403719e-02 3.219064704849710523e+01
7.500000000000000000e+01 -2.153847287311968714e-02 8.250202648994945775e+01
7.500000000000000000e+01 -1.059650850927870563e-01 2.181732968813376417e+01
7.500000000000000000e+01 -9.521217920283467917e-01 4.691956202731381254e+00
7.600000000000000000e+01 -3.174117707788690242e-03 8.466643131354810237e+01
7.600000000000000000e+01 -1.118323945028478102e-02 3.204567025821906867e+01
7.600000000000000000e+01 -2.118740446209826239e-02 8.218869170886360109e+01
7.600000000000000000e+01 -1.018241767099257594e-01 2.133870042290865143e+01
7.600000000000000000e+01 -1.000000000000000000e+00 4.112044263208044725e+00
7.600000000000000000e+01 -1.000000000000000000e+00 5.436048113833012785e+00
7.700000000000000000e+01 -1.171473683007554119e-02 3.189704040062845891e+01
7.700000000000000000e+01 -8.733814026762752938e-03 8.334589240902903384e+01
7.700000000000000000e+01 -1.598751986063842723e-02 8.142580204943692479e+01
7.700000000000000000e+01 -9.598281575150854894e-02 2.083870163544024123e+01
7.700000000000000000e+01 -1.000000000000000000e+00 3.263327349771917074e+00
7.700000000000000000e+01 -1.000000000000000000e+00 6.960141036184468888e+00
7.800000000000000000e+01 -1.236824721657693409e-02 3.174922368359960956e+01
7.800000000000000000e+01 -9.971922647237053267e-03 7.971318565032765946e+01
7.800000000000000000e+01 -1.508654982138538624e-02 8.301932856868532440e+01
7.800000000000000000e+01 -8.823848349440341354e-02 2.032527125562153714e+01
7.800000000000000000e+01 -1.000000000000000000e+00 2.836954307398007913e+00
7.900000000000000000e+01 -1.319172966943779786e-02 3.158756644174500394e+01
7.900000000000000000e+01 -7.802405110510472405e-03 7.752649084345026154e+01
7.900000000000000000e+01 -1.756648103957473769e-02 8.291417338931269398e+01
7.900000000000000000e+01 -7.806076021212886296e-02 1.979464679044737352e+01
7.900000000000000000e+01 -1.000000000000000000e+00 2.536659713398733640e+00
8.000000000000000000e+01 -1.419776098258698771e-02 3.141776684325606794e+01
8.000000000000000000e+01 -6.869376687337881877e-03 7.522334148093720785e+01
8.000000000000000000e+01 -6.527561353425694046e-02 1.925293696351528894e+01
8.000000000000000000e+01 -1.879320710595188196e-02 8.283455578483041393e+01
8.000000000000000000e+01 -1.000000000000000000e+00 2.311545574121388835e+00
8.100000000000000000e+01 -6.359475171081970489e-03 7.282801534942177568e+01
8.100000000000000000e+01 -1.539888672668729246e-02 3.123656893214186425e+01
8.100000000000000000e+01 -4.980871247016724346e-02 1.871558535960597425e+01
8.100000000000000000e+01 -1.958692884144728336e-02 8.275860140901062323e+01
8.100000000000000000e+01 -1.000000000000000000e+00 2.115598660365774375e+00
8.200000000000000000e+01 -6.051228197968328004e-03 7.036553229580887603e+01
8.200000000000000000e+01 -1.683117335877789070e-02 3.104213093158089976e+01
8.200000000000000000e+01 -3.164076621484979840e-02 1.818460297632680067e+01
8.200000000000000000e+01 -2.018289694067935958e-02 8.267790453389602590e+01
8.200000000000000000e+01 -1.000000000000000000e+00 1.949544996587610823e+00
8.300000000000000000e+01 -1.092745115942373064e-02 1.766398405580046571e+01
8.300000000000000000e+01 -5.872190320674455094e-03 6.785447835100828229e+01
8.300000000000000000e+01 -1.853321263630185872e-02 3.083146794399356949e+01
8.300000000000000000e+01 -2.067256115413582118e-02 8.258646297493564248e+01
8.300000000000000000e+01 -1.000000000000000000e+00 1.807258034347871467e+00
8.400000000000000000e+01 1.203696510718556267e-02 1.715498458101867030e+01
8.400000000000000000e+01 -5.806728644269474292e-03 6.532042814208597292e+01
8.400000000000000000e+01 -2.054997092506438000e-02 3.060140925657042388e+01
8.400000000000000000e+01 -1.000000000000000000e+00 1.685275286103454784e+00
8.400000000000000000e+01 -2.109696690381866746e-02 8.247889932955312986e+01
8.500000000000000000e+01 3.696632814875247530e-02 1.665312493546480255e+01
8.500000000000000000e+01 -5.864650365054735470e-03 6.274894810576729043e+01
8.500000000000000000e+01 -2.296682514031804859e-02 3.034397991824222274e+01
8.500000000000000000e+01 -1.000000000000000000e+00 1.582715298358184919e+00
8.500000000000000000e+01 -2.147824145225949929e-02 8.234676917624419445e+01
8.600000000000000000e+01 6.315046149568685763e-02 1.616077342137782225e+01
8.600000000000000000e+01 -6.064738375376746253e-03 6.028353825072478855e+01
8.600000000000000000e+01 -2.576108954552168082e-02 3.006629563079379963e+01
8.600000000000000000e+01 -1.000000000000000000e+00 1.496937942553670187e+00
8.600000000000000000e+01 -2.182016396437033018e-02 8.218950004125154862e+01
8.700000000000000000e+01 9.023424415283309852e-02 1.566777393310711552e+01
8.700000000000000000e+01 -6.425663243734964364e-03 5.788041755530435495e+01
8.700000000000000000e+01 -2.903721979600642697e-02 2.975749269880455117e+01
8.700000000000000000e+01 -1.000000000000000000e+00 1.430052043582447530e+00
8.700000000000000000e+01 -2.213247872855296505e-02 8.199455847869319314e+01
8.800000000000000000e+01 1.174370654447411538e-01 1.517544510374253619e+01
8.800000000000000000e+01 -6.935958727774783027e-03 5.564832245667611943e+01
8.800000000000000000e+01 -3.272910568467171655e-02 2.942553620533701420e+01
8.800000000000000000e+01 -1.000000000000000000e+00 1.381210502490078262e+00
8.800000000000000000e+01 -2.241419292071008054e-02 8.176020651894690161e+01
8.900000000000000000e+01 1.442011019353570955e-01 1.467886489672835104e+01
8.900000000000000000e+01 -7.571344215272287660e-03 5.358793943813348193e+01
8.900000000000000000e+01 -3.683713689537510688e-02 2.906727132243582190e+01
8.900000000000000000e+01 -1.000000000000000000e+00 1.352556378655392022e+00
8.900000000000000000e+01 -2.266633795483611810e-02 8.147639382991023638e+01
9.000000000000000000e+01 1.697229830119434957e-01 1.417943260595320254e+01
9.000000000000000000e+01 -8.284556987917296791e-03 5.171436086516808217e+01
9.000000000000000000e+01 -4.129514968444123607e-02 2.868066252605784427e+01
9.000000000000000000e+01 -1.000000000000000000e+00 1.346977074764005522e+00
9.000000000000000000e+01 -2.288823559846275141e-02 8.113417937600182483e+01
