1.000000000000000000e+01 -1.343635284248865039e-05 1.070033611271649221e+02
1.000000000000000000e+01 -3.728423168250489736e-03 3.882759600102815511e+01
1.000000000000000000e+01 -4.493261950734063481e-02 4.257380378357942696e+00
1.000000000000000000e+01 -7.326405215916089071e-03 2.845736968982421544e+01
1.000000000000000000e+01 -4.018308837117304244e-03 8.204888423905732964e+01
1.000000000000000000e+01 -5.816809844536807717e-01 7.331108181263778611e+00
1.000000000000000000e+01 -1.000000000000000000e+00 4.541739907861582992e+00
1.000000000000000000e+01 -8.594340635476215295e-01 6.199460216191596373e+00
1.000000000000000000e+01 -9.997516782190309925e-01 6.543238778078846352e+00
1.000000000000000000e+01 -9.997516782190366547e-01 6.543238778084991658e+00
1.000000000000000000e+01 -9.012932989343805934e-01 8.316086226980159424e+00
1.100000000000000000e+01 -1.260709861967221735e-05 1.072714187550019886e+02
1.100000000000000000e+01 -4.089724989443417266e-03 3.881441661825153489e+01
1.100000000000000000e+01 -4.990753065226333912e-02 4.258967713808570643e+00
1.100000000000000000e+01 -8.075433666189194004e-03 2.846311582692796804e+01
1.100000000000000000e+01 -4.060629728194592794e-03 8.217224317183413973e+01
1.100000000000000000e+01 -5.836411043788637398e-01 8.091678953381318706e+00
1.100000000000000000e+01 -1.000000000000000000e+00 4.988886514122266469e+00
1.100000000000000000e+01 -8.611799853992910814e-01 6.878868590914505532e+00
1.100000000000000000e+01 -9.997341147926948057e-01 7.210221123813724375e+00
1.200000000000000000e+01 -1.202567008609003200e-05 1.074747635789494211e+02
1.200000000000000000e+01 -4.460510346287581071e-03 3.879541014097654283e+01
1.200000000000000000e+01 -5.493028145412184871e-02 4.260488348725545826e+00
1.200000000000000000e+01 -8.859384504734345994e-03 2.846714469338167319e+01
1.200000000000000000e+01 -4.136082683139267503e-03 8.226750144604908144e+01
1.200000000000000000e+01 -5.862106094007553114e-01 8.863796449247631770e+00
1.200000000000000000e+01 -1.000000000000000000e+00 5.434880999505836918e+00
1.200000000000000000e+01 -8.637014393411754920e-01 7.570510581962281549e+00
1.200000000000000000e+01 -9.997631088765747132e-01 7.871185821373104297e+00
1.300000000000000000e+01 -1.168514032133629261e-05 1.076313769942547083e+02
1.300000000000000000e+01 -4.839952740901147521e-03 3.877145497451179068e+01
1.300000000000000000e+01 -6.000199754383454820e-02 4.261940356796105611e+00
1.300000000000000000e+01 -9.675633656657047638e-03 2.846975278395774822e+01
1.300000000000000000e+01 -4.237643270904489952e-03 8.234279992415524418e+01
1.300000000000000000e+01 -5.894022277298244239e-01 9.648095816002452807e+00
1.300000000000000000e+01 -1.000000000000000000e+00 5.879708352730101062e+00
1.300000000000000000e+01 -8.671544027676592048e-01 8.269884585751439587e+00
1.400000000000000000e+01 -1.159413627439522193e-05 1.077531402693620066e+02
1.400000000000000000e+01 -5.227336234107293408e-03 3.874311422545171979e+01
1.400000000000000000e+01 -6.512356399265181728e-02 4.263333264824842317e+00
1.400000000000000000e+01 -1.052226998785448127e-02 2.847112883021924645e+01
1.400000000000000000e+01 -4.360199543289187442e-03 8.240354152308995594e+01
1.400000000000000000e+01 -5.931939516903040888e-01 1.044357900205377376e+01
1.400000000000000000e+01 -1.000000000000000000e+00 6.323327862282184242e+00
1.400000000000000000e+01 -8.714402767514572989e-01 8.971829261214729456e+00
1.500000000000000000e+01 -1.177494313679804766e-05 1.078480995868118413e+02
1.500000000000000000e+01 -5.621996735452564065e-03 3.871075862360474673e+01
1.500000000000000000e+01 -7.029613806997522807e-02 4.264679375114779347e+00
1.500000000000000000e+01 -1.139787086086468428e-02 2.847139065890899090e+01
1.500000000000000000e+01 -4.499947605838983816e-03 8.245342242662020737e+01
1.500000000000000000e+01 -5.975053026012633328e-01 1.124751004659415976e+01
1.500000000000000000e+01 -1.000000000000000000e+00 6.765674935590384464e+00
1.600000000000000000e+01 -1.226252409471870773e-05 1.079218048673753430e+02
1.600000000000000000e+01 -6.023293210764755351e-03 3.867463695464849849e+01
1.600000000000000000e+01 -7.552138489848074510e-02 4.265989747549380873e+00
1.600000000000000000e+01 -1.230136210614478885e-02 2.847060745840259344e+01
1.600000000000000000e+01 -4.654002267290110149e-03 8.249503798247386044e+01
1.600000000000000000e+01 -1.000000000000000000e+00 7.206670009368872698e+00
1.600000000000000000e+01 -6.022053611772988369e-01 1.205662031601173823e+01
1.700000000000000000e+01 -1.310412443416259469e-05 1.079781301892038243e+02
1.700000000000000000e+01 -6.430587232660306581e-03 3.863491775256957794e+01
1.700000000000000000e+01 -8.080153622320561391e-02 4.267273538437793334e+00
1.700000000000000000e+01 -1.323192425676747615e-02 2.846881519483688194e+01
1.700000000000000000e+01 -4.820138332323520118e-03 8.253025235727990605e+01
1.700000000000000000e+01 -1.000000000000000000e+00 7.646225961870992904e+00
1.700000000000000000e+01 -6.071449755624631628e-01 1.286789913943406738e+01
1.800000000000000000e+01 -1.435933750835673132e-05 1.080197911043651260e+02
1.800000000000000000e+01 -6.843211725778301259e-03 3.859171454965460413e+01
1.800000000000000000e+01 -8.613954164444138917e-02 4.268531801950152804e+00
1.800000000000000000e+01 -1.418900625974533862e-02 2.846602689120410545e+01
1.800000000000000000e+01 -4.996550851824643584e-03 8.256043044975413636e+01
1.900000000000000000e+01 -1.610047606617990095e-05 1.080486808461077715e+02
1.900000000000000000e+01 -7.260515647179599345e-03 3.854510334037188812e+01
1.900000000000000000e+01 -9.153853633967357073e-02 4.269773877216231028e+00
1.900000000000000000e+01 -5.181993685411936598e-03 8.258659505335032236e+01
1.900000000000000000e+01 -1.517199986218414377e-02 2.846224197518825960e+01
2.000000000000000000e+01 -1.841312268876501228e-05 1.080660931836141287e+02
2.000000000000000000e+01 -7.681729849891683927e-03 3.849513519966923525e+01
2.000000000000000000e+01 -9.700197126078405341e-02 4.271021455378215315e+00
2.000000000000000000e+01 -5.375278935514281320e-03 8.260951520299877870e+01
2.000000000000000000e+01 -1.618063137202688934e-02 2.845745311588546400e+01
2.100000000000000000e+01 -2.139673568604158309e-05 1.080728734470253443e+02
2.100000000000000000e+01 -8.106048327992261202e-03 3.844183992259773675e+01
2.100000000000000000e+01 -1.025341511645959658e-01 4.272268561652148300e+00
2.100000000000000000e+01 -5.575500959031848454e-03 8.262978559824115621e+01
2.100000000000000000e+01 -1.721474018409810403e-02 2.845164291222594244e+01
2.200000000000000000e+01 -2.516551977148238242e-05 1.080695224329579531e+02
2.200000000000000000e+01 -8.532606013882840928e-03 3.838523612989627054e+01
2.200000000000000000e+01 -1.081393425234980915e-01 4.273528917333302424e+00
2.200000000000000000e+01 -5.781917278970348691e-03 8.264786854678709460e+01
2.200000000000000000e+01 -1.827431833670147346e-02 2.844479266382793270e+01
2.300000000000000000e+01 -2.984907635824516798e-05 1.080562701182294205e+02
2.300000000000000000e+01 -8.960480042391872832e-03 3.832533267924014808e+01
2.300000000000000000e+01 -1.138224773585621019e-01 4.274800623678330247e+00
2.300000000000000000e+01 -5.993908275412076006e-03 8.266412741470057313e+01
2.300000000000000000e+01 -1.935955771019276517e-02 2.843687748210047772e+01
2.400000000000000000e+01 -3.559328341131311109e-05 1.080331261764463306e+02
2.400000000000000000e+01 -9.388691997212251367e-03 3.826213387391419474e+01
2.400000000000000000e+01 -1.195884461372330315e-01 4.276097035723959827e+00
2.400000000000000000e+01 -6.210954649796125195e-03 8.267885138798177991e+01
2.400000000000000000e+01 -2.047085293831438571e-02 2.842787056663157941e+01
2.500000000000000000e+01 -4.256090220721262419e-05 1.079999177657126097e+02
2.500000000000000000e+01 -9.816218813071061686e-03 3.819563926827531475e+01
2.500000000000000000e+01 -6.432617156222372561e-03 8.269227212198030941e+01
2.500000000000000000e+01 -1.254424029395140860e-01 4.277431253696962088e+00
2.500000000000000000e+01 -2.160881669446092918e-02 2.841773977995212519e+01
2.600000000000000000e+01 -5.093182869341541353e-05 1.079563162267174192e+02
2.600000000000000000e+01 -1.024201898179266830e-02 3.812584156752522802e+01
2.600000000000000000e+01 -6.658511644090946147e-03 8.270457456505506855e+01
2.600000000000000000e+01 -1.313909220722730142e-01 4.278781842008821279e+00
2.600000000000000000e+01 -2.277431375416522769e-02 2.840644144938414328e+01
2.700000000000000000e+01 -6.090445108738930263e-05 1.079018568438225287e+02
2.700000000000000000e+01 -1.066497429054675226e-02 3.805274495621330999e+01
2.700000000000000000e+01 -6.888332639636530856e-03 8.271591507324687598e+01
2.700000000000000000e+01 -1.374380248416375294e-01 4.280212620495963627e+00
2.700000000000000000e+01 -2.396831472809813138e-02 2.839393833547561030e+01
2.800000000000000000e+01 -7.269456727004958391e-05 1.078359532973518782e+02
2.800000000000000000e+01 -1.108401914275150210e-02 3.797634211274642269e+01
2.800000000000000000e+01 -7.121792335854177855e-03 8.272641398419963821e+01
2.800000000000000000e+01 -1.435908183193267407e-01 4.281701541453236892e+00
2.800000000000000000e+01 -2.519206491352448535e-02 2.838017122584609453e+01
2.900000000000000000e+01 -8.653564490861289206e-05 1.077579084045923139e+02
2.900000000000000000e+01 -1.149803313143897901e-02 3.789662759349023702e+01
2.900000000000000000e+01 -7.358649154720595803e-03 8.273617329379897001e+01
2.900000000000000000e+01 -1.498556863285679663e-01 4.283261329006886164e+00
2.900000000000000000e+01 -2.644691533749969972e-02 2.836507691413513754e+01
3.000000000000000000e+01 -1.026779959379272141e-04 1.076669241023458028e+02
3.000000000000000000e+01 -1.190589162253635931e-02 3.781359584306805743e+01
3.000000000000000000e+01 -7.598688334126181727e-03 8.274527681150381397e+01
3.000000000000000000e+01 -1.562390416669186821e-01 4.284911911573027865e+00
3.000000000000000000e+01 -2.773431567649079291e-02 2.834858324445437816e+01
3.100000000000000000e+01 -1.213879001946599386e-04 1.075621059640385795e+02
3.100000000000000000e+01 -1.230643632352860194e-02 3.772723297602693293e+01
3.100000000000000000e+01 -7.841723797418700612e-03 8.275379181822783892e+01
3.100000000000000000e+01 -1.627504806255516967e-01 4.286597872042157142e+00
3.100000000000000000e+01 -2.905582743039328286e-02 2.833059596981330230e+01
3.200000000000000000e+01 -1.431627620595707026e-04 1.074411005811211055e+02
3.200000000000000000e+01 -1.269859016992926602e-02 3.763791078184142691e+01
3.200000000000000000e+01 -8.088379775177696046e-03 8.276177397955440540e+01
3.200000000000000000e+01 -1.695704797012041187e-01 4.288418805879071094e+00
3.200000000000000000e+01 -3.041508636001206273e-02 2.831115200623677808e+01
3.300000000000000000e+01 -1.679285756161334753e-04 1.073052808994342087e+02
3.300000000000000000e+01 -1.308021109551812076e-02 3.754474756666649427e+01
3.300000000000000000e+01 -8.336632253056320760e-03 8.276924826850361683e+01
3.300000000000000000e+01 -1.763753552247706857e-01 4.290254429851874107e+00
3.300000000000000000e+01 -3.181112354495407857e-02 2.828996335578072063e+01
3.400000000000000000e+01 -1.961374635446790776e-04 1.071523814756916551e+02
3.400000000000000000e+01 -1.345119871990371578e-02 3.744828354484518940e+01
3.400000000000000000e+01 -8.587363423984769803e-03 8.277626538274671475e+01
3.400000000000000000e+01 -1.833268350783253120e-01 4.292172097869896952e+00
3.400000000000000000e+01 -3.324560175432523385e-02 2.826698535480525720e+01
3.500000000000000000e+01 -2.281051950578224727e-04 1.069811687343521243e+02
3.500000000000000000e+01 -1.380938950389096719e-02 3.734846177236197917e+01
3.500000000000000000e+01 -8.840917237029363371e-03 8.278288661025395356e+01
3.500000000000000000e+01 -1.904487212987436284e-01 4.294190092722280028e+00
3.500000000000000000e+01 -3.471960014382242943e-02 2.824204461228368501e+01
3.600000000000000000e+01 -2.641529652819394236e-04 1.067902460726172933e+02
3.600000000000000000e+01 -1.415334496189200875e-02 3.724526511361425918e+01
3.600000000000000000e+01 -9.096906533021139468e-03 8.278912168315964948e+01
3.600000000000000000e+01 -1.977267090808522698e-01 4.296647099051749130e+00
3.600000000000000000e+01 -3.623527796766818493e-02 2.821509954831216405e+01
3.700000000000000000e+01 -3.045479081076307693e-04 1.065784554816498115e+02
3.700000000000000000e+01 -1.448111900384548879e-02 3.713865789274757390e+01
3.700000000000000000e+01 -9.355255312094280795e-03 8.279497719512784215e+01
3.700000000000000000e+01 -2.052006593244321275e-01 4.298935315523190859e+00
3.700000000000000000e+01 -3.779480096423722818e-02 2.818589525212904334e+01
3.800000000000000000e+01 -3.495941627351804208e-04 1.063442475489567300e+02
3.800000000000000000e+01 -1.479073515058032355e-02 3.702868839586536609e+01
3.800000000000000000e+01 -9.615338422641757712e-03 8.280041927590258410e+01
3.800000000000000000e+01 -2.128780512503599120e-01 4.301313963524332706e+00
3.800000000000000000e+01 -3.940161599326713615e-02 2.815431041036584503e+01
3.900000000000000000e+01 -3.995484515696171523e-04 1.060861827441888749e+02
3.900000000000000000e+01 -1.508037241825217929e-02 3.691532246791285132e+01
3.900000000000000000e+01 -9.878373822261645246e-03 8.280559128251267964e+01
3.900000000000000000e+01 -2.207481829467838608e-01 4.303798804435701619e+00
3.900000000000000000e+01 -4.105179772383159981e-02 2.812017488388456954e+01
4.000000000000000000e+01 -4.546583403894315762e-04 1.058027614056428121e+02
4.000000000000000000e+01 -1.534710625049219394e-02 3.679853048834075935e+01
4.000000000000000000e+01 -1.014320656085639094e-02 8.281037256468057706e+01
4.000000000000000000e+01 -2.288446714946907601e-01 4.306421924113332800e+00
4.000000000000000000e+01 -4.275246603657718164e-02 2.808331439419507092e+01
4.100000000000000000e+01 -5.151093451543489266e-04 1.054924223233473981e+02
4.100000000000000000e+01 -1.558902598730378501e-02 3.667846806906884893e+01
4.100000000000000000e+01 -1.040987382695494380e-02 8.281478274280266305e+01
4.100000000000000000e+01 -2.371752821343139084e-01 4.309188097773844817e+00
4.100000000000000000e+01 -4.450422165970970706e-02 2.804349356122944670e+01
4.200000000000000000e+01 -5.810626062766704970e-04 1.051536319007084472e+02
4.200000000000000000e+01 -1.580290778957418527e-02 3.655498145876179450e+01
4.200000000000000000e+01 -1.067873218059292931e-02 8.281884749703088744e+01
4.200000000000000000e+01 -2.457539379043226224e-01 4.312103725797166831e+00
4.200000000000000000e+01 -4.630803909751113334e-02 2.800052128815885055e+01
4.300000000000000000e+01 -6.525988668582687622e-04 1.047848149333317309e+02
4.300000000000000000e+01 -1.598668206553361879e-02 3.642831203690416686e+01
4.300000000000000000e+01 -1.094944329335536572e-02 8.282252681197944355e+01
4.300000000000000000e+01 -2.545976476942752309e-01 4.315183919515456878e+00
4.300000000000000000e+01 -4.816669835437591141e-02 2.795411405075054034e+01
4.400000000000000000e+01 -7.297434192774171838e-04 1.043844070920463878e+02
4.400000000000000000e+01 -1.613716872358311738e-02 3.629837418441705665e+01
4.400000000000000000e+01 -1.122219234298864853e-02 8.282580902636949816e+01
4.400000000000000000e+01 -2.637302968538733361e-01 4.318444244267292120e+00
4.400000000000000000e+01 -5.008492353143553788e-02 2.790404638837746987e+01
4.500000000000000000e+01 -8.124517642402704102e-04 1.039508893018623041e+02
4.500000000000000000e+01 -1.625174214344844367e-02 3.616528676474503357e+01
4.500000000000000000e+01 -1.149700089085725283e-02 8.282873218155476991e+01
4.500000000000000000e+01 -2.731494274217659557e-01 4.321876972257063798e+00
4.500000000000000000e+01 -5.205389678975635287e-02 2.784995084539004040e+01
4.600000000000000000e+01 -9.005791054113800216e-04 1.034826724646344900e+02
4.600000000000000000e+01 -1.632812556230942361e-02 3.602921007941246501e+01
4.600000000000000000e+01 -1.177385222291355699e-02 8.283120200788400211e+01
4.600000000000000000e+01 -2.828967998252850946e-01 4.325519173670386408e+00
4.600000000000000000e+01 -5.408628564369558772e-02 2.779154854718468570e+01
4.700000000000000000e+01 -9.938587946724157865e-04 1.029783557228271889e+02
4.700000000000000000e+01 -1.636364498938213535e-02 3.589014593253126151e+01
4.700000000000000000e+01 -1.205314588302202825e-02 8.283322603158603670e+01
4.700000000000000000e+01 -2.929945349928667064e-01 4.329385588512215222e+00
4.700000000000000000e+01 -5.618363243979920818e-02 2.772849968647641106e+01
4.800000000000000000e+01 -1.091983644631653759e-03 1.024365105071449165e+02
4.800000000000000000e+01 -1.635597879156888007e-02 3.574826469019511421e+01
4.800000000000000000e+01 -1.233398429316645041e-02 8.283476079724466956e+01
4.800000000000000000e+01 -3.034439863632918954e-01 4.333468528671682307e+00
4.800000000000000000e+01 -5.833456234435179660e-02 2.766033276103529204e+01
4.900000000000000000e+01 -1.194460263632885974e-03 1.018558166579540938e+02
4.900000000000000000e+01 -1.630404465785333448e-02 3.560378941629410576e+01
4.900000000000000000e+01 -1.261757034329526878e-02 8.283576188568652299e+01
4.900000000000000000e+01 -3.142937162381456151e-01 4.337813560730492846e+00
4.900000000000000000e+01 -6.055264943488902069e-02 2.758667135732709497e+01
5.000000000000000000e+01 -1.332037857675186189e-03 1.009668959109882849e+02
5.000000000000000000e+01 -1.618300199097163009e-02 3.544898809217922775e+01
5.000000000000000000e+01 -1.290454644975092338e-02 8.283460779008768782e+01
5.000000000000000000e+01 -3.253732005738003696e-01 4.345139774474112038e+00
5.000000000000000000e+01 -6.283923337824327826e-02 2.750657776909291385e+01
5.100000000000000000e+01 -1.443819432679181378e-03 1.002655393190517685e+02
5.100000000000000000e+01 -1.603278076928208243e-02 3.529816563691268527e+01
5.100000000000000000e+01 -1.319345459718490945e-02 8.283403826920061874e+01
5.100000000000000000e+01 -3.370591743191343470e-01 4.350425510143419494e+00
5.100000000000000000e+01 -6.518260299793460222e-02 2.742027537508742796e+01
5.200000000000000000e+01 -1.557554396030790250e-03 9.951751559204228670e+01
5.200000000000000000e+01 -1.583556039747310851e-02 3.514511818343469685e+01
5.200000000000000000e+01 -1.348587465589361038e-02 8.283267142508765346e+01
5.200000000000000000e+01 -3.492248502972529756e-01 4.356076933478022717e+00
5.200000000000000000e+01 -6.758698374149642307e-02 2.732683791387444927e+01
5.300000000000000000e+01 -1.671925080506655482e-03 9.872186941393140103e+01
5.300000000000000000e+01 -1.559146170267663133e-02 3.498990929415521123e+01
5.300000000000000000e+01 -1.378187606104255142e-02 8.283040287258413059e+01
5.300000000000000000e+01 -3.619057465726955303e-01 4.362126570340430831e+00
5.300000000000000000e+01 -7.004917738242069647e-02 2.722566041297366368e+01
5.400000000000000000e+01 -1.785486123855644248e-03 9.787759271346176604e+01
5.400000000000000000e+01 -1.530215903424544770e-02 3.483271889836441915e+01
5.400000000000000000e+01 -1.408204685947781788e-02 8.282709301853425643e+01
5.400000000000000000e+01 -3.751412103054001523e-01 4.368611331099357287e+00
5.400000000000000000e+01 -7.256505555070683067e-02 2.711606749722838217e+01
5.500000000000000000e+01 -1.896435115201653690e-03 9.698388699550528713e+01
5.500000000000000000e+01 -1.497041595526716132e-02 3.467365566407437427e+01
5.500000000000000000e+01 -1.438821324768267684e-02 8.282262580510975170e+01
5.500000000000000000e+01 -3.889849455663637601e-01 4.375581757880575573e+00
5.500000000000000000e+01 -7.513460438891170212e-02 2.699734701917595103e+01
5.600000000000000000e+01 -2.017128236005452137e-03 9.581413835432371684e+01
5.600000000000000000e+01 -1.457766720320463442e-02 3.450491336647296237e+01
5.600000000000000000e+01 -1.470182091040365263e-02 8.281428001430127495e+01
5.600000000000000000e+01 -4.032338194844647394e-01 4.385593153172139935e+00
5.600000000000000000e+01 -7.773778358150625067e-02 2.686761044708787693e+01
5.700000000000000000e+01 -2.115598053857535837e-03 9.478575381777027076e+01
5.700000000000000000e+01 -1.416806854954548618e-02 3.434127055973431197e+01
5.700000000000000000e+01 -1.502176513347244606e-02 8.280587477610865221e+01
5.700000000000000000e+01 -4.183626989802449736e-01 4.394072303495211607e+00
5.700000000000000000e+01 -8.037229201276394064e-02 2.672783357491103828e+01
5.800000000000000000e+01 -2.202859106582862915e-03 9.370366908881216261e+01
5.800000000000000000e+01 -1.373010338915074506e-02 3.417607107518942655e+01
5.800000000000000000e+01 -1.535165761671602146e-02 8.279504423178640593e+01
5.800000000000000000e+01 -4.342394131621246656e-01 4.403216695096501709e+00
5.800000000000000000e+01 -8.302427193849566678e-02 2.657628036717225228e+01
5.900000000000000000e+01 -2.274652481053407449e-03 9.256839276256165761e+01
5.900000000000000000e+01 -1.327130209292860796e-02 3.400941683723584674e+01
5.900000000000000000e+01 -1.569448527508700633e-02 8.278103402494366492e+01
5.900000000000000000e+01 -4.509247504274351837e-01 4.413114862501910096e+00
5.900000000000000000e+01 -8.567801126175375592e-02 2.641198898101301396e+01
6.000000000000000000e+01 -2.325513294521971020e-03 9.138119196238068298e+01
6.000000000000000000e+01 -1.280047376435137878e-02 3.384139555726569881e+01
6.000000000000000000e+01 -1.605441324061105193e-02 8.276265861394159629e+01
6.000000000000000000e+01 -4.684872309165856730e-01 4.423848631495632233e+00
6.000000000000000000e+01 -8.831447294530431202e-02 2.623393057302826037e+01
6.100000000000000000e+01 -2.344395022444392251e-03 8.996656836588303463e+01
6.100000000000000000e+01 -1.231062344788984124e-02 3.366399384896909908e+01
6.100000000000000000e+01 -1.644753930929316460e-02 8.273350918445315472e+01
6.100000000000000000e+01 -4.867810011769377332e-01 4.437343745365791570e+00
6.100000000000000000e+01 -9.091283252846074636e-02 2.603808272772488408e+01
6.200000000000000000e+01 -2.326429257241396670e-03 8.865918812729681520e+01
6.200000000000000000e+01 -1.184225046452744984e-02 3.349171708428022498e+01
6.200000000000000000e+01 -1.686393401672892783e-02 8.269621869693320093e+01
6.200000000000000000e+01 -5.062750166819431907e-01 4.450696462880387116e+00
6.200000000000000000e+01 -9.343216836369569456e-02 2.582958026645641425e+01
6.300000000000000000e+01 -2.272429256327877182e-03 8.731098919302498018e+01
6.300000000000000000e+01 -1.139721553937123912e-02 3.331763592394736406e+01
6.300000000000000000e+01 -1.730861547387433849e-02 8.263843684805661383e+01
6.300000000000000000e+01 -5.268878406910846302e-01 4.464986951252297942e+00
6.300000000000000000e+01 -9.585265240765160344e-02 2.560260048798442156e+01
6.400000000000000000e+01 -2.248688412329610115e-03 8.595219881961214980e+01
6.400000000000000000e+01 -1.098846681139351890e-02 3.314198051066132678e+01
6.400000000000000000e+01 -1.771400026391638585e-02 8.253904858573125125e+01
6.400000000000000000e+01 -5.487208280304164409e-01 4.480561399528284028e+00
6.400000000000000000e+01 -9.812989957978984767e-02 2.535690161659057296e+01
6.500000000000000000e+01 -2.811820907831974557e-03 8.451019459208806950e+01
6.500000000000000000e+01 -1.062284958192763473e-02 3.295659522251089157e+01
6.500000000000000000e+01 -1.752397222738848181e-02 8.231911574599574521e+01
6.500000000000000000e+01 -1.002059570078690093e-01 2.508649764068243826e+01
6.500000000000000000e+01 -5.715049834512661020e-01 4.500167033181249998e+00
6.600000000000000000e+01 -1.033266568374604372e-02 3.277536364989412476e+01
6.600000000000000000e+01 -6.354791519153420165e-03 8.338189812681630997e+01
6.600000000000000000e+01 -1.434203088016967192e-02 8.185839731735180180e+01
6.600000000000000000e+01 -1.020328838761566104e-01 2.479803107696400488e+01
6.600000000000000000e+01 -5.959832191628441356e-01 4.519607092079717781e+00
6.700000000000000000e+01 -1.012205169637961193e-02 3.259140733982233229e+01
6.700000000000000000e+01 -8.590448526266987114e-03 8.062357600855173700e+01
6.700000000000000000e+01 -1.245656313879639314e-02 8.298014151169617492e+01
6.700000000000000000e+01 -1.035292653733654727e-01 2.448860696697483164e+01
6.700000000000000000e+01 -6.222395705912626696e-01 4.539678505432334532e+00
6.800000000000000000e+01 -1.002319940903654075e-02 3.239720533869524388e+01
6.800000000000000000e+01 -6.495258282061128208e-03 7.892264509005131856e+01
6.800000000000000000e+01 -1.488931369676109624e-02 8.288177816511048945e+01
6.800000000000000000e+01 -1.046008741734650166e-01 2.414614793016438199e+01
6.800000000000000000e+01 -6.494463674438939460e-01 4.566264279839015394e+00
6.900000000000000000e+01 -1.004843789480089518e-02 3.220554529140711963e+01
6.900000000000000000e+01 -5.724389253718693490e-03 7.724176451899073470e+01
6.900000000000000000e+01 -1.599070983944028690e-02 8.281959759143059330e+01
6.900000000000000000e+01 -1.051757512769238428e-01 2.378203460624915522e+01
6.900000000000000000e+01 -6.788801411009638409e-01 4.592609480492679808e+00
7.000000000000000000e+01 -1.021915397204197461e-02 3.201021885317089044e+01
7.000000000000000000e+01 -5.331361796850371017e-03 7.551650770247378830e+01
7.000000000000000000e+01 -1.670790868965155163e-02 8.276587289856490770e+01
7.000000000000000000e+01 -1.051188895011190283e-01 2.338991582421225246e+01
7.000000000000000000e+01 -7.102610177872035191e-01 4.621611350728311862e+00
7.100000000000000000e+01 -1.056688479613852177e-02 3.180312456968019319e+01
7.100000000000000000e+01 -5.089819735224497370e-03 7.366225122027874761e+01
7.100000000000000000e+01 -1.726880201697982356e-02 8.271092235005009741e+01
7.100000000000000000e+01 -1.042175012473911117e-01 2.296403334427620635e+01
7.100000000000000000e+01 -7.434237603757969381e-01 4.655154083317302849e+00
7.200000000000000000e+01 -1.110210393564466276e-02 3.159748537906034471e+01
7.200000000000000000e+01 -4.958747945114009952e-03 7.186721013226743082e+01
7.200000000000000000e+01 -1.772224191539437457e-02 8.265693395407643607e+01
7.200000000000000000e+01 -1.024030000006650731e-01 2.251095178078496417e+01
7.200000000000000000e+01 -7.790124497323439590e-01 4.690498547297376142e+00
7.300000000000000000e+01 -4.881231203987556645e-03 6.998609868847402993e+01
7.300000000000000000e+01 -1.187068657913881164e-02 3.138004946753778412e+01
7.300000000000000000e+01 -1.812958674090639835e-02 8.259619084904147712e+01
7.300000000000000000e+01 -9.934568938520531300e-02 2.202239624143951957e+01
7.300000000000000000e+01 -8.166019889412058363e-01 4.730508524325522046e+00
7.400000000000000000e+01 -4.860473296023645404e-03 6.816448607963704376e+01
7.400000000000000000e+01 -1.286893940477446679e-02 3.116242587478875947e+01
7.400000000000000000e+01 -1.849648131108606874e-02 8.253147052842932396e+01
7.400000000000000000e+01 -9.494461119611855016e-02 2.150622175549800374e+01
7.400000000000000000e+01 -8.567580425294104574e-01 4.772715886304116140e+00
7.500000000000000000e+01 -4.886215309652841739e-03 6.629526162899817621e+01
7.500000000000000000e+01 -1.415630607116741962e-02 3.093297228450800418e+01
7.500000000000000000e+01 -1.884300798745479344e-02 8.245635740397908364e+01
7.500000000000000000e+01 -8.878900470583327154e-02 2.095597992658678521e+01
7.500000000000000000e+01 -8.989225184300255744e-01 4.819286017695523228e+00
7.600000000000000000e+01 -4.967188618219870247e-03 6.449587671370224484e+01
7.600000000000000000e+01 -1.570949034100630956e-02 3.070248048802729102e+01
7.600000000000000000e+01 -1.916882030695902725e-02 8.237359766141351258e+01
7.600000000000000000e+01 -8.078212926182583298e-02 2.038217634163948588e+01
7.600000000000000000e+01 -9.435142142124799403e-01 4.867597722803599147e+00
7.700000000000000000e+01 -5.108350198274666000e-03 6.268279510258425802e+01
7.700000000000000000e+01 -1.759905851394099816e-02 3.045989705321279217e+01
7.700000000000000000e+01 -7.047340878048233281e-02 1.978086244433017171e+01
7.700000000000000000e+01 -1.948149670159262520e-02 8.227645885049848573e+01
7.700000000000000000e+01 -9.896047171490700567e-01 4.919034215784690467e+00
7.800000000000000000e+01 -5.316892420165137204e-03 6.095460814308909647e+01
7.800000000000000000e+01 -1.977166172228045707e-02 3.021616420360805932e+01
7.800000000000000000e+01 -5.789492673563308156e-02 1.916630556299329413e+01
7.800000000000000000e+01 -1.978081452941779853e-02 8.216778094461318460e+01
7.800000000000000000e+01 -1.000000000000000000e+00 3.785297291600162595e+00
7.800000000000000000e+01 -1.000000000000000000e+00 6.526961494264446273e+00
7.900000000000000000e+01 -5.603034540373938097e-03 5.924815896969996487e+01
7.900000000000000000e+01 -2.229682802346787118e-02 2.996121144998450347e+01
7.900000000000000000e+01 -4.272328085285778676e-02 1.853740174817844277e+01
7.900000000000000000e+01 -2.006966814844998725e-02 8.204018438516690992e+01
7.900000000000000000e+01 -1.000000000000000000e+00 3.333468595014638769e+00
7.900000000000000000e+01 -1.000000000000000000e+00 7.568075625428197561e+00
8.000000000000000000e+01 -5.966426436295911226e-03 5.761675269936490906e+01
8.000000000000000000e+01 -2.514144627626764550e-02 1.790659802469525275e+01
8.000000000000000000e+01 -2.512629919281127513e-02 2.970088288771047402e+01
8.000000000000000000e+01 -2.034688716894651403e-02 8.189384046954411644e+01
8.000000000000000000e+01 -1.000000000000000000e+00 3.048184738535588689e+00
8.100000000000000000e+01 -5.474961986729251669e-03 1.728429004183964679e+01
8.100000000000000000e+01 -6.398839529837339717e-03 5.608667951778241445e+01
8.100000000000000000e+01 -2.820164079879883268e-02 2.943874550715593941e+01
8.100000000000000000e+01 -2.061252987713264526e-02 8.172833824635928579e+01
8.100000000000000000e+01 -1.000000000000000000e+00 2.840851241291320051e+00
8.200000000000000000e+01 1.608491222449930091e-02 1.667066775027987191e+01
8.200000000000000000e+01 -6.901258551314608074e-03 5.462424850429750478e+01
8.200000000000000000e+01 -3.155670917357300542e-02 2.916769652441285032e+01
8.200000000000000000e+01 -2.086658152896496421e-02 8.153603510844229163e+01
8.200000000000000000e+01 -1.000000000000000000e+00 2.687222195483365272e+00
8.300000000000000000e+01 3.888863679557970354e-02 1.607467180366321102e+01
8.300000000000000000e+01 -7.452627994735703393e-03 5.325946238078871886e+01
8.300000000000000000e+01 -3.510075728744874862e-02 2.889208417119930061e+01
8.300000000000000000e+01 -2.110828336905730407e-02 8.131683042526533711e+01
8.300000000000000000e+01 -1.000000000000000000e+00 2.571304992388724564e+00
8.400000000000000000e+01 6.225898442943673256e-02 1.550271180550116767e+01
8.400000000000000000e+01 -8.027868344685631236e-03 5.200401133310129609e+01
8.400000000000000000e+01 -3.874488135351734225e-02 2.861407726859841461e+01
8.400000000000000000e+01 -2.133704035162789850e-02 8.107029915811484955e+01
8.400000000000000000e+01 -1.000000000000000000e+00 2.485378655579762786e+00
8.500000000000000000e+01 8.430266964303527455e-02 1.497800389557704115e+01
8.500000000000000000e+01 -8.613721565262770150e-03 5.084061401389946155e+01
8.500000000000000000e+01 -4.249126126040999457e-02 2.833064227055797701e+01
8.500000000000000000e+01 -2.155192622558627091e-02 8.079006397886105617e+01
8.500000000000000000e+01 -1.000000000000000000e+00 2.332787054831087836e+00
8.600000000000000000e+01 1.069743030443316978e-01 1.445341776884559160e+01
8.600000000000000000e+01 -9.176995382560962367e-03 4.977924199441061859e+01
8.600000000000000000e+01 -4.620549111251000263e-02 2.804587897828224641e+01
8.600000000000000000e+01 -2.175373165129451669e-02 8.047853216026106793e+01
8.600000000000000000e+01 -1.000000000000000000e+00 2.285511437604331952e+00
8.700000000000000000e+01 1.287372741918141050e-01 1.395272967303222700e+01
8.700000000000000000e+01 -9.704763295612161417e-03 4.880445466426886014e+01
8.700000000000000000e+01 -4.987077954388468432e-02 2.775599784147811988e+01
8.700000000000000000e+01 -2.194165494948045400e-02 8.013078561681123801e+01
8.700000000000000000e+01 -1.000000000000000000e+00 2.259243139737759254e+00
8.800000000000000000e+01 1.492121325371845164e-01 1.348005177520921194e+01
8.800000000000000000e+01 -1.017398395072583069e-02 4.792110899969213733e+01
8.800000000000000000e+01 -5.338036565990028626e-02 2.746497939207111116e+01
8.800000000000000000e+01 -2.211674541310647280e-02 7.975145428860216157e+01
8.800000000000000000e+01 -1.000000000000000000e+00 2.251105018995061879e+00
8.900000000000000000e+01 1.682064710729554713e-01 1.303458796205414316e+01
8.900000000000000000e+01 -1.057639238885047135e-02 4.711608424962206243e+01
8.900000000000000000e+01 -5.670342151630399646e-02 2.717144733833645276e+01
8.900000000000000000e+01 -2.227980833809279845e-02 7.933979600112067487e+01
8.900000000000000000e+01 -1.000000000000000000e+00 2.260390285399891397e+00
9.000000000000000000e+01 1.856189573685804173e-01 1.261637374666587164e+01
9.000000000000000000e+01 -1.090492265236228837e-02 4.638060009195485378e+01
9.000000000000000000e+01 -5.980138498475553316e-02 2.687544335696497555e+01
9.000000000000000000e+01 -2.243190663356321030e-02 7.889782417971537143e+01
9.000000000000000000e+01 -1.000000000000000000e+00 2.285801099404807690e+00
