1.000000000000000000e+01 8.065346951186528777e-05 5.402753999999999612e-01 2.346884893373060894e-03
1.100000000000000000e+01 9.792016405321342148e-05 5.402727000000000501e-01 2.846288517618307794e-03
1.200000000000000000e+01 1.169646042314143741e-04 5.402690999999999466e-01 3.395890679028085429e-03
1.300000000000000000e+01 1.378241764987287593e-04 5.402643999999999780e-01 3.996419516396505604e-03
1.400000000000000000e+01 1.605402020459621595e-04 5.402584999999999749e-01 4.648677076219860649e-03
1.500000000000000000e+01 1.851578891484344615e-04 5.402510000000000367e-01 5.353535311922562843e-03
1.600000000000000000e+01 2.117265288090349710e-04 5.402419000000000526e-01 6.111939078853767526e-03
1.700000000000000000e+01 2.404724000645361163e-04 5.402306000000000052e-01 6.929867122078933045e-03
1.800000000000000000e+01 2.711553876031368442e-04 5.402171000000000056e-01 7.799847269656334098e-03
1.900000000000000000e+01 3.039710745557135932e-04 5.402010000000000423e-01 8.726875739394035839e-03
2.000000000000000000e+01 3.390117843214244956e-04 5.401818000000000453e-01 9.712918506871075566e-03
2.100000000000000000e+01 3.763105571392955616e-04 5.401591999999999505e-01 1.075818054386301278e-02
2.200000000000000000e+01 4.159646890474445399e-04 5.401327999999999685e-01 1.186464066022457908e-02
2.300000000000000000e+01 4.580588892422675059e-04 5.401021000000000294e-01 1.303384384081048702e-02
2.400000000000000000e+01 5.026832971340723091e-04 5.400665999999999523e-01 1.426741793144037027e-02
2.500000000000000000e+01 5.499353424740252528e-04 5.400255999999999945e-01 1.556710059039942938e-02
2.600000000000000000e+01 5.999175535670576943e-04 5.399787000000000337e-01 1.693470934669098760e-02
2.700000000000000000e+01 6.527409408325201418e-04 5.399251999999999940e-01 1.837217150016626915e-02
2.800000000000000000e+01 7.085232193030390185e-04 5.398642000000000163e-01 1.988154419578701607e-02
2.900000000000000000e+01 7.673866366253261333e-04 5.397950999999999722e-01 2.146485440194626296e-02
3.000000000000000000e+01 8.294674527589006481e-04 5.397169000000000549e-01 2.312445879886591490e-02
3.100000000000000000e+01 8.949042241864998450e-04 5.396288000000000196e-01 2.486261392561708861e-02
3.200000000000000000e+01 9.638476033794132628e-04 5.395297000000000009e-01 2.668178602687398815e-02
3.300000000000000000e+01 1.042678396120196114e-03 5.394086000000000158e-01 2.874763333024256060e-02
3.400000000000000000e+01 1.120188406061949082e-03 5.392816999999999750e-01 3.076323612066635127e-02
3.500000000000000000e+01 1.201866542262599409e-03 5.391396999999999995e-01 3.287142984947945268e-02
3.600000000000000000e+01 1.287922254800063582e-03 5.389812000000000491e-01 3.507551922011561268e-02
3.700000000000000000e+01 1.378629389123851119e-03 5.388043999999999611e-01 3.738013749796655072e-02
3.800000000000000000e+01 1.474133438495916527e-03 5.386075999999999642e-01 3.978677051051661417e-02
3.900000000000000000e+01 1.574724626797778613e-03 5.383888999999999481e-01 4.230007096340096528e-02
4.000000000000000000e+01 1.680668683848664290e-03 5.381460999999999606e-01 4.492392194825715890e-02
4.100000000000000000e+01 1.796491464429448778e-03 5.378663999999999668e-01 4.776673155431006984e-02
4.200000000000000000e+01 1.914782616229416092e-03 5.375657999999999825e-01 5.064196476703487770e-02
4.300000000000000000e+01 2.039458707343478130e-03 5.372331000000000190e-01 5.364287170562936219e-02
4.400000000000000000e+01 2.170840476222392519e-03 5.368652000000000424e-01 5.677406398575467888e-02
4.500000000000000000e+01 2.309297280888828775e-03 5.364588999999999608e-01 6.004016153133454742e-02
4.600000000000000000e+01 2.455238037906841506e-03 5.360103999999999980e-01 6.344663340299065701e-02
4.700000000000000000e+01 2.609035733195330838e-03 5.355159000000000447e-01 6.699771916633098789e-02
4.800000000000000000e+01 2.771128720920962990e-03 5.349713000000000385e-01 7.069881681132537954e-02
4.900000000000000000e+01 2.946120514771864447e-03 5.343567000000000178e-01 7.464928620500943524e-02
5.000000000000000000e+01 3.126890776727139429e-03 5.336940000000000017e-01 7.868113350628748448e-02
5.100000000000000000e+01 3.317442119831523050e-03 5.329656999999999867e-01 8.288006123363743372e-02
5.200000000000000000e+01 3.518279333902277813e-03 5.321658000000000222e-01 8.725113485589545970e-02
5.300000000000000000e+01 3.729994833161168026e-03 5.312879999999999825e-01 9.179969695265850771e-02
5.400000000000000000e+01 3.953012751750054239e-03 5.303257000000000110e-01 9.653024546188078425e-02
5.500000000000000000e+01 4.191137344026244285e-03 5.292567999999999717e-01 1.015149715939347302e-01
5.600000000000000000e+01 4.438921453356201724e-03 5.281008999999999842e-01 1.066306403804322123e-01
5.700000000000000000e+01 4.699696749494552094e-03 5.268374999999999586e-01 1.119402739391470170e-01
5.800000000000000000e+01 4.973983709188339528e-03 5.254581999999999864e-01 1.174464556794457826e-01
5.900000000000000000e+01 5.262276104692688306e-03 5.239542999999999839e-01 1.231507693336923032e-01
6.000000000000000000e+01 5.565051665579753316e-03 5.223168000000000255e-01 1.290541988287465802e-01
6.100000000000000000e+01 5.882736463831988831e-03 5.205364000000000102e-01 1.351563290420294272e-01
6.200000000000000000e+01 6.218499355827678682e-03 5.185870000000000202e-01 1.415089809499868179e-01
6.300000000000000000e+01 6.567400132431247539e-03 5.164900999999999520e-01 1.480077633711439911e-01
6.400000000000000000e+01 6.932159173077711255e-03 5.142217999999999511e-01 1.546963079448436251e-01
6.500000000000000000e+01 7.312943835292190151e-03 5.117730999999999808e-01 1.615688052914751871e-01
6.600000000000000000e+01 7.709797234561004305e-03 5.091350999999999516e-01 1.686171489681039803e-01
6.700000000000000000e+01 8.122679631950520396e-03 5.062995000000000134e-01 1.758320346936821099e-01
6.800000000000000000e+01 8.551432503546726321e-03 5.032585000000000530e-01 1.832023612380448974e-01
6.900000000000000000e+01 8.995781031014079762e-03 5.000054000000000443e-01 1.907153303958931123e-01
7.000000000000000000e+01 9.455319110733094792e-03 4.965340999999999783e-01 1.983564475102853053e-01
7.100000000000000000e+01 9.929524820603495214e-03 4.928397999999999946e-01 2.061098211153884752e-01
7.200000000000000000e+01 1.041777238106123167e-02 4.889186999999999839e-01 2.139585627626078290e-01
7.300000000000000000e+01 1.092014526330047433e-02 4.847655000000000158e-01 2.218897616739436696e-01
7.400000000000000000e+01 1.143419979414826877e-02 4.803845999999999949e-01 2.298739852027867347e-01
7.500000000000000000e+01 1.195973228621871783e-02 4.757739000000000273e-01 2.378962313188927591e-01
7.600000000000000000e+01 1.249575987568272983e-02 4.709345999999999810e-01 2.459371225194635913e-01
7.700000000000000000e+01 1.304120282114677905e-02 4.658698000000000006e-01 2.539764841971046683e-01
7.800000000000000000e+01 1.359496832579079953e-02 4.605832999999999733e-01 2.619949426879625287e-01
7.900000000000000000e+01 1.415593259584263693e-02 4.550802999999999932e-01 2.699733255325298953e-01
8.000000000000000000e+01 1.472297426474318029e-02 4.493668000000000107e-01 2.778933607351291024e-01
8.100000000000000000e+01 1.529498638583630388e-02 4.434499000000000080e-01 2.857376763451185409e-01
8.200000000000000000e+01 1.587087893876413386e-02 4.373370999999999786e-01 2.934897003084123712e-01
8.300000000000000000e+01 1.644903477908784065e-02 4.310438999999999798e-01 3.011258747116934420e-01
8.400000000000000000e+01 1.702986564083898424e-02 4.245617999999999892e-01 3.086526891389303473e-01
8.500000000000000000e+01 1.761154718810129666e-02 4.179103000000000123e-01 3.160442915101399075e-01
8.600000000000000000e+01 1.819321234470084800e-02 4.110987999999999865e-01 3.232894052164386745e-01
8.700000000000000000e+01 1.877405691690358161e-02 4.041365000000000096e-01 3.303777520625844066e-01
8.800000000000000000e+01 1.935334655747819599e-02 3.970328000000000190e-01 3.373004522676031902e-01
8.900000000000000000e+01 1.993081217606175459e-02 3.897919000000000245e-01 3.440544133387502534e-01
9.000000000000000000e+01 2.050517072733874097e-02 3.824312000000000267e-01 3.506248710596996387e-01
