1.000000000000000000e+01 3.249944627996912013e-04 5.402580999999999634e-01 4.676286731737891618e-03
1.100000000000000000e+01 3.945333059289193758e-04 5.402472000000000385e-01 5.670921828358132730e-03
1.200000000000000000e+01 4.712127943050077139e-04 5.402327999999999575e-01 6.765304799554852644e-03
1.300000000000000000e+01 5.556390455409994898e-04 5.402141000000000304e-01 7.967423823501237207e-03
1.400000000000000000e+01 6.472085770627714020e-04 5.401903999999999595e-01 9.267865065385157489e-03
1.500000000000000000e+01 7.464908909694101648e-04 5.401607000000000491e-01 1.067393860573716095e-02
1.600000000000000000e+01 8.535731173184533949e-04 5.401240999999999959e-01 1.218596214056318246e-02
1.700000000000000000e+01 9.687082673087602869e-04 5.400795000000000456e-01 1.380653836071827831e-02
1.800000000000000000e+01 1.092115281158876402e-03 5.400257000000000529e-01 1.553768691346406848e-02
1.900000000000000000e+01 1.224030762824213818e-03 5.399614000000000358e-01 1.738158660159705438e-02
2.000000000000000000e+01 1.364706551737894123e-03 5.398851999999999540e-01 1.934051540673516201e-02
2.100000000000000000e+01 1.514407590018811102e-03 5.397956000000000421e-01 2.141685063845708351e-02
2.200000000000000000e+01 1.673413788111567657e-03 5.396906999999999677e-01 2.361303873058707287e-02
2.300000000000000000e+01 1.842025686714299313e-03 5.395689000000000179e-01 2.593173518714013068e-02
2.400000000000000000e+01 2.020549818480322536e-03 5.394282000000000243e-01 2.837550487336210417e-02
2.500000000000000000e+01 2.209320663665696478e-03 5.392662999999999762e-01 3.094724150603844412e-02
2.600000000000000000e+01 2.408671549978498323e-03 5.390810000000000324e-01 3.364963839416898472e-02
2.700000000000000000e+01 2.627031103872026589e-03 5.388612000000000402e-01 3.659458013174151508e-02
2.800000000000000000e+01 2.850142292715887506e-03 5.386189000000000116e-01 3.958674544627540509e-02
2.900000000000000000e+01 3.085150619200360735e-03 5.383445999999999509e-01 4.272094685121737012e-02
3.000000000000000000e+01 3.332498366425116956e-03 5.380348999999999826e-01 4.600067199018252617e-02
3.100000000000000000e+01 3.592583357288743184e-03 5.376864000000000088e-01 4.942870990641747009e-02
3.200000000000000000e+01 3.865861089209815700e-03 5.372953999999999786e-01 5.300845709973131537e-02
3.300000000000000000e+01 4.152790415564060547e-03 5.368579999999999464e-01 5.674297902943540445e-02
3.400000000000000000e+01 4.453782822227067562e-03 5.363698999999999550e-01 6.063511390546282021e-02
3.500000000000000000e+01 4.773229062351667593e-03 5.358195000000000041e-01 6.473831565543765321e-02
3.600000000000000000e+01 5.104412749940724116e-03 5.352145000000000374e-01 6.896247328490984208e-02
3.700000000000000000e+01 5.451100945182411894e-03 5.345440000000000191e-01 7.335308484801743301e-02
3.800000000000000000e+01 5.813730921481562522e-03 5.338028000000000217e-01 7.791229506654410997e-02
3.900000000000000000e+01 6.192724216284430615e-03 5.329852000000000478e-01 8.264189890797467297e-02
4.000000000000000000e+01 6.588461514367563616e-03 5.320852999999999833e-01 8.754304260925706294e-02
4.100000000000000000e+01 7.001315536057261223e-03 5.310968999999999829e-01 9.261665242705030554e-02
4.200000000000000000e+01 7.431735315329662632e-03 5.300135999999999736e-01 9.786364928164319188e-02
4.300000000000000000e+01 7.879781122112638342e-03 5.288289999999999935e-01 1.032824250515148728e-01
4.400000000000000000e+01 8.345778107796226683e-03 5.275364000000000164e-01 1.088723354858883996e-01
4.500000000000000000e+01 8.829908050720302118e-03 5.261289000000000105e-01 1.146316937956142201e-01
4.600000000000000000e+01 9.335215338189513726e-03 5.245902999999999539e-01 1.205928664580814408e-01
4.700000000000000000e+01 9.856045732179298871e-03 5.229314000000000462e-01 1.266842735278468357e-01
4.800000000000000000e+01 1.039503784021342768e-02 5.211371999999999671e-01 1.329337988686446204e-01
4.900000000000000000e+01 1.095201651447573997e-02 5.192012999999999767e-01 1.393356405649942842e-01
5.000000000000000000e+01 1.152671221084430007e-02 5.171172000000000546e-01 1.458830008603499984e-01
5.100000000000000000e+01 1.211876835626339230e-02 5.148791999999999813e-01 1.525682861303033766e-01
5.200000000000000000e+01 1.272771075273110807e-02 5.124815999999999816e-01 1.593827080453057710e-01
5.300000000000000000e+01 1.335294956512645542e-02 5.099194000000000226e-01 1.663163836758558278e-01
5.400000000000000000e+01 1.399379227494006346e-02 5.071881999999999779e-01 1.733585350750657672e-01
5.500000000000000000e+01 1.464945265104965894e-02 5.042841000000000129e-01 1.804975888955537566e-01
5.600000000000000000e+01 1.531904974485502786e-02 5.012041000000000412e-01 1.877212767039004027e-01
5.700000000000000000e+01 1.600160989270710959e-02 4.979458999999999969e-01 1.950165345964358088e-01
5.800000000000000000e+01 1.669608165746581246e-02 4.945077999999999974e-01 2.023698028869932164e-01
5.900000000000000000e+01 1.740136174326237239e-02 4.908892000000000255e-01 2.097673250273418277e-01
6.000000000000000000e+01 1.811626211239060480e-02 4.870902999999999761e-01 2.171946486856486946e-01
6.100000000000000000e+01 1.883961263949137169e-02 4.831119999999999859e-01 2.246379217426665020e-01
6.200000000000000000e+01 1.957013453043283946e-02 4.789559999999999929e-01 2.320823974803003786e-01
6.300000000000000000e+01 2.030661475730071927e-02 4.746250000000000191e-01 2.395143270235316202e-01
6.400000000000000000e+01 2.104850970876530683e-02 4.701226000000000016e-01 2.469192129778453593e-01
6.500000000000000000e+01 2.179356155690476832e-02 4.654500999999999777e-01 2.542881912488672569e-01
6.600000000000000000e+01 2.254086477176553416e-02 4.606143999999999794e-01 2.616040831567730818e-01
6.700000000000000000e+01 2.328927603080022807e-02 4.556208999999999953e-01 2.688548391034970009e-01
6.800000000000000000e+01 2.403769785560190900e-02 4.504750000000000143e-01 2.760290077503769757e-01
6.900000000000000000e+01 2.478509455832694081e-02 4.451825999999999839e-01 2.831159353914528554e-01
7.000000000000000000e+01 2.553051018324593857e-02 4.397499999999999742e-01 2.901059651872496259e-01
7.100000000000000000e+01 2.627303861632713025e-02 4.341835000000000000e-01 2.969899380339705020e-01
7.200000000000000000e+01 2.701186842451180209e-02 4.284896999999999734e-01 3.037598911373576849e-01
7.300000000000000000e+01 2.774623403348363063e-02 4.226753999999999789e-01 3.104082594731570333e-01
7.400000000000000000e+01 2.847544761321342890e-02 4.167471999999999843e-01 3.169283747784124583e-01
7.500000000000000000e+01 2.919890207065127530e-02 4.107122000000000273e-01 3.233144653421967663e-01
7.600000000000000000e+01 2.991601822993870605e-02 4.045772000000000257e-01 3.295609579898018393e-01
7.700000000000000000e+01 3.062630960836317667e-02 3.983492000000000144e-01 3.356633757508716287e-01
7.800000000000000000e+01 3.132932561361501805e-02 3.920351999999999726e-01 3.416175398779178196e-01
7.900000000000000000e+01 3.202465054622339463e-02 3.856423999999999963e-01 3.474195699160766426e-01
8.000000000000000000e+01 3.271194246074839163e-02 3.791779000000000122e-01 3.530664824508082944e-01
8.100000000000000000e+01 3.339017755980421692e-02 3.726572000000000218e-01 3.585487256307784976e-01
8.200000000000000000e+01 3.406078333297400673e-02 3.660679000000000016e-01 3.638802338227647426e-01
8.300000000000000000e+01 3.472288551526583195e-02 3.594240000000000212e-01 3.690528481377664538e-01
8.400000000000000000e+01 3.537641430640008078e-02 3.527309000000000139e-01 3.740661724799353438e-01
8.500000000000000000e+01 3.602139560653717931e-02 3.459927999999999892e-01 3.789207062591049557e-01
8.600000000000000000e+01 3.665731201577999976e-02 3.392215000000000091e-01 3.836118744226692523e-01
8.700000000000000000e+01 3.728442269635424966e-02 3.324189000000000171e-01 3.881424656855548272e-01
8.800000000000000000e+01 3.790273360444030432e-02 3.255904000000000020e-01 3.925128806080240840e-01
8.900000000000000000e+01 3.851295651160457911e-02 3.187308999999999837e-01 3.967297857788776860e-01
9.000000000000000000e+01 3.911436663414214615e-02 3.118565999999999838e-01 4.007871169843512105e-01
