1.000000000000000000e+01 -2.761703673131286980e-05 1.067348422365439689e+02
1.000000000000000000e+01 -3.724976218705748458e-03 3.882275157908834728e+01
1.000000000000000000e+01 -4.488651979957296312e-02 4.259306839615049967e+00
1.000000000000000000e+01 -7.320052560806647284e-03 2.845724381246125034e+01
1.000000000000000000e+01 -4.017320237827028476e-03 8.204977855043227919e+01
1.000000000000000000e+01 -5.689241670644056281e-01 7.275697578938492782e+00
1.000000000000000000e+01 -1.000000000000000000e+00 4.548673628391865620e+00
1.000000000000000000e+01 -8.594475781324799613e-01 6.270920765446808431e+00
1.000000000000000000e+01 -9.993363618192099285e-01 6.421252434730225112e+00
1.000000000000000000e+01 -1.000000000000000000e+00 6.933528184869629740e+00
1.000000000000000000e+01 -8.995920750693370271e-01 7.955500085815558009e+00
1.100000000000000000e+01 -3.456182026937183873e-05 1.068786451697600342e+02
1.100000000000000000e+01 -4.086511914023018867e-03 3.880690580053075678e+01
1.100000000000000000e+01 -4.984592799359847948e-02 4.261273021972874275e+00
1.100000000000000000e+01 -8.069675845275719323e-03 2.846288966190292768e+01
1.100000000000000000e+01 -4.059928738148621194e-03 8.217281468243179177e+01
1.100000000000000000e+01 -5.712198074658784153e-01 7.962501220767082444e+00
1.100000000000000000e+01 -1.000000000000000000e+00 4.998008736887337378e+00
1.100000000000000000e+01 -8.612121043887884797e-01 6.899787948213944588e+00
1.100000000000000000e+01 -9.987296059024036721e-01 7.177074028067925049e+00
1.100000000000000000e+01 -1.000000000000000000e+00 7.584933323467187627e+00
1.100000000000000000e+01 -9.032426943958346000e-01 8.801604563682428051e+00
1.200000000000000000e+01 -4.478175430791219683e-05 1.069190460532152258e+02
1.200000000000000000e+01 -4.457311052200748323e-03 3.878440250650788101e+01
1.200000000000000000e+01 -5.484941501967574573e-02 4.263238054771193219e+00
1.200000000000000000e+01 -8.854022643810443779e-03 2.846673717680151583e+01
1.200000000000000000e+01 -4.135794612285127909e-03 8.226760761069677130e+01
1.200000000000000000e+01 -5.731457610227679300e-01 8.656920673945897704e+00
1.200000000000000000e+01 -1.000000000000000000e+00 5.445515797558218019e+00
1.200000000000000000e+01 -8.666520461321500779e-01 7.513606735004747073e+00
1.300000000000000000e+01 -5.898567724033088462e-05 1.068671441610111827e+02
1.300000000000000000e+01 -4.836638335903920005e-03 3.875591815998058820e+01
1.300000000000000000e+01 -5.989713776574606685e-02 4.265237555955012638e+00
1.300000000000000000e+01 -9.670471000842494405e-03 2.846911840217568113e+01
1.300000000000000000e+01 -4.237907526656971464e-03 8.234227684963813942e+01
1.300000000000000000e+01 -5.751384966611933214e-01 9.365175123818534786e+00
1.300000000000000000e+01 -1.000000000000000000e+00 5.891572500642324961e+00
1.300000000000000000e+01 -8.731805578415510194e-01 8.125737960879140687e+00
1.400000000000000000e+01 -7.802610967119141415e-05 1.067262375216196943e+02
1.400000000000000000e+01 -5.224298944385682986e-03 3.872185953845810502e+01
1.400000000000000000e+01 -6.506276885886740080e-02 4.267341689858499265e+00
1.400000000000000000e+01 -1.051892298809335886e-02 2.847025698454735121e+01
1.400000000000000000e+01 -4.361272931222893307e-03 8.240218342370228299e+01
1.400000000000000000e+01 -5.774385333813655263e-01 1.007936415653271389e+01
1.400000000000000000e+01 -1.000000000000000000e+00 6.336165122602839261e+00
1.400000000000000000e+01 -8.805290031403184559e-01 8.748272516551306666e+00
1.500000000000000000e+01 -1.025055640330760180e-04 1.064994473492938454e+02
1.500000000000000000e+01 -5.617840667452429076e-03 3.868215323996747657e+01
1.500000000000000000e+01 -7.021171715112317635e-02 4.269475849652490496e+00
1.500000000000000000e+01 -1.139571946853137376e-02 2.847029676278570420e+01
1.500000000000000000e+01 -4.501642647143714628e-03 8.245097706729971776e+01
1.500000000000000000e+01 -5.793853984088693787e-01 1.080884242775004545e+01
1.500000000000000000e+01 -1.000000000000000000e+00 6.779226908797846285e+00
1.600000000000000000e+01 -1.331395393092077255e-04 1.061844720831503395e+02
1.600000000000000000e+01 -6.017913442791371879e-03 3.863693747548810364e+01
1.600000000000000000e+01 -7.541181898938592587e-02 4.271691273809270051e+00
1.600000000000000000e+01 -1.229946692728295723e-02 2.846924277197949493e+01
1.600000000000000000e+01 -4.656426469089464289e-03 8.249119020072198794e+01
1.600000000000000000e+01 -5.812511219959870523e-01 1.154779808670827634e+01
1.600000000000000000e+01 -1.000000000000000000e+00 7.220956174744615375e+00
1.700000000000000000e+01 -1.704986348649231850e-04 1.057782714584916306e+02
1.700000000000000000e+01 -6.423636196193876179e-03 3.858609789073619112e+01
1.700000000000000000e+01 -8.066504387404513365e-02 4.274013224108798248e+00
1.700000000000000000e+01 -1.323038807936422444e-02 2.846712843769451240e+01
1.700000000000000000e+01 -4.823369820234506278e-03 8.252461236354355378e+01
1.700000000000000000e+01 -5.831126849067558293e-01 1.229162918605275756e+01
1.700000000000000000e+01 -1.000000000000000000e+00 7.661096471278814768e+00
1.800000000000000000e+01 -2.148952613612669336e-04 1.052782374071928757e+02
1.800000000000000000e+01 -6.834287645206256999e-03 3.852944511616460233e+01
1.800000000000000000e+01 -8.596485447176295536e-02 4.276418731294818976e+00
1.800000000000000000e+01 -1.418647740957942535e-02 2.846392262290973818e+01
1.800000000000000000e+01 -5.000848766285336845e-03 8.255258720920124915e+01
1.800000000000000000e+01 -5.851294380443874399e-01 1.303847717987895827e+01
1.900000000000000000e+01 -2.664653277274438878e-04 1.046810503801966519e+02
1.900000000000000000e+01 -7.248872132616485456e-03 3.846673832495854839e+01
1.900000000000000000e+01 -9.132148977492761388e-02 4.278947294217123165e+00
1.900000000000000000e+01 -5.187195291379353285e-03 8.257600775823330252e+01
1.900000000000000000e+01 -1.516881519215635549e-02 2.845962739326997593e+01
2.000000000000000000e+01 -3.250508126985382539e-04 1.039841416105270753e+02
2.000000000000000000e+01 -7.666934514127195059e-03 3.839730591997132336e+01
2.000000000000000000e+01 -9.678568916869791094e-02 4.279085958278349366e+00
2.000000000000000000e+01 -5.381369546872162568e-03 8.259554679936695720e+01
2.000000000000000000e+01 -1.617708767726533381e-02 2.845387974597187508e+01
2.100000000000000000e+01 -3.902037566361328080e-04 1.031857727819069908e+02
2.100000000000000000e+01 -8.087041875941102312e-03 3.832120455234241518e+01
2.100000000000000000e+01 -1.023003091587695590e-01 4.280158079773192625e+00
2.100000000000000000e+01 -5.582603709836305404e-03 8.261177437347708974e+01
2.100000000000000000e+01 -1.721084806248510124e-02 2.844711888416282264e+01
2.200000000000000000e+01 -4.611897673131953824e-04 1.022852490219906656e+02
2.200000000000000000e+01 -8.508098825424779271e-03 3.823817889346376120e+01
2.200000000000000000e+01 -1.078531416037796786e-01 4.282666019554270065e+00
2.200000000000000000e+01 -5.790004799420291753e-03 8.262502323929534498e+01
2.200000000000000000e+01 -1.827020468530113698e-02 2.843925593815466257e+01
2.300000000000000000e+01 -5.370932346118760308e-04 1.012830542834280010e+02
2.300000000000000000e+01 -8.929121668813452470e-03 3.814757439253349958e+01
2.300000000000000000e+01 -1.134727129120959854e-01 4.285392442457504281e+00
2.300000000000000000e+01 -6.002935186637932581e-03 8.263553188239245628e+01
2.300000000000000000e+01 -1.935593855662616145e-02 2.843012096693491486e+01
2.400000000000000000e+01 -6.167610365643456938e-04 1.001808804981503727e+02
2.400000000000000000e+01 -9.348672385668430063e-03 3.804866608508832115e+01
2.400000000000000000e+01 -1.191938992854681550e-01 4.287128174989605967e+00
2.400000000000000000e+01 -6.220817346085749482e-03 8.264344133681852611e+01
2.400000000000000000e+01 -2.046830738102627806e-02 2.841950863478586342e+01
2.500000000000000000e+01 -6.990016531298761217e-04 9.898168833460255200e+01
2.500000000000000000e+01 -9.765629280518267966e-03 3.794108382078384523e+01
2.500000000000000000e+01 -6.443442194731009709e-03 8.264884998272110295e+01
2.500000000000000000e+01 -1.250017873147377667e-01 4.288786600769489255e+00
2.500000000000000000e+01 -2.160820425112274304e-02 2.840747546513214417e+01
2.600000000000000000e+01 -7.824476206742861893e-04 9.768957732210094491e+01
2.600000000000000000e+01 -1.017808449809356162e-02 3.782451567315432328e+01
2.600000000000000000e+01 -6.670419324164015423e-03 8.265181239204380859e+01
2.600000000000000000e+01 -1.307869088592672480e-01 4.294271136084592655e+00
2.600000000000000000e+01 -2.277516396760256856e-02 2.839439770248561956e+01
2.700000000000000000e+01 -8.656136902168412497e-04 9.630983795921808621e+01
2.700000000000000000e+01 -1.058423316334125390e-02 3.769781642886746909e+01
2.700000000000000000e+01 -6.901459926786671258e-03 8.265218069722313032e+01
2.700000000000000000e+01 -1.366905712076254553e-01 4.298597092838345013e+00
2.700000000000000000e+01 -2.397198925036618175e-02 2.837954401848315911e+01
2.800000000000000000e+01 -9.472205477024522131e-04 9.484870075207834361e+01
2.800000000000000000e+01 -1.098232648411933028e-02 3.756098784008523950e+01
2.800000000000000000e+01 -7.136633521575405995e-03 8.264989857138851903e+01
2.800000000000000000e+01 -1.425299639649045547e-01 4.307762289448207049e+00
2.800000000000000000e+01 -2.519857178337407341e-02 2.836371675918366009e+01
2.900000000000000000e+01 -1.025905996711504262e-03 9.331346997346527417e+01
2.900000000000000000e+01 -1.137033842532232317e-02 3.741244462892986888e+01
2.900000000000000000e+01 -7.375843327848188684e-03 8.264451479641472531e+01
2.900000000000000000e+01 -1.485093137410741504e-01 4.315236759472126593e+00
2.900000000000000000e+01 -2.645938740465695119e-02 2.834567648836537401e+01
3.000000000000000000e+01 -1.102844707285300383e-03 9.161907708515126103e+01
3.000000000000000000e+01 -1.174607707602791373e-02 3.724662264410291357e+01
3.000000000000000000e+01 -7.620673245115008702e-03 8.263442795214217540e+01
3.000000000000000000e+01 -1.545524731323552059e-01 4.324324566755509025e+00
3.000000000000000000e+01 -2.776066496386652566e-02 2.832528863423580390e+01
3.100000000000000000e+01 -1.172462494556410131e-03 8.994702701457828198e+01
3.100000000000000000e+01 -1.210376260283432120e-02 3.707077937863365236e+01
3.100000000000000000e+01 -7.867360074951522744e-03 8.262045000510919124e+01
3.100000000000000000e+01 -1.607658794009785286e-01 4.330785001212811736e+00
3.100000000000000000e+01 -2.909579392271905221e-02 2.830280426695163243e+01
3.200000000000000000e+01 -1.238625820117590518e-03 8.822845572755799992e+01
3.200000000000000000e+01 -1.244251390597210516e-02 3.687891372192439832e+01
3.200000000000000000e+01 -8.115894484764431954e-03 8.259938286974188770e+01
3.200000000000000000e+01 -1.674084542842811663e-01 4.328008489305253725e+00
3.200000000000000000e+01 -3.047674492034317326e-02 2.827628504967433187e+01
3.300000000000000000e+01 -1.312654304835616506e-03 8.647843764862695082e+01
3.300000000000000000e+01 -1.275564147372557251e-02 3.667280657669360977e+01
3.300000000000000000e+01 -8.354106340420270130e-03 8.256551041921242984e+01
3.300000000000000000e+01 -1.738567240938670710e-01 4.334481837815288507e+00
3.300000000000000000e+01 -3.189805362094003810e-02 2.824853641981715668e+01
3.400000000000000000e+01 -1.496970006799552919e-03 8.472920932042001141e+01
3.400000000000000000e+01 -1.303886212580321682e-02 3.645010647129245740e+01
3.400000000000000000e+01 -8.479455855227172392e-03 8.249647192385042160e+01
3.400000000000000000e+01 -1.803879733285623232e-01 4.341933555250926169e+00
3.400000000000000000e+01 -3.336684584273639370e-02 2.821782608526383029e+01
3.500000000000000000e+01 -3.532893668924083717e-03 8.313346364960015933e+01
3.500000000000000000e+01 -1.328579155036079332e-02 3.620962558240167084e+01
3.500000000000000000e+01 -6.750884452538019609e-03 8.224845287249030434e+01
3.500000000000000000e+01 -1.870110506009898810e-01 4.350185485701415722e+00
3.500000000000000000e+01 -3.488705699432973623e-02 2.818376065621487214e+01
3.600000000000000000e+01 -2.468457619329261776e-03 8.082134626319714243e+01
3.600000000000000000e+01 -1.348980337064000987e-02 3.594989156946557785e+01
3.600000000000000000e+01 -8.120886575077305991e-03 8.270314033704322298e+01
3.600000000000000000e+01 -1.938333266079118322e-01 4.356652902530097293e+00
3.600000000000000000e+01 -3.646546578752418721e-02 2.814537768025539677e+01
3.700000000000000000e+01 -1.976940222653207450e-03 7.900653116712965129e+01
3.700000000000000000e+01 -1.363984209033962565e-02 3.566922987455604499e+01
3.700000000000000000e+01 -8.918220009714645027e-03 8.262016799037560588e+01
3.700000000000000000e+01 -1.998540723766928373e-01 4.385927027881598050e+00
3.700000000000000000e+01 -3.809347981588448451e-02 2.810636616429044921e+01
3.800000000000000000e+01 -1.886355812379192929e-03 7.719588643877084166e+01
3.800000000000000000e+01 -1.372756368681451143e-02 3.536777605420583370e+01
3.800000000000000000e+01 -9.314812604476767691e-03 8.256892144040679682e+01
3.800000000000000000e+01 -2.066879509966861872e-01 4.397981943635610236e+00
3.800000000000000000e+01 -3.979686278217349493e-02 2.805937892916688270e+01
3.900000000000000000e+01 -1.879892725702051164e-03 7.539345868714008247e+01
3.900000000000000000e+01 -1.374020783557585411e-02 3.504419191870766070e+01
3.900000000000000000e+01 -9.630176622707115747e-03 8.252381978147010955e+01
3.900000000000000000e+01 -2.136094500425575193e-01 4.411100156315614029e+00
3.900000000000000000e+01 -4.157251935234172746e-02 2.800656659896556633e+01
4.000000000000000000e+01 -1.907159432694722568e-03 7.361476880534276290e+01
4.000000000000000000e+01 -1.366460064202277593e-02 3.469785674017334287e+01
4.000000000000000000e+01 -9.917804097907437916e-03 8.247861875231083673e+01
4.000000000000000000e+01 -2.206171798634241898e-01 4.425363493118232405e+00
4.000000000000000000e+01 -4.342698651503009571e-02 2.794687740585708724e+01
4.100000000000000000e+01 -1.955721517320218022e-03 7.187108444163679621e+01
4.100000000000000000e+01 -1.348706472774114165e-02 3.432855672863965424e+01
4.100000000000000000e+01 -1.019319186179986139e-02 8.243082354307729531e+01
4.100000000000000000e+01 -2.277078629806168208e-01 4.440869249274106423e+00
4.100000000000000000e+01 -4.536534849862170621e-02 2.787898661984375437e+01
4.200000000000000000e+01 -2.023249790012631669e-03 7.017181530606589490e+01
4.200000000000000000e+01 -1.319508674947036247e-02 3.393662866719223814e+01
4.200000000000000000e+01 -1.046202888007951269e-02 8.237907113854596730e+01
4.200000000000000000e+01 -2.348768233881667056e-01 4.457729374011352164e+00
4.200000000000000000e+01 -4.739014251989187576e-02 2.780119650145949706e+01
4.300000000000000000e+01 -2.111276751035006793e-03 6.852526568918476357e+01
4.300000000000000000e+01 -1.278008608406264006e-02 3.352317552380011989e+01
4.300000000000000000e+01 -1.072727354768395272e-02 8.232252850467277483e+01
4.300000000000000000e+01 -2.421205074812878000e-01 4.476040527326058616e+00
4.300000000000000000e+01 -4.950031147157107209e-02 2.771129933484147401e+01
4.400000000000000000e+01 -2.222814811331309901e-03 6.693857758541778935e+01
4.400000000000000000e+01 -1.224226167187379526e-02 3.309023929157211796e+01
4.400000000000000000e+01 -1.099025385637076094e-02 8.226051461943249876e+01
4.400000000000000000e+01 -2.494342145558552382e-01 4.495913510745350727e+00
4.400000000000000000e+01 -5.168512645567209518e-02 2.760648610717143470e+01
4.500000000000000000e+01 -2.361363645219329357e-03 6.541779340001471610e+01
4.500000000000000000e+01 -1.159847160183472350e-02 3.264108324126055294e+01
4.500000000000000000e+01 -1.125164327225086983e-02 8.219245514994575785e+01
4.500000000000000000e+01 -2.568116193336153485e-01 4.517474073710765481e+00
4.500000000000000000e+01 -5.391694019132106663e-02 2.748315682052072262e+01
4.600000000000000000e+01 -2.531384249377343666e-03 6.395224808194596022e+01
4.600000000000000000e+01 -1.088815843758417223e-02 3.217596755858993163e+01
4.600000000000000000e+01 -1.151227503943386132e-02 8.211677598860453031e+01
4.600000000000000000e+01 -2.641198005876758681e-01 4.543293838638352788e+00
4.600000000000000000e+01 -5.614089819574737822e-02 2.733629706408860827e+01
4.700000000000000000e+01 -2.734471331917342606e-03 6.257595918146752467e+01
4.700000000000000000e+01 -1.020729338248370539e-02 3.170890063665958891e+01
4.700000000000000000e+01 -1.177111391509218577e-02 8.203478444827196370e+01
4.700000000000000000e+01 -2.715769935203938279e-01 4.569039150800549898e+00
4.700000000000000000e+01 -5.825935190628470095e-02 2.716143697798745293e+01
4.800000000000000000e+01 -2.973097015680499500e-03 6.127675398083174940e+01
4.800000000000000000e+01 -9.690993762310534318e-03 3.124343096120200514e+01
4.800000000000000000e+01 -1.202840379444550072e-02 8.194508295855918334e+01
4.800000000000000000e+01 -2.790680896490276286e-01 4.596932863854702234e+00
4.800000000000000000e+01 -6.012401321101545904e-02 2.695218473169374818e+01
4.900000000000000000e+01 -3.248212946294523097e-03 6.005562615262073223e+01
4.900000000000000000e+01 -9.531026222704439693e-03 3.078754139911361420e+01
4.900000000000000000e+01 -1.228447982112649585e-02 8.184722639996400062e+01
4.900000000000000000e+01 -2.865853866199009059e-01 4.627125348945286376e+00
4.900000000000000000e+01 -6.153815122455410375e-02 2.670221965286917154e+01
5.000000000000000000e+01 -3.559325404074288254e-03 5.891247588901462251e+01
5.000000000000000000e+01 -9.950261692656368201e-03 3.034964012017758606e+01
5.000000000000000000e+01 -1.253927297838471414e-02 8.174072995624980820e+01
5.000000000000000000e+01 -2.941192202558672864e-01 4.659770476985667820e+00
5.000000000000000000e+01 -6.227405670648604452e-02 2.640539006056399174e+01
5.100000000000000000e+01 -3.904455013750759464e-03 5.784606223367167388e+01
5.100000000000000000e+01 -1.115260042666368911e-02 2.993831619018602908e+01
5.100000000000000000e+01 -1.279234719135855479e-02 8.162506789634262816e+01
5.100000000000000000e+01 -3.016536981774555759e-01 4.695058009496851703e+00
5.100000000000000000e+01 -6.212151698902198399e-02 2.605604823364635791e+01
5.200000000000000000e+01 -4.280500324063786673e-03 5.685415788271896531e+01
5.200000000000000000e+01 -1.324574015933284096e-02 2.956181114002686883e+01
5.200000000000000000e+01 -1.304395899573556131e-02 8.149985458063588339e+01
5.200000000000000000e+01 -3.091847630245457834e-01 4.733121776389236146e+00
5.200000000000000000e+01 -6.097237862251207036e-02 2.564955651383514379e+01
5.300000000000000000e+01 -4.683191828322968986e-03 5.593366778033659870e+01
5.300000000000000000e+01 -1.617479043226709157e-02 2.922696270561681331e+01
5.300000000000000000e+01 -1.329355264102054929e-02 8.136459960094599353e+01
5.300000000000000000e+01 -5.887277528020274514e-02 2.518341086087126968e+01
5.300000000000000000e+01 -3.166919363668067589e-01 4.774172565729728923e+00
5.400000000000000000e+01 -5.107602588553286117e-03 5.508083470541547655e+01
5.400000000000000000e+01 -1.970812229293255474e-02 2.893703161356815912e+01
5.400000000000000000e+01 -1.354116257206905601e-02 8.121891736859188882e+01
5.400000000000000000e+01 -5.605047563254735715e-02 2.465908022322948412e+01
5.400000000000000000e+01 -3.241665167972151429e-01 4.818379032494009451e+00
5.500000000000000000e+01 -5.548403956444812601e-03 5.429144339220509607e+01
5.500000000000000000e+01 -2.351709965196128321e-02 2.868940606007009109e+01
5.500000000000000000e+01 -1.378671574395431108e-02 8.106248375890773161e+01
5.500000000000000000e+01 -5.282966686804053957e-02 2.408412645667897323e+01
5.500000000000000000e+01 -3.315946898747890725e-01 4.865866082467526610e+00
5.600000000000000000e+01 -6.002425145849589819e-03 5.355782106830057643e+01
5.600000000000000000e+01 -2.733980884148182189e-02 2.847812497877299265e+01
5.600000000000000000e+01 -1.403069418731999786e-02 8.089404617089429905e+01
5.600000000000000000e+01 -4.945358501111477012e-02 2.346555551219900337e+01
5.600000000000000000e+01 -3.388607863231550832e-01 4.918876218913631249e+00
5.700000000000000000e+01 -6.459860713850562423e-03 5.288181428779473237e+01
5.700000000000000000e+01 -3.094862416944905298e-02 2.829597723892671013e+01
5.700000000000000000e+01 -4.615198540799329840e-02 2.282068649935198579e+01
5.700000000000000000e+01 -1.427152582574931459e-02 8.071511476203839663e+01
5.700000000000000000e+01 -3.461767455547424821e-01 4.973760764587007444e+00
5.800000000000000000e+01 -6.918032633521687541e-03 5.225536395747456453e+01
5.800000000000000000e+01 -4.296902207722690797e-02 2.215976038285063865e+01
5.800000000000000000e+01 -3.428565155423597688e-02 2.813350126651261007e+01
5.800000000000000000e+01 -1.450988904577971660e-02 8.052469721108768397e+01
5.800000000000000000e+01 -3.534286435020431161e-01 5.032451235241827803e+00
5.900000000000000000e+01 -7.372697578830944218e-03 5.167389544355800979e+01
5.900000000000000000e+01 -3.989390044591051981e-02 2.149191320843081243e+01
5.900000000000000000e+01 -3.734154413834869790e-02 2.798463940743578959e+01
5.900000000000000000e+01 -1.474558816125067125e-02 8.032266489156280898e+01
5.900000000000000000e+01 -3.606020969049260061e-01 5.095186337171169200e+00
6.000000000000000000e+01 -7.820081957198235165e-03 5.113300550155671687e+01
6.000000000000000000e+01 -3.689061143802474518e-02 2.082458909519147028e+01
6.000000000000000000e+01 -4.013902050537453831e-02 2.784470939810640289e+01
6.000000000000000000e+01 -1.497859979392001349e-02 8.010899364850715187e+01
6.000000000000000000e+01 -3.677053325234826420e-01 5.162098855348496329e+00
6.100000000000000000e+01 -8.257169734838577108e-03 5.062852358546151521e+01
6.100000000000000000e+01 -3.390870600877370078e-02 2.016356647700710170e+01
6.100000000000000000e+01 -4.271045159870028723e-02 2.771033776605205645e+01
6.100000000000000000e+01 -1.520888470812054548e-02 7.988376461850577925e+01
6.100000000000000000e+01 -3.747439687912506034e-01 5.233337963796277137e+00
6.200000000000000000e+01 -8.681485146764643043e-03 5.015654688175695242e+01
6.200000000000000000e+01 -3.089631172869556491e-02 1.951322587362481897e+01
6.200000000000000000e+01 -1.543645280345860848e-02 7.964713808089096858e+01
6.200000000000000000e+01 -4.508853152912793011e-02 2.757909248708220673e+01
6.200000000000000000e+01 -3.817326804241332749e-01 5.309032954408519522e+00
6.300000000000000000e+01 -9.091129349362521428e-03 4.971350598220143979e+01
6.300000000000000000e+01 -2.779881293916492205e-02 1.887707618329102388e+01
6.300000000000000000e+01 -1.566131965306177473e-02 7.939934441710515500e+01
6.300000000000000000e+01 -4.730001459397206037e-02 2.744916018608513752e+01
6.300000000000000000e+01 -3.886666884371191011e-01 5.389367275794819001e+00
6.400000000000000000e+01 -2.456784129069394459e-02 1.825759482062733241e+01
6.400000000000000000e+01 -9.484698040501253133e-03 4.929608733378178442e+01
6.400000000000000000e+01 -1.588355369308117049e-02 7.914073279768533098e+01
6.400000000000000000e+01 -4.936979578395945395e-02 2.731929941943761264e+01
6.400000000000000000e+01 -3.955745228613675724e-01 5.474437158285721416e+00
6.500000000000000000e+01 -2.115463364104959443e-02 1.765666214822526570e+01
6.500000000000000000e+01 -9.861214992790719516e-03 4.890128117007071751e+01
6.500000000000000000e+01 -1.610325240311322528e-02 7.887173915800559598e+01
6.500000000000000000e+01 -5.131737014097515620e-02 2.718857461895644789e+01
6.500000000000000000e+01 -4.024817169179977228e-01 5.564347885023599005e+00
6.600000000000000000e+01 -1.751116212425876673e-02 1.707550666271516704e+01
6.600000000000000000e+01 -1.022002350307758996e-02 4.852631592879058076e+01
6.600000000000000000e+01 -1.632057236269491077e-02 7.859287850246823837e+01
6.600000000000000000e+01 -5.315989395338293483e-02 2.705636095038887490e+01
6.600000000000000000e+01 -4.094350514595835322e-01 5.659163458841932837e+00
6.700000000000000000e+01 -1.358049458809248815e-02 1.651481760835511992e+01
6.700000000000000000e+01 -1.056066983574084107e-02 4.816861930872128283e+01
6.700000000000000000e+01 -1.653541826438397616e-02 7.830448381844894357e+01
6.700000000000000000e+01 -5.490746300142319847e-02 2.692182635355717579e+01
6.700000000000000000e+01 -4.164403853180912440e-01 5.759035506639173185e+00
6.800000000000000000e+01 -9.320410445847937889e-03 1.597600598537419003e+01
6.800000000000000000e+01 -1.088334571873208860e-02 4.782627670111030227e+01
6.800000000000000000e+01 -1.674843482417720519e-02 7.800768747592201180e+01
6.800000000000000000e+01 -5.656883019747292740e-02 2.678496717498469337e+01
6.800000000000000000e+01 -4.235672633393897657e-01 5.863901523302834207e+00
6.900000000000000000e+01 -4.669651432087146802e-03 1.545901280927167498e+01
6.900000000000000000e+01 -1.118792616798152534e-02 4.749710751754304283e+01
6.900000000000000000e+01 -1.695963512011726404e-02 7.770299756098036426e+01
6.900000000000000000e+01 -5.815272552431755698e-02 2.664535375538569895e+01
6.900000000000000000e+01 -4.308667382852146011e-01 5.973752499857106102e+00
7.000000000000000000e+01 4.323724575605601738e-04 1.496407745963825420e+01
7.000000000000000000e+01 -1.147456713136665168e-02 4.717931156338347165e+01
7.000000000000000000e+01 -1.716927834862551003e-02 7.739118363115275656e+01
7.000000000000000000e+01 -5.966500124781631831e-02 2.650279174496390766e+01
7.000000000000000000e+01 -4.383999899758398433e-01 6.088501235742101336e+00
7.100000000000000000e+01 6.046356391049775153e-03 1.449118875415581975e+01
7.100000000000000000e+01 -1.174295155007747463e-02 4.687110390534692783e+01
7.100000000000000000e+01 -1.737715849344939958e-02 7.707336896991472486e+01
7.100000000000000000e+01 -6.110961892647890498e-02 2.635722232006930099e+01
7.100000000000000000e+01 -4.463105903121658002e-01 6.206957741279994778e+00
7.200000000000000000e+01 1.224604312733271888e-02 1.404087486773955895e+01
7.200000000000000000e+01 -1.199469500277903881e-02 4.657132848066288489e+01
7.200000000000000000e+01 -1.758460803934566025e-02 7.674963974860821736e+01
7.200000000000000000e+01 -6.249071899749693987e-02 2.620835151589199086e+01
7.200000000000000000e+01 -4.545003949301818502e-01 6.331038377822531871e+00
7.300000000000000000e+01 1.908829213294765612e-02 1.361330309659627424e+01
7.300000000000000000e+01 -1.222926876098405155e-02 4.627858209126629419e+01
7.300000000000000000e+01 -1.779134362265595917e-02 7.642126679152094937e+01
7.300000000000000000e+01 -6.380929343442799662e-02 2.605625569443587608e+01
7.300000000000000000e+01 -4.631276345316978071e-01 6.459014942590280306e+00
7.400000000000000000e+01 2.662550717114089277e-02 1.320886786300611959e+01
7.400000000000000000e+01 -1.244696455125240270e-02 4.599169095668036533e+01
7.400000000000000000e+01 -1.799765526331080154e-02 7.608910148506551252e+01
7.400000000000000000e+01 -6.506661621550235974e-02 2.590091816922123868e+01
7.400000000000000000e+01 -4.722516865545183795e-01 6.590191966575762450e+00
7.500000000000000000e+01 3.489087995928786406e-02 1.282808153265405338e+01
7.500000000000000000e+01 -1.264798536088925993e-02 4.570960494079105274e+01
7.500000000000000000e+01 -1.820383848444877967e-02 7.575398204371781219e+01
7.500000000000000000e+01 -6.626310541159358136e-02 2.574235019316526518e+01
7.500000000000000000e+01 -4.819137159721327834e-01 6.723662712536526698e+00
7.600000000000000000e+01 4.388674579827511746e-02 1.247153459236959883e+01
7.600000000000000000e+01 -1.283247062970050215e-02 4.543138599325534699e+01
7.600000000000000000e+01 -1.841018412731612597e-02 7.541672469069465023e+01
7.600000000000000000e+01 -6.739859133861227092e-02 2.558058332084494779e+01
7.600000000000000000e+01 -4.921269451567405473e-01 6.858307127131156200e+00
7.700000000000000000e+01 5.357874538581465507e-02 1.213916386630975985e+01
7.700000000000000000e+01 -1.300017973642762607e-02 4.515572162704102510e+01
7.700000000000000000e+01 -1.861626690177714538e-02 7.507794966449959873e+01
7.700000000000000000e+01 -6.847120033683774809e-02 2.541544425811711250e+01
7.700000000000000000e+01 -5.029236221288890807e-01 6.991960852940642290e+00
7.800000000000000000e+01 6.387539899453437142e-02 1.183279695494167072e+01
7.800000000000000000e+01 -1.315220577896247973e-02 4.488289126837139520e+01
7.800000000000000000e+01 -1.882456843175111041e-02 7.473868743602145059e+01
7.800000000000000000e+01 -6.948492852915780227e-02 2.524759019337049182e+01
7.800000000000000000e+01 -5.141040200087161338e-01 7.125800703512615186e+00
7.900000000000000000e+01 7.463842089290054216e-02 1.155167284988173648e+01
7.900000000000000000e+01 -1.328755602584397524e-02 4.461178469360713450e+01
7.900000000000000000e+01 -1.903360657971698774e-02 7.439951639710024267e+01
7.900000000000000000e+01 -7.043106835892457007e-02 2.507664746965033586e+01
7.900000000000000000e+01 -5.256300952605305055e-01 7.256884614347666407e+00
8.000000000000000000e+01 8.571490462256672882e-02 1.129474990210672303e+01
8.000000000000000000e+01 -1.340527756474067279e-02 4.434135139580271812e+01
8.000000000000000000e+01 -1.924289045759241049e-02 7.406149477184770547e+01
8.000000000000000000e+01 -7.130687995847756477e-02 2.490265689152569450e+01
8.000000000000000000e+01 -5.374611801573161429e-01 7.383231970739070782e+00
8.100000000000000000e+01 9.691749274328538555e-02 1.106153196901021829e+01
8.100000000000000000e+01 -1.350619713583465185e-02 4.407138890923523888e+01
8.100000000000000000e+01 -1.945398672706629209e-02 7.372449443892151066e+01
8.100000000000000000e+01 -7.211275536764427674e-02 2.472574930572467267e+01
8.100000000000000000e+01 -5.493504077357216353e-01 7.505752937266707114e+00
8.200000000000000000e+01 1.080706121150864091e-01 1.085048268474660915e+01
8.200000000000000000e+01 -1.358938848826913778e-02 4.380136236714984932e+01
8.200000000000000000e+01 -1.966670461350454591e-02 7.338944141341769978e+01
8.200000000000000000e+01 -7.284379122393956629e-02 2.454604211895384935e+01
8.200000000000000000e+01 -5.611999874004389710e-01 7.623690309493638573e+00
8.300000000000000000e+01 1.190173933529522082e-01 1.065983801039557299e+01
8.300000000000000000e+01 -1.365419838502023378e-02 4.353083155602271859e+01
8.300000000000000000e+01 -1.988122091498375002e-02 7.305685582353683571e+01
8.300000000000000000e+01 -7.349563040630353872e-02 2.436362083111184873e+01
8.300000000000000000e+01 -5.728984359722149033e-01 7.737099412540329624e+00
8.400000000000000000e+01 1.296301907236339090e-01 1.048768346058407097e+01
8.400000000000000000e+01 -1.369981268021641836e-02 4.325939808644761086e+01
8.400000000000000000e+01 -2.009769106058609603e-02 7.272720900814523759e+01
8.400000000000000000e+01 -7.406324032741015695e-02 2.417857228787660162e+01
8.400000000000000000e+01 -5.843618892239629270e-01 7.846299833969104576e+00
8.500000000000000000e+01 1.398193774529503941e-01 1.033205307955231689e+01
8.500000000000000000e+01 -1.372530191138630028e-02 4.298648312956098749e+01
8.500000000000000000e+01 -2.031669149297773633e-02 7.240115294415004144e+01
8.500000000000000000e+01 -7.454376542479898560e-02 2.399109378373975332e+01
8.500000000000000000e+01 -5.955634035680471561e-01 7.951736625950715620e+00
8.600000000000000000e+01 1.495061651423894300e-01 1.019119287911514782e+01
8.600000000000000000e+01 -1.372940817100257171e-02 4.271219783585075191e+01
8.600000000000000000e+01 -2.053746590139343339e-02 7.207860748978477261e+01
8.600000000000000000e+01 -7.492499029416434253e-02 2.380105386381197619e+01
8.600000000000000000e+01 -6.064175945527712219e-01 8.054102085483135554e+00
8.700000000000000000e+01 1.586553773477444307e-01 1.006337040359023582e+01
8.700000000000000000e+01 -1.371090359003515960e-02 4.243604212133533338e+01
8.700000000000000000e+01 -2.076051578777638601e-02 7.176012270471790089e+01
8.700000000000000000e+01 -7.520242537715877973e-02 2.360865150995867978e+01
8.700000000000000000e+01 -6.169442340599724517e-01 8.153969456813875638e+00
8.800000000000000000e+01 1.672462065751459670e-01 9.947067744790484056e+00
8.800000000000000000e+01 -1.366825257455829556e-02 4.215775148524371474e+01
8.800000000000000000e+01 -2.098591594136831051e-02 7.144598879875394459e+01
8.800000000000000000e+01 -7.536770031720903262e-02 2.341397691354853094e+01
8.800000000000000000e+01 -6.271525738586889442e-01 8.251962274409624598e+00
8.900000000000000000e+01 1.752721523592480624e-01 9.840944548710007567e+00
8.900000000000000000e+01 -1.359979395365531162e-02 4.187708779882065357e+01
8.900000000000000000e+01 -2.121370423002453404e-02 7.113644428562649580e+01
8.900000000000000000e+01 -7.541160849853781323e-02 2.321712035433250065e+01
8.900000000000000000e+01 -6.370635449770922776e-01 8.348667231474180994e+00
9.000000000000000000e+01 1.827220860826717086e-01 9.744193714462209499e+00
9.000000000000000000e+01 -1.350365316473496093e-02 4.159426697835685616e+01
9.000000000000000000e+01 -2.144443409892009961e-02 7.083204262077811109e+01
9.000000000000000000e+01 -7.532523423515311012e-02 2.301851264760308524e+01
9.000000000000000000e+01 -6.466782617325279592e-01 8.444992623299164336e+00
