1.000000000000000000e+01 -5.363606850864245689e-05 1.062717743805888375e+02
1.000000000000000000e+01 -3.721432624941585238e-03 3.881339759846398607e+01
1.000000000000000000e+01 -4.480964570367734073e-02 4.262926030450914894e+00
1.000000000000000000e+01 -7.316033737680857803e-03 2.845711242457061019e+01
1.000000000000000000e+01 -4.017937031671048667e-03 8.204933183576453359e+01
1.000000000000000000e+01 -5.707574122018248541e-01 7.345013524218265033e+00
1.000000000000000000e+01 -1.000000000000000000e+00 4.551826736170683674e+00
1.000000000000000000e+01 -8.611318265816899631e-01 7.034493141136161753e+00
1.000000000000000000e+01 -1.000000000000000000e+00 7.016302997267364283e+00
1.000000000000000000e+01 -9.060170750919706029e-01 8.333212206068997929e+00
1.100000000000000000e+01 -7.320596663130940745e-05 1.062044978625542626e+02
1.100000000000000000e+01 -4.082708444439277044e-03 3.879276794676054152e+01
1.100000000000000000e+01 -4.974285095539592721e-02 4.265695970442225260e+00
1.100000000000000000e+01 -8.064911398380551766e-03 2.846262734234609582e+01
1.100000000000000000e+01 -4.060443546819330653e-03 8.217152543585451951e+01
1.100000000000000000e+01 -5.718152478389398885e-01 8.095096611407589293e+00
1.100000000000000000e+01 -1.000000000000000000e+00 4.999875436377944737e+00
1.100000000000000000e+01 -8.399357161624354529e-01 8.009466355166045659e+00
1.100000000000000000e+01 -9.445360929783424009e-01 7.824829419155805432e+00
1.100000000000000000e+01 -1.000000000000000000e+00 7.728435708250834146e+00
1.200000000000000000e+01 -9.992719093111342914e-05 1.059710211148349686e+02
1.200000000000000000e+01 -4.452997648228091201e-03 3.876389341712933856e+01
1.200000000000000000e+01 -5.478409705370990840e-02 4.268631623549017817e+00
1.200000000000000000e+01 -8.850911585998147077e-03 2.846628539882363995e+01
1.200000000000000000e+01 -4.136186504348984480e-03 8.226517714557630256e+01
1.200000000000000000e+01 -5.764503179467709293e-01 8.706782797471895208e+00
1.200000000000000000e+01 -1.000000000000000000e+00 5.446524175154344505e+00
1.200000000000000000e+01 -8.478917027154095898e-01 7.938440293882914389e+00
1.200000000000000000e+01 -9.684954187557779370e-01 8.027836970174668352e+00
1.300000000000000000e+01 -1.344070728552341771e-04 1.055792622418829865e+02
1.300000000000000000e+01 -4.830870881167159334e-03 3.872710232391474250e+01
1.300000000000000000e+01 -5.981047262548479237e-02 4.271736915362437159e+00
1.300000000000000000e+01 -9.667108978728097476e-03 2.846839017681897488e+01
1.300000000000000000e+01 -4.238387442295364106e-03 8.233837667872533927e+01
1.300000000000000000e+01 -5.783993814015180313e-01 9.362465508557964000e+00
1.300000000000000000e+01 -1.000000000000000000e+00 5.894154422392810844e+00
1.300000000000000000e+01 -8.821326101807334119e-01 8.417962209055234624e+00
1.400000000000000000e+01 -1.773159206910974095e-04 1.050279498582173829e+02
1.400000000000000000e+01 -5.216188789017490307e-03 3.868237463211594473e+01
1.400000000000000000e+01 -6.487613296364284909e-02 4.275078615222261291e+00
1.400000000000000000e+01 -1.051326595451447868e-02 2.846917749499871420e+01
1.400000000000000000e+01 -4.361821742752887074e-03 8.239638200207164687e+01
1.400000000000000000e+01 -5.787604560216463856e-01 1.009373660352566127e+01
1.400000000000000000e+01 -1.000000000000000000e+00 6.338845922806763511e+00
1.500000000000000000e+01 -2.287450942129384552e-04 1.043152447135924206e+02
1.500000000000000000e+01 -5.608226266170211749e-03 3.862940982076646179e+01
1.500000000000000000e+01 -6.998060799586992842e-02 4.278683842250577740e+00
1.500000000000000000e+01 -1.138800559011627321e-02 2.846876440431076816e+01
1.500000000000000000e+01 -4.502319383763313948e-03 8.244273935586956270e+01
1.500000000000000000e+01 -5.803935284132778483e-01 1.083744448040429731e+01
1.500000000000000000e+01 -1.000000000000000000e+00 6.781707497594174683e+00
1.600000000000000000e+01 -2.882670258194180925e-04 1.034399275213760916e+02
1.600000000000000000e+01 -6.005976188188572040e-03 3.856773271152596294e+01
1.600000000000000000e+01 -7.512353163469592809e-02 4.282564479187690232e+00
1.600000000000000000e+01 -1.229014563682392751e-02 2.846718145878428174e+01
1.600000000000000000e+01 -4.657039099805945596e-03 8.247988859251044858e+01
1.600000000000000000e+01 -5.846513979257570437e-01 1.153063361956540511e+01
1.600000000000000000e+01 -1.000000000000000000e+00 7.225289506510758741e+00
1.700000000000000000e+01 -3.550164314339392915e-04 1.024024636398784622e+02
1.700000000000000000e+01 -6.408522350044054336e-03 3.849674115598578794e+01
1.700000000000000000e+01 -8.030511661953451674e-02 4.286738158203832860e+00
1.700000000000000000e+01 -1.321889194293034836e-02 2.846441141920163176e+01
1.700000000000000000e+01 -4.823863083999748412e-03 8.250952009023534117e+01
1.700000000000000000e+01 -5.983076260802502322e-01 1.212299610659586868e+01
1.700000000000000000e+01 -1.000000000000000000e+00 7.678826752963843205e+00
1.800000000000000000e+01 -4.274989150414659441e-04 1.012057071732820646e+02
1.800000000000000000e+01 -6.814863396883721197e-03 3.841569669821246436e+01
1.800000000000000000e+01 -8.552578535100543999e-02 4.291229356218966728e+00
1.800000000000000000e+01 -1.417370382045767332e-02 2.846040342556644376e+01
1.800000000000000000e+01 -5.000794138613216637e-03 8.253277478019444402e+01
1.900000000000000000e+01 -5.039708515102048637e-04 9.985523085178587621e+01
1.900000000000000000e+01 -7.224270761170222856e-03 3.832375304698020813e+01
1.900000000000000000e+01 -9.078615010408756791e-02 4.296073532655169558e+00
1.900000000000000000e+01 -5.186449029921820324e-03 8.255045440097441656e+01
1.900000000000000000e+01 -1.515440883799020096e-02 2.845508633244039487e+01
2.000000000000000000e+01 -5.826743026871630251e-04 9.835929221442385995e+01
2.000000000000000000e+01 -7.635286380927639935e-03 3.821989708747695147e+01
2.000000000000000000e+01 -9.608612549972785077e-02 4.301311496860737549e+00
2.000000000000000000e+01 -5.379678649685232412e-03 8.256307616442411756e+01
2.000000000000000000e+01 -1.616036082421747760e-02 2.844839161948540607e+01
2.100000000000000000e+01 -6.618860314132090413e-04 9.672861630934656318e+01
2.100000000000000000e+01 -8.046793051591978954e-03 3.810305635669391933e+01
2.100000000000000000e+01 -1.014264724380117971e-01 4.306989270022078209e+00
2.100000000000000000e+01 -5.579625032852180561e-03 8.257092586961668701e+01
2.100000000000000000e+01 -1.719190841836010231e-02 2.844023881721133762e+01
2.200000000000000000e+01 -7.398592728327796353e-04 9.497622047936076228e+01
2.200000000000000000e+01 -8.456888720389077463e-03 3.797196081121248312e+01
2.200000000000000000e+01 -1.068070780557565103e-01 4.313152315542204462e+00
2.200000000000000000e+01 -5.785252474813163889e-03 8.257406273917771955e+01
2.200000000000000000e+01 -1.824895754726297767e-02 2.843055024098709893e+01
2.300000000000000000e+01 -8.154270776165640795e-04 9.311681003358778241e+01
2.300000000000000000e+01 -8.864936044208640564e-03 3.782343028043750621e+01
2.300000000000000000e+01 -1.125340775440512447e-01 4.307130563499032228e+00
2.300000000000000000e+01 -5.995830415267532770e-03 8.257213576719152570e+01
2.300000000000000000e+01 -1.933467886375251493e-02 2.841755335385894554e+01
2.400000000000000000e+01 -8.879197358161256210e-04 9.116718045418488714e+01
2.400000000000000000e+01 -9.266442717742146701e-03 3.765924065513556229e+01
2.400000000000000000e+01 -1.180878693159445603e-01 4.311548505998588077e+00
2.400000000000000000e+01 -6.210031086900972934e-03 8.256485477591067479e+01
2.400000000000000000e+01 -2.044620216770866306e-02 2.840416353038708763e+01
2.500000000000000000e+01 -9.585521738400030415e-04 8.914547150414533405e+01
2.500000000000000000e+01 -9.659342230380474695e-03 3.747606261490114576e+01
2.500000000000000000e+01 -6.425077143079646613e-03 8.255054854548350818e+01
2.500000000000000000e+01 -1.237869608521719039e-01 4.312985978474903170e+00
2.500000000000000000e+01 -2.158685370947407284e-02 2.838828719620245877e+01
2.600000000000000000e+01 -1.038894110278798522e-03 8.700825541690200282e+01
2.600000000000000000e+01 -1.004307228304181232e-02 3.727223677380528954e+01
2.600000000000000000e+01 -6.632535334529828484e-03 8.252425436911121892e+01
2.600000000000000000e+01 -1.286655472407937095e-01 4.347135553317121648e+00
2.600000000000000000e+01 -2.275569095861102245e-02 2.837386443262046143e+01
2.700000000000000000e+01 -1.202269241216575527e-03 8.491214722398051151e+01
2.700000000000000000e+01 -1.040825883839718510e-02 3.704606247783883788e+01
2.700000000000000000e+01 -6.751987616644786541e-03 8.246994971148109244e+01
2.700000000000000000e+01 -1.342210698380729983e-01 4.357322111838810130e+00
2.700000000000000000e+01 -2.395686888540630305e-02 2.835444744890358493e+01
2.800000000000000000e+01 -3.348123969392653113e-03 8.299231806004415546e+01
2.800000000000000000e+01 -1.075215405719687906e-02 3.679549884619665079e+01
2.800000000000000000e+01 -4.887598263289728504e-03 8.221246865223086786e+01
2.800000000000000000e+01 -1.398066420795882892e-01 4.368472575808457492e+00
2.800000000000000000e+01 -2.519225336148172428e-02 2.833248409039767424e+01
2.900000000000000000e+01 -1.525980949652093206e-03 8.041946918577248482e+01
2.900000000000000000e+01 -1.106866908228982746e-02 3.651855482868344893e+01
2.900000000000000000e+01 -6.990693444861814133e-03 8.260050496326995528e+01
2.900000000000000000e+01 -1.454192908392648032e-01 4.380653445185821226e+00
2.900000000000000000e+01 -2.646554108313422388e-02 2.830768943307507257e+01
3.000000000000000000e+01 -1.345354897057018072e-03 7.831600510968037554e+01
3.000000000000000000e+01 -1.135006768632942573e-02 3.621316725234486711e+01
3.000000000000000000e+01 -7.453348428044194104e-03 8.252693534071151760e+01
3.000000000000000000e+01 -1.510551959847286074e-01 4.393946036759747820e+00
3.000000000000000000e+01 -2.778019090176201203e-02 2.827968540518886797e+01
3.100000000000000000e+01 -1.341230687845584423e-03 7.621459637025803602e+01
3.100000000000000000e+01 -1.158782633314851124e-02 3.587752454781224287e+01
3.100000000000000000e+01 -7.743798928417339189e-03 8.247575553769569012e+01
3.100000000000000000e+01 -1.567098974097172193e-01 4.408446455364576799e+00
3.100000000000000000e+01 -2.914143150903793916e-02 2.824798858437578275e+01
3.200000000000000000e+01 -1.374334848976799077e-03 7.415084323685759671e+01
3.200000000000000000e+01 -1.177106523509837549e-02 3.550984506248438777e+01
3.200000000000000000e+01 -8.004206410121427959e-03 8.242646478788228137e+01
3.200000000000000000e+01 -1.623783075655711727e-01 4.424242017461883947e+00
3.200000000000000000e+01 -3.055496850284264085e-02 2.821203162274897025e+01
3.300000000000000000e+01 -1.427139865024661504e-03 7.214345231668148983e+01
3.300000000000000000e+01 -1.188719253349202094e-02 3.510874029217465164e+01
3.300000000000000000e+01 -8.255801519186731913e-03 8.237410215359469134e+01
3.300000000000000000e+01 -1.680539883560116798e-01 4.441434988121256922e+00
3.300000000000000000e+01 -3.202725505440558867e-02 2.817105776157883668e+01
3.400000000000000000e+01 -1.499162974886416016e-03 7.019068520368456632e+01
3.400000000000000000e+01 -1.192369571701140489e-02 3.467055783411852588e+01
3.400000000000000000e+01 -8.506658904385774878e-03 8.231612016994611736e+01
3.400000000000000000e+01 -1.736456551346322597e-01 4.463100188073993557e+00
3.400000000000000000e+01 -3.357035941962623754e-02 2.812398614704069288e+01
3.500000000000000000e+01 -1.592801204743839313e-03 6.833524337287974504e+01
3.500000000000000000e+01 -1.186019490242184483e-02 3.420020889311922474e+01
3.500000000000000000e+01 -8.754633888212398976e-03 8.225249119776270845e+01
3.500000000000000000e+01 -1.792971007472087819e-01 4.483913536122194010e+00
3.500000000000000000e+01 -3.518560468023720217e-02 2.806956715073955877e+01
3.600000000000000000e+01 -1.712530963567728947e-03 6.657156873446537304e+01
3.600000000000000000e+01 -1.168240408073731133e-02 3.369651812955618198e+01
3.600000000000000000e+01 -9.001920689516624413e-03 8.218185804857715482e+01
3.600000000000000000e+01 -1.849302632012520820e-01 4.506508326818448928e+00
3.600000000000000000e+01 -3.688333551667096616e-02 2.800589701762187289e+01
3.700000000000000000e+01 -1.863062417245336770e-03 6.490682287877513090e+01
3.700000000000000000e+01 -1.137657352024040551e-02 3.316207326805405131e+01
3.700000000000000000e+01 -9.249516159845457344e-03 8.210372092654836251e+01
3.700000000000000000e+01 -1.905386702085389572e-01 4.530982918179375929e+00
3.700000000000000000e+01 -3.867025691683873695e-02 2.793035415223448581e+01
3.800000000000000000e+01 -2.048123107569762343e-03 6.334590275652694658e+01
3.800000000000000000e+01 -1.093937980100549712e-02 3.260156308641165879e+01
3.800000000000000000e+01 -9.496666708988309863e-03 8.201736968321426957e+01
3.800000000000000000e+01 -1.961103186764924233e-01 4.557476615741182790e+00
3.800000000000000000e+01 -4.053855079086123026e-02 2.783914936441144761e+01
3.900000000000000000e+01 -2.270372615771042331e-03 6.189123320562519837e+01
3.900000000000000000e+01 -1.039190092281028557e-02 3.202206547090674604e+01
3.900000000000000000e+01 -9.743930874017507279e-03 8.192239920956346566e+01
3.900000000000000000e+01 -2.016386714412772285e-01 4.586082440928655579e+00
3.900000000000000000e+01 -4.246057819321254201e-02 2.772691530272081906e+01
4.000000000000000000e+01 -2.531419274386385171e-03 6.054369480098596057e+01
4.000000000000000000e+01 -9.813260851237156149e-03 3.143455387014963165e+01
4.000000000000000000e+01 -9.990704671405193152e-03 8.181822682118425405e+01
4.000000000000000000e+01 -2.071095145816193583e-01 4.616961418035520737e+00
4.000000000000000000e+01 -4.434862186979693366e-02 2.758584342557998781e+01
4.100000000000000000e+01 -2.830516145100798932e-03 5.930153012861160278e+01
4.100000000000000000e+01 -9.381540472085557122e-03 3.085287277614002477e+01
4.100000000000000000e+01 -1.023742915828811800e-02 8.170453181054365643e+01
4.100000000000000000e+01 -2.125179248255876230e-01 4.650193650754200547e+00
4.100000000000000000e+01 -4.602251765929754601e-02 2.740568101455924932e+01
4.200000000000000000e+01 -3.165171761951411731e-03 5.816141034721064074e+01
4.200000000000000000e+01 -9.425623575340293797e-03 3.029417250411754381e+01
4.200000000000000000e+01 -1.048325258863120300e-02 8.158075944303649862e+01
4.200000000000000000e+01 -2.178477453795546470e-01 4.685940743266579389e+00
4.200000000000000000e+01 -4.714719806158614024e-02 2.717360652212113692e+01
4.300000000000000000e+01 -3.531563821209157683e-03 5.711854228824541480e+01
4.300000000000000000e+01 -1.040034050707516582e-02 2.977725207532521168e+01
4.300000000000000000e+01 -1.072858149258842930e-02 8.144665636470084280e+01
4.300000000000000000e+01 -2.230952799206563919e-01 4.724281500314737592e+00
4.300000000000000000e+01 -4.727253165424450537e-02 2.687571482151179936e+01
4.400000000000000000e+01 -3.924589895201740022e-03 5.616701218053887601e+01
4.400000000000000000e+01 -1.270555146171286655e-02 2.932140452380042817e+01
4.400000000000000000e+01 -1.097276872795859178e-02 8.130180750987572935e+01
4.400000000000000000e+01 -2.282438196191999003e-01 4.765375693901604315e+00
4.400000000000000000e+01 -4.599681282284438788e-02 2.649812782823507007e+01
4.500000000000000000e+01 -4.338557613646454661e-03 5.530015018641739033e+01
4.500000000000000000e+01 -1.633297316673101157e-02 2.894347120877997881e+01
4.500000000000000000e+01 -1.121589467149111154e-02 8.114598132562036881e+01
4.500000000000000000e+01 -2.332868870675129935e-01 4.809324159915467689e+00
4.500000000000000000e+01 -4.333394172995489596e-02 2.603028513327461368e+01
4.600000000000000000e+01 -4.767502262968317979e-03 5.451089873031392585e+01
4.600000000000000000e+01 -2.068063537862628587e-02 2.864815221598334105e+01
4.600000000000000000e+01 -1.145791884727395335e-02 8.097900484535836085e+01
4.600000000000000000e+01 -3.989205332914415314e-02 2.547435625485410426e+01
4.600000000000000000e+01 -2.382158859440220988e-01 4.856174070987669289e+00
4.700000000000000000e+01 -5.206206506870542615e-03 5.379204378852048762e+01
4.700000000000000000e+01 -2.498840760533341948e-02 2.842464221357162657e+01
4.700000000000000000e+01 -3.643122556181509902e-02 2.484659075634625225e+01
4.700000000000000000e+01 -1.169849598277462356e-02 8.080070902255165777e+01
4.700000000000000000e+01 -2.430333911610340902e-01 4.906136551922225308e+00
4.800000000000000000e+01 -5.649296223525503494e-03 5.313651227303963509e+01
4.800000000000000000e+01 -3.339404557446169070e-02 2.417654140720602030e+01
4.800000000000000000e+01 -2.881827708742627434e-02 2.824858656289157821e+01
4.800000000000000000e+01 -1.193754627743605704e-02 8.061103199673495112e+01
4.800000000000000000e+01 -2.477193668843414021e-01 4.959240342466444851e+00
4.900000000000000000e+01 -6.092294179977062601e-03 5.253752459629249927e+01
4.900000000000000000e+01 -3.084406188599654250e-02 2.348624858571457352e+01
4.900000000000000000e+01 -3.211326846008186187e-02 2.810177152872959283e+01
4.900000000000000000e+01 -1.217510961779684660e-02 8.041002083345641438e+01
4.900000000000000000e+01 -2.522815814321820449e-01 5.015545046479225277e+00
5.000000000000000000e+01 -6.531734438237984074e-03 5.198871729257751184e+01
5.000000000000000000e+01 -2.869506185868840251e-02 2.279112693193364336e+01
5.000000000000000000e+01 -3.495417179775037880e-02 2.797193657887067886e+01
5.000000000000000000e+01 -1.241101076862031159e-02 8.019774842095624479e+01
5.000000000000000000e+01 -2.567055831357810125e-01 5.075199303816769536e+00
5.100000000000000000e+01 -6.964188684303470288e-03 5.148423892782502520e+01
5.100000000000000000e+01 -2.684542098341050759e-02 2.210124577279859892e+01
5.100000000000000000e+01 -1.264516743586190269e-02 7.997442128342237311e+01
5.100000000000000000e+01 -3.744504698357985217e-02 2.785181000605058443e+01
5.100000000000000000e+01 -2.609971037994834875e-01 5.138245731515674208e+00
5.200000000000000000e+01 -7.387888155407970787e-03 5.101871460971725014e+01
5.200000000000000000e+01 -2.520925670167959917e-02 2.142315058771188419e+01
5.200000000000000000e+01 -1.287760873892856116e-02 7.974031269315796067e+01
5.200000000000000000e+01 -3.967318549532999894e-02 2.773707931401907700e+01
5.200000000000000000e+01 -2.651667915475139359e-01 5.204711764521797512e+00
5.300000000000000000e+01 -7.801190231703867412e-03 5.058733029718798235e+01
5.300000000000000000e+01 -2.371602093551744561e-02 2.076134359836205689e+01
5.300000000000000000e+01 -1.310833570275249556e-02 7.949580327226895804e+01
5.300000000000000000e+01 -4.169880232628878081e-02 2.762478144746118858e+01
5.300000000000000000e+01 -2.692032796426023222e-01 5.274724606735973431e+00
5.400000000000000000e+01 -8.202880713773322632e-03 5.018575999276323785e+01
5.400000000000000000e+01 -2.231662523072670476e-02 2.011871553092213460e+01
5.400000000000000000e+01 -1.333736502578090552e-02 7.924130067018791124e+01
5.400000000000000000e+01 -4.356964631995585008e-02 2.751324069745738754e+01
5.400000000000000000e+01 -2.731202474612983155e-01 5.348312265674593391e+00
5.500000000000000000e+01 -2.097225659446748727e-02 1.949717436291142292e+01
5.500000000000000000e+01 -8.592250492891402233e-03 4.981015011496602085e+01
5.500000000000000000e+01 -1.356475410853407240e-02 7.897733507817271459e+01
5.500000000000000000e+01 -4.531907161029438691e-02 2.740127286751326707e+01
5.500000000000000000e+01 -2.769275007140648004e-01 5.425524567232949735e+00
5.600000000000000000e+01 -1.965217514106108732e-02 1.889786653010402162e+01
5.600000000000000000e+01 -8.968897406128238659e-03 4.945708806598159413e+01
5.600000000000000000e+01 -1.379057742091212464e-02 7.870449678542237848e+01
5.600000000000000000e+01 -4.697136312801744595e-02 2.728807807905439020e+01
5.600000000000000000e+01 -2.806373024823913265e-01 5.506412067609240069e+00
5.700000000000000000e+01 -1.833240903947953165e-02 1.832127169873053774e+01
5.700000000000000000e+01 -9.332623208231608999e-03 4.912351554176732549e+01
5.700000000000000000e+01 -1.401496587410413011e-02 7.842342086156531877e+01
5.700000000000000000e+01 -4.854635636988823000e-02 2.717322418005016615e+01
5.700000000000000000e+01 -2.842744250133281692e-01 5.591004757661181657e+00
5.800000000000000000e+01 -1.698793033761671761e-02 1.776765933037829015e+01
5.800000000000000000e+01 -9.683471441837336602e-03 4.880683309557684879e+01
5.800000000000000000e+01 -1.423799660699876478e-02 7.813478754239652346e+01
5.800000000000000000e+01 -5.005276561824149179e-02 2.705605487255822794e+01
5.800000000000000000e+01 -2.878365484982788325e-01 5.679433016004963086e+00
5.900000000000000000e+01 -1.559938161335507403e-02 1.723675263345652553e+01
5.900000000000000000e+01 -1.002152389380323895e-02 4.850467503051832807e+01
5.900000000000000000e+01 -1.445982054975043438e-02 7.783930587279398594e+01
5.900000000000000000e+01 -5.150237310706088506e-02 2.693642489439524113e+01
5.900000000000000000e+01 -2.913536124722358456e-01 5.771743919327401606e+00
6.000000000000000000e+01 -1.414597243348570711e-02 1.672806246648274708e+01
6.000000000000000000e+01 -1.034702883062661206e-02 4.821496911869434143e+01
6.000000000000000000e+01 -1.468060064640285510e-02 7.753774159598543747e+01
6.000000000000000000e+01 -5.290258364622810877e-02 2.681415428473067664e+01
6.000000000000000000e+01 -2.948500204107038503e-01 5.868022824758049261e+00
6.100000000000000000e+01 -1.260558338052057865e-02 1.624090815338894700e+01
6.100000000000000000e+01 -1.066024512985289628e-02 4.793589697016595608e+01
6.100000000000000000e+01 -1.490050892410305257e-02 7.723086603672302886e+01
6.100000000000000000e+01 -5.425888432328681427e-02 2.668912694218803949e+01
6.100000000000000000e+01 -2.983536088067215153e-01 5.968377474334044308e+00
6.200000000000000000e+01 -1.095180652340424152e-02 1.577396427661557432e+01
6.200000000000000000e+01 -1.096143281657213295e-02 4.766569341789248426e+01
6.200000000000000000e+01 -1.511966063253469481e-02 7.691925794527404037e+01
6.200000000000000000e+01 -5.557828997015439032e-02 2.656129611082876352e+01
6.200000000000000000e+01 -3.019071043183993996e-01 6.072938525140702204e+00
6.300000000000000000e+01 -9.159040805386769665e-03 1.532729941532996065e+01
6.300000000000000000e+01 -1.125105823509854261e-02 4.740326981438464315e+01
6.300000000000000000e+01 -1.533838521471551399e-02 7.660406590929528647e+01
6.300000000000000000e+01 -5.685798663926430740e-02 2.643056386458729889e+01
6.300000000000000000e+01 -3.055272393581637269e-01 6.181851406157495177e+00
6.400000000000000000e+01 -7.191311303842732802e-03 1.489945213942410440e+01
6.400000000000000000e+01 -1.152937882853753704e-02 4.714722425387083860e+01
6.400000000000000000e+01 -1.555681238392627418e-02 7.628587861420875527e+01
6.400000000000000000e+01 -5.810299088047125859e-02 2.629695853386641602e+01
6.400000000000000000e+01 -3.092676758955000826e-01 6.295280335701584740e+00
6.500000000000000000e+01 -5.006797065606070386e-03 1.448942851048432878e+01
6.500000000000000000e+01 -1.179663061567161331e-02 4.689647250953216684e+01
6.500000000000000000e+01 -1.577514996500686481e-02 7.596542273660135436e+01
6.500000000000000000e+01 -5.931461583363288603e-02 2.616049139953263492e+01
6.500000000000000000e+01 -3.131786665501005151e-01 6.413418489111839094e+00
6.600000000000000000e+01 -2.554335379368068235e-03 1.409626578743462666e+01
6.600000000000000000e+01 -1.205311297524691745e-02 4.665004801309243732e+01
6.600000000000000000e+01 -1.599360469967621087e-02 7.564343651102693400e+01
6.600000000000000000e+01 -6.049376663409396226e-02 2.602119822688100470e+01
6.600000000000000000e+01 -3.173203859314607245e-01 6.536456340505734097e+00
6.700000000000000000e+01 2.287406798793352393e-04 1.371907344933139505e+01
6.700000000000000000e+01 -1.229905895286198016e-02 4.640710598584036717e+01
6.700000000000000000e+01 -1.621238206967796219e-02 7.532061558486796571e+01
6.700000000000000000e+01 -6.164081246668690062e-02 2.587912501904424545e+01
6.700000000000000000e+01 -3.217633126661620380e-01 6.664580040962958307e+00
6.800000000000000000e+01 3.418831505060085981e-03 1.335708457720545894e+01
6.800000000000000000e+01 -1.253461704829040776e-02 4.616690362190780661e+01
6.800000000000000000e+01 -1.643170538518150953e-02 7.499764487564397086e+01
6.800000000000000000e+01 -6.275570378713568598e-02 2.573433981628955536e+01
6.800000000000000000e+01 -3.265906102112609011e-01 6.797945551408792753e+00
6.900000000000000000e+01 7.107749873619267217e-03 1.300971772463648968e+01
6.900000000000000000e+01 -1.275994341476117608e-02 4.592876805971087606e+01
6.900000000000000000e+01 -1.665183478751541477e-02 7.467518315396334572e+01
6.900000000000000000e+01 -6.383840001144501508e-02 2.558693470553967231e+01
6.900000000000000000e+01 -3.319013638587207105e-01 6.936623655513845854e+00
7.000000000000000000e+01 1.140357395910046243e-02 1.267664054960261844e+01
7.000000000000000000e+01 -1.297530394230773064e-02 4.569202960806135394e+01
7.000000000000000000e+01 -1.687309539882804812e-02 7.435391252534701323e+01
7.000000000000000000e+01 -6.488960326826044567e-02 2.543706372641649693e+01
7.000000000000000000e+01 -3.378146405538431929e-01 7.080528915320276617e+00
7.100000000000000000e+01 1.642162286125770435e-02 1.235812244118946346e+01
7.100000000000000000e+01 -1.318024283340372450e-02 4.545643379617400370e+01
7.100000000000000000e+01 -1.709527194015940041e-02 7.403414585941293069e+01
7.100000000000000000e+01 -6.590350690092626473e-02 2.528455681610510908e+01
7.100000000000000000e+01 -3.444237443196280224e-01 7.229381965590478742e+00
7.200000000000000000e+01 2.227488904727155036e-02 1.205458110010194339e+01
7.200000000000000000e+01 -1.337389021243338104e-02 4.522103819251552181e+01
7.200000000000000000e+01 -1.731749024232326351e-02 7.371700041145253124e+01
7.200000000000000000e+01 -6.687903185802579475e-02 2.512954180123577075e+01
7.200000000000000000e+01 -3.518880557381623420e-01 7.381213077015651436e+00
7.300000000000000000e+01 2.907624396092342925e-02 1.176686413240064510e+01
7.300000000000000000e+01 -1.355741893610023542e-02 4.498561312930078060e+01
7.300000000000000000e+01 -1.754129022758527459e-02 7.340179614561631638e+01
7.300000000000000000e+01 -6.781646492347059851e-02 2.497197014319672448e+01
7.300000000000000000e+01 -3.602697363907247374e-01 7.536347459753810263e+00
7.400000000000000000e+01 3.687407655100326948e-02 1.149680738749355235e+01
7.400000000000000000e+01 -1.372995394911009220e-02 4.474973108797307475e+01
7.400000000000000000e+01 -1.776623587186597700e-02 7.308945804661323109e+01
7.400000000000000000e+01 -6.871237022428258734e-02 2.481195375857988239e+01
7.400000000000000000e+01 -3.696355676953233527e-01 7.692467540926550384e+00
