1.000000000000000000e+01 -3.920968795100739633e-05 1.065294499832058932e+02
1.000000000000000000e+01 -3.723632795209768417e-03 3.881866722621285959e+01
1.000000000000000000e+01 -4.485244619628698387e-02 4.260885613101252467e+00
1.000000000000000000e+01 -7.318122541682139937e-03 2.845717278328041644e+01
1.000000000000000000e+01 -4.017749769706582472e-03 8.204965755654986026e+01
1.000000000000000000e+01 -5.708525980495562369e-01 7.297100078581099325e+00
1.000000000000000000e+01 -1.000000000000000000e+00 4.549610571595209763e+00
1.000000000000000000e+01 -8.150494772326168924e-01 6.353206531431587756e+00
1.000000000000000000e+01 -9.930864134711475666e-01 6.378881099246704878e+00
1.000000000000000000e+01 -1.000000000000000000e+00 7.039331378078820478e+00
1.000000000000000000e+01 -8.988914664138319965e-01 7.986694338010873473e+00
1.100000000000000000e+01 -5.197168838817797071e-05 1.065787687381642144e+02
1.100000000000000000e+01 -4.085019934889185661e-03 3.880071447776668236e+01
1.100000000000000000e+01 -4.980026032344051640e-02 4.263198406139114383e+00
1.100000000000000000e+01 -8.067424670136297271e-03 2.846275844822134005e+01
1.100000000000000000e+01 -4.060200646124706610e-03 8.217234167946138257e+01
1.100000000000000000e+01 -5.736402718031539116e-01 7.976601819483857270e+00
1.100000000000000000e+01 -1.000000000000000000e+00 4.999843501672850188e+00
1.100000000000000000e+01 -8.350073231430723553e-01 6.998270792514488470e+00
1.100000000000000000e+01 -9.930181468662998556e-01 6.939666498537293116e+00
1.100000000000000000e+01 -1.000000000000000000e+00 7.683446647567387267e+00
1.200000000000000000e+01 -6.988237255666956201e-05 1.064968537026449837e+02
1.200000000000000000e+01 -4.455450611711653242e-03 3.877542495247078591e+01
1.200000000000000000e+01 -5.478936557907676530e-02 4.265564770012532314e+00
1.200000000000000000e+01 -8.851388269108320661e-03 2.846650288833566833e+01
1.200000000000000000e+01 -4.136051589018653260e-03 8.226666033926315436e+01
1.200000000000000000e+01 -5.746498282295597892e-01 8.654184362971125921e+00
1.200000000000000000e+01 -1.000000000000000000e+00 5.447394383888975788e+00
1.200000000000000000e+01 -8.624108246355310925e-01 7.608390063009080606e+00
1.200000000000000000e+01 -9.954398711962932911e-01 7.979630014121026349e+00
1.300000000000000000e+01 -9.402611236174252039e-05 1.062888817913116668e+02
1.300000000000000000e+01 -4.834308787851033379e-03 3.874333093872999001e+01
1.300000000000000000e+01 -5.989246718479586395e-02 4.268080720341616896e+00
1.300000000000000000e+01 -9.670105630408851877e-03 2.846878328748554310e+01
1.300000000000000000e+01 -4.238363518845202245e-03 8.234069673950067170e+01
1.300000000000000000e+01 -5.759198924367288086e-01 9.356479928565791582e+00
1.300000000000000000e+01 -1.000000000000000000e+00 5.893070591446665674e+00
1.300000000000000000e+01 -8.768176121040889281e-01 8.206189991331484634e+00
1.400000000000000000e+01 -1.249955115580114241e-04 1.059597952647689283e+02
1.400000000000000000e+01 -5.220252392512005415e-03 3.870453499653344664e+01
1.400000000000000000e+01 -6.498257774496823957e-02 4.270702681212058316e+00
1.400000000000000000e+01 -1.051720448266530404e-02 2.846977417646459330e+01
1.400000000000000000e+01 -4.361551398820126199e-03 8.239977243623876291e+01
1.400000000000000000e+01 -5.775749206347249309e-01 1.008130937613628575e+01
1.400000000000000000e+01 -1.000000000000000000e+00 6.337870126519070446e+00
1.400000000000000000e+01 -8.864461916397902153e-01 8.858660194715735514e+00
1.500000000000000000e+01 -1.635123473374951262e-04 1.055063828512583655e+02
1.500000000000000000e+01 -5.613304728932596958e-03 3.865902548937665273e+01
1.500000000000000000e+01 -7.011398272374931573e-02 4.273492789439710116e+00
1.500000000000000000e+01 -1.139293538560184546e-02 2.846960857267520950e+01
1.500000000000000000e+01 -4.502123726815335583e-03 8.244751348812079073e+01
1.500000000000000000e+01 -5.793947804808216029e-01 1.081579019356211191e+01
1.500000000000000000e+01 -1.000000000000000000e+00 6.781075987018508222e+00
1.600000000000000000e+01 -2.098617049868380471e-04 1.049265661208097953e+02
1.600000000000000000e+01 -6.012501022848705523e-03 3.860659864283037024e+01
1.600000000000000000e+01 -7.528746065479614835e-02 4.276436821798007770e+00
1.600000000000000000e+01 -1.229554527526809798e-02 2.846831138550529161e+01
1.600000000000000000e+01 -4.657083372442339352e-03 8.248642318075877711e+01
1.600000000000000000e+01 -5.817034755776429034e-01 1.154949007361091340e+01
1.600000000000000000e+01 -1.000000000000000000e+00 7.222890874026783870e+00
1.700000000000000000e+01 -2.640347108869763059e-04 1.042174227501906074e+02
1.700000000000000000e+01 -6.416932219936077354e-03 3.854693261647617675e+01
1.700000000000000000e+01 -8.050831961478160936e-02 4.279563578393787537e+00
1.700000000000000000e+01 -1.322529025867404985e-02 2.846590431549520162e+01
1.700000000000000000e+01 -4.824026221165235787e-03 8.251821482168328714e+01
1.700000000000000000e+01 -5.847099619089368705e-01 1.225876253815056671e+01
1.700000000000000000e+01 -1.000000000000000000e+00 7.664252696267663367e+00
1.800000000000000000e+01 -3.256171552160839057e-04 1.033771653013474321e+02
1.800000000000000000e+01 -6.825806521214386989e-03 3.847960067803639106e+01
1.800000000000000000e+01 -8.577539825619950875e-02 4.282887275886557710e+00
1.800000000000000000e+01 -1.418120416756095056e-02 2.846235405907886218e+01
1.800000000000000000e+01 -5.001319523986897872e-03 8.254415175905369040e+01
1.800000000000000000e+01 -5.907389123586862523e-01 1.288948259232031113e+01
1.900000000000000000e+01 -3.937872608761639761e-04 1.024054376771982504e+02
1.900000000000000000e+01 -7.238260352445682715e-03 3.840411068813859430e+01
1.900000000000000000e+01 -9.109037036602156412e-02 4.286433142053772904e+00
1.900000000000000000e+01 -5.187598148070764713e-03 8.256511469118500202e+01
1.900000000000000000e+01 -1.516315117855711325e-02 2.845761939877762359e+01
2.000000000000000000e+01 -4.673118439031532893e-04 1.013036858255586878e+02
2.000000000000000000e+01 -7.652896907490416324e-03 3.831981617130281847e+01
2.000000000000000000e+01 -9.645432211697163583e-02 4.290229366486295604e+00
2.000000000000000000e+01 -5.381530743366166186e-03 8.258170163457691615e+01
2.000000000000000000e+01 -1.617036280544123864e-02 2.845164840227714365e+01
2.100000000000000000e+01 -5.448106627694874679e-04 1.000752568831350402e+02
2.100000000000000000e+01 -8.069076612028901196e-03 3.822605834345085896e+01
2.100000000000000000e+01 -1.018713341971800579e-01 4.294312136128562329e+00
2.100000000000000000e+01 -5.582437193656980198e-03 8.259436000838425684e+01
2.100000000000000000e+01 -1.720413084881698695e-02 2.844440471376454482e+01
2.200000000000000000e+01 -6.248444042163134662e-04 9.872540724467546625e+01
2.200000000000000000e+01 -8.486277115708358229e-03 3.812094046772668321e+01
2.200000000000000000e+01 -1.075073271218093957e-01 4.291254731164376501e+00
2.200000000000000000e+01 -5.789095555347798308e-03 8.260321154854401016e+01
2.200000000000000000e+01 -1.826267193610663780e-02 2.843480862241548834e+01
2.300000000000000000e+01 -7.058046688145370442e-04 9.726121642305807313e+01
2.300000000000000000e+01 -8.901750545187320576e-03 3.800556527767582082e+01
2.300000000000000000e+01 -1.130828926298720616e-01 4.294281909819011922e+00
2.300000000000000000e+01 -6.001446170834166816e-03 8.260860427633380709e+01
2.300000000000000000e+01 -1.934775351423476120e-02 2.842458332431467483e+01
2.400000000000000000e+01 -7.860669621318672109e-04 9.569145294497394616e+01
2.400000000000000000e+01 -9.313961532589920891e-03 3.787826438031510889e+01
2.400000000000000000e+01 -1.187007432298951420e-01 4.298403700621856061e+00
2.400000000000000000e+01 -6.218638051030354712e-03 8.261041486670147549e+01
2.400000000000000000e+01 -2.045913757748778553e-02 2.841288045689909936e+01
2.500000000000000000e+01 -8.643451405262685518e-04 9.402621077031747632e+01
2.500000000000000000e+01 -9.721498380379941379e-03 3.773748611133567010e+01
2.500000000000000000e+01 -6.440482261075147589e-03 8.260843527840759748e+01
2.500000000000000000e+01 -1.245046399547269644e-01 4.298394686509492857e+00
2.500000000000000000e+01 -2.159979292412716675e-02 2.839898576052141976e+01
2.600000000000000000e+01 -9.394426385324015092e-04 9.227715418323086283e+01
2.600000000000000000e+01 -1.012141068418620851e-02 3.758332639808253361e+01
2.600000000000000000e+01 -6.666279003642065597e-03 8.260242375076651911e+01
2.600000000000000000e+01 -1.301507086021732873e-01 4.306902976074079348e+00
2.600000000000000000e+01 -2.276728551432037964e-02 2.838436885746407867e+01
2.700000000000000000e+01 -1.012496053640264205e-03 9.038714688025633848e+01
2.700000000000000000e+01 -1.051399636295275580e-02 3.741184112517141358e+01
2.700000000000000000e+01 -6.897024624264003201e-03 8.259062709293031901e+01
2.700000000000000000e+01 -1.354568824965362572e-01 4.329695350993452152e+00
2.700000000000000000e+01 -2.396694072164996109e-02 2.836911916595957095e+01
2.800000000000000000e+01 -1.082098861714150860e-03 8.849968274059592943e+01
2.800000000000000000e+01 -1.089096884104508514e-02 3.722432845886387298e+01
2.800000000000000000e+01 -7.126230506672164185e-03 8.257230296584680218e+01
2.800000000000000000e+01 -1.412511739439385461e-01 4.337460814563137923e+00
2.800000000000000000e+01 -2.519854370052652601e-02 2.835025147847983362e+01
2.900000000000000000e+01 -1.162474553034818607e-03 8.657385532493302094e+01
2.900000000000000000e+01 -1.125103122794066969e-02 3.701855998000002046e+01
2.900000000000000000e+01 -7.342941121675231053e-03 8.254152459343994508e+01
2.900000000000000000e+01 -1.471023163894600028e-01 4.345935830613908202e+00
2.900000000000000000e+01 -2.646545757624491763e-02 2.832913041442045099e+01
3.000000000000000000e+01 -1.361518429095556542e-03 8.464540337593238917e+01
3.000000000000000000e+01 -1.158941221146966849e-02 3.679299795891096636e+01
3.000000000000000000e+01 -7.438858642256368330e-03 8.247579667565732109e+01
3.000000000000000000e+01 -1.530092513733925241e-01 4.355191177026423333e+00
3.000000000000000000e+01 -2.777038451787736464e-02 2.830551405085779493e+01
3.100000000000000000e+01 -4.131423361083686775e-03 8.294333936391272744e+01
3.100000000000000000e+01 -4.962170828801936925e-03 8.215929568236963121e+01
3.100000000000000000e+01 -1.190028583628858876e-02 3.654611243999600134e+01
3.100000000000000000e+01 -1.589711978071257914e-01 4.365273768349390515e+00
3.100000000000000000e+01 -2.911620987536166910e-02 2.827911261444672775e+01
3.200000000000000000e+01 -1.816818695618109764e-03 8.043962041852253719e+01
3.200000000000000000e+01 -1.217783141973452672e-02 3.627631963332690646e+01
3.200000000000000000e+01 -7.568967496642509465e-03 8.263560403172978397e+01
3.200000000000000000e+01 -1.649861754175043493e-01 4.376263448143039803e+00
3.200000000000000000e+01 -3.050845835276838613e-02 2.824956381019384466e+01
3.300000000000000000e+01 -1.577382255927164230e-03 7.848692362306603343e+01
3.300000000000000000e+01 -1.241317877139457536e-02 3.598198561867900480e+01
3.300000000000000000e+01 -8.100803380032741557e-03 8.256333484905501052e+01
3.300000000000000000e+01 -1.710521211301651023e-01 4.388224370762976001e+00
3.300000000000000000e+01 -3.195027566324135787e-02 2.821644291690781969e+01
3.400000000000000000e+01 -1.550877859578768175e-03 7.652743669525295900e+01
3.400000000000000000e+01 -1.259900047060434104e-02 3.565994987161282381e+01
3.400000000000000000e+01 -8.422888682745049635e-03 8.251316237895301242e+01
3.400000000000000000e+01 -1.776494964117311115e-01 4.387869651563630846e+00
3.400000000000000000e+01 -3.345579930074721320e-02 2.817648690271885314e+01
3.500000000000000000e+01 -1.572769414627042455e-03 7.457017352777327801e+01
3.500000000000000000e+01 -1.272039877063107366e-02 3.531121778868139671e+01
3.500000000000000000e+01 -8.703918771512489036e-03 8.246579465599734249e+01
3.500000000000000000e+01 -1.832323375630534046e-01 4.418263535583991874e+00
3.500000000000000000e+01 -3.501109659529669238e-02 2.813705737985774746e+01
3.600000000000000000e+01 -1.617963056771318372e-03 7.267513630691396997e+01
3.600000000000000000e+01 -1.276578648536134432e-02 3.493467501934150476e+01
3.600000000000000000e+01 -8.968545918362866298e-03 8.241684736788141663e+01
3.600000000000000000e+01 -1.894085739500270538e-01 4.434193325824004717e+00
3.600000000000000000e+01 -3.663981864707357983e-02 2.808930423947530031e+01
3.700000000000000000e+01 -1.681845280530906836e-03 7.083403952805336701e+01
3.700000000000000000e+01 -1.272020113873553564e-02 3.452912762765109989e+01
3.700000000000000000e+01 -9.227616507212222860e-03 8.236393041691167127e+01
3.700000000000000000e+01 -1.956167709610607541e-01 4.451513733257280947e+00
3.700000000000000000e+01 -3.834551322326490430e-02 2.803473321637238413e+01
3.800000000000000000e+01 -1.765571794935061421e-03 6.905732732938612628e+01
3.800000000000000000e+01 -1.256775183545410374e-02 3.409468861558410424e+01
3.800000000000000000e+01 -9.483674878081453999e-03 8.230583159980214703e+01
3.800000000000000000e+01 -2.018491168409597691e-01 4.470345518979780053e+00
3.800000000000000000e+01 -4.013443587712858113e-02 2.797184575636944714e+01
3.900000000000000000e+01 -1.872678425216868893e-03 6.735376157891552396e+01
3.900000000000000000e+01 -1.229343803046808840e-02 3.363236543628022446e+01
3.900000000000000000e+01 -9.738576241559828220e-03 8.224183539515424002e+01
3.900000000000000000e+01 -2.081006201543038336e-01 4.490783490405463318e+00
3.900000000000000000e+01 -4.201335287059806273e-02 2.789863885256688292e+01
4.000000000000000000e+01 -2.007058528462488112e-03 6.573056762869225622e+01
4.000000000000000000e+01 -1.188742595248891074e-02 3.314450736954013621e+01
4.000000000000000000e+01 -9.992632731276136424e-03 8.217128200380460612e+01
4.000000000000000000e+01 -2.143629500529830589e-01 4.512947310387328770e+00
4.000000000000000000e+01 -4.398140135695127739e-02 2.781237389161477580e+01
4.100000000000000000e+01 -2.172524557838068169e-03 6.419322737697397940e+01
4.100000000000000000e+01 -1.135309596334835996e-02 3.263509328748228455e+01
4.100000000000000000e+01 -1.024569749636031028e-02 8.209353290776300582e+01
4.100000000000000000e+01 -2.206261325121960382e-01 4.536970095963710925e+00
4.100000000000000000e+01 -4.602368495839396362e-02 2.770931740019750933e+01
4.200000000000000000e+01 -2.372150172858532996e-03 6.274529359319022603e+01
4.200000000000000000e+01 -1.071998106544430097e-02 3.210991586230573347e+01
4.200000000000000000e+01 -1.049832092905475175e-02 8.200814670210033341e+01
4.200000000000000000e+01 -2.268839190036832931e-01 4.562954749010507349e+00
4.200000000000000000e+01 -4.810230767129182461e-02 2.758446724331538036e+01
4.300000000000000000e+01 -2.608594547108130605e-03 6.138935349676630437e+01
4.300000000000000000e+01 -1.007040547589921516e-02 3.157773166559889688e+01
4.300000000000000000e+01 -1.075014300132369482e-02 8.191456467355378379e+01
4.300000000000000000e+01 -2.331234427991628333e-01 4.591060806465031341e+00
4.300000000000000000e+01 -5.012574296930619872e-02 2.743116492377237847e+01
4.400000000000000000e+01 -2.882333759935668156e-03 6.012560172028783967e+01
4.400000000000000000e+01 -9.562520320167961288e-03 3.104895758981492193e+01
4.400000000000000000e+01 -1.100132238388611301e-02 8.181236296487571735e+01
4.400000000000000000e+01 -2.393367850610179093e-01 4.621403865098120178e+00
4.400000000000000000e+01 -5.193041738998612628e-02 2.724127534161950237e+01
4.500000000000000000e+01 -3.192544992736203423e-03 5.895291715325526383e+01
4.500000000000000000e+01 -9.452388195414988814e-03 3.053588919284309000e+01
4.500000000000000000e+01 -1.125177042142120297e-02 8.170108764722783690e+01
4.500000000000000000e+01 -2.455141548352680059e-01 4.654116135989327496e+00
4.500000000000000000e+01 -5.325678206052433111e-02 2.700553363570899634e+01
4.600000000000000000e+01 -3.538877892302721463e-03 5.786302610440893801e+01
4.600000000000000000e+01 -1.007824924620326530e-02 3.004926695855052898e+01
4.600000000000000000e+01 -1.150217254134522360e-02 8.157947146702008467e+01
4.600000000000000000e+01 -2.515383681096211577e-01 4.691662840431638060e+00
4.600000000000000000e+01 -5.376157962302326176e-02 2.671343633435340337e+01
4.700000000000000000e+01 -3.913807078505363718e-03 5.686408975605088756e+01
4.700000000000000000e+01 -1.173850540366118238e-02 2.960736040030986871e+01
4.700000000000000000e+01 -1.175056760150546518e-02 8.144866422574588682e+01
4.700000000000000000e+01 -2.575968100060166410e-01 4.729793564619488855e+00
4.700000000000000000e+01 -5.315306527735310510e-02 2.635745470047721639e+01
4.800000000000000000e+01 -4.314335298421393371e-03 5.594549839985194239e+01
4.800000000000000000e+01 -1.454484889414539919e-02 2.922013566569133403e+01
4.800000000000000000e+01 -1.199742827559694552e-02 8.130754802729907738e+01
4.800000000000000000e+01 -2.635814491021233330e-01 4.770743795270755427e+00
4.800000000000000000e+01 -5.131555917885514961e-02 2.592947479992232829e+01
4.900000000000000000e+01 -4.735139385602115530e-03 5.510199210584499951e+01
4.900000000000000000e+01 -1.826324021303130443e-02 2.889580689508922973e+01
4.900000000000000000e+01 -1.224280830996926639e-02 8.115583202255558604e+01
4.900000000000000000e+01 -4.848634515403617284e-02 2.542688932728800566e+01
4.900000000000000000e+01 -2.694853139368101336e-01 4.814630926221063589e+00
5.000000000000000000e+01 -5.170671305136549656e-03 5.432789686765000425e+01
5.000000000000000000e+01 -2.238083018271502800e-02 2.863214065794339547e+01
5.000000000000000000e+01 -1.248663908835541576e-02 8.099328969173117798e+01
5.000000000000000000e+01 -4.518112249840944977e-02 2.485783462405435884e+01
5.000000000000000000e+01 -2.752925777580452205e-01 4.861530582244039778e+00
5.100000000000000000e+01 -5.615695890901138861e-03 5.361734295332857414e+01
5.100000000000000000e+01 -2.643273816689136607e-02 2.842169206292603434e+01
5.100000000000000000e+01 -4.186169220411371794e-02 2.423395153546239555e+01
5.100000000000000000e+01 -1.272867364573513835e-02 8.081969420802228399e+01
5.100000000000000000e+01 -2.810236812458737354e-01 4.911711210858388021e+00
5.200000000000000000e+01 -6.065072638984599952e-03 5.296449473078209280e+01
5.200000000000000000e+01 -3.013549424738750510e-02 2.824662342437411056e+01
5.200000000000000000e+01 -3.881066271677278273e-02 2.357806221181856188e+01
5.200000000000000000e+01 -1.296875447843200656e-02 8.063491180412933090e+01
5.200000000000000000e+01 -2.866389605715529143e-01 4.965193986840263030e+00
5.300000000000000000e+01 -6.514317446492593269e-03 5.236366227038158883e+01
5.300000000000000000e+01 -3.608437334785217360e-02 2.290506559981155377e+01
5.300000000000000000e+01 -3.343436482813649802e-02 2.809539862001157218e+01
5.300000000000000000e+01 -1.320695408554693057e-02 8.043890971069220086e+01
5.300000000000000000e+01 -2.921520967193062535e-01 5.022087510077545502e+00
5.400000000000000000e+01 -6.959761389668302906e-03 5.180944688894084038e+01
5.400000000000000000e+01 -3.363954907900138652e-02 2.222689709341117137e+01
5.400000000000000000e+01 -3.636206089216106885e-02 2.795911343426553231e+01
5.400000000000000000e+01 -1.344303298332810703e-02 8.023166736068513671e+01
5.400000000000000000e+01 -2.975463389466428965e-01 5.082577999066102414e+00
5.500000000000000000e+01 -7.398047216662965823e-03 5.129677935100772146e+01
5.500000000000000000e+01 -3.141061113642246161e-02 2.155204078455577132e+01
5.500000000000000000e+01 -3.898133589392190068e-02 2.783191816899143589e+01
5.500000000000000000e+01 -1.367700317588347800e-02 8.001330732001630963e+01
5.500000000000000000e+01 -3.028287325323057999e-01 5.146743113347262089e+00
5.600000000000000000e+01 -7.826898071785206787e-03 5.082094962886310441e+01
5.600000000000000000e+01 -2.933196547264063300e-02 2.088644591005285278e+01
5.600000000000000000e+01 -1.390883186829997009e-02 7.978401655775412848e+01
5.600000000000000000e+01 -4.135349821769274126e-02 2.771004596443610879e+01
5.600000000000000000e+01 -3.080110340506349020e-01 5.214657703480752637e+00
5.700000000000000000e+01 -8.244429906208838171e-03 5.037768243099495891e+01
5.700000000000000000e+01 -2.734157913388960554e-02 2.023449463464744369e+01
5.700000000000000000e+01 -1.413852924842944579e-02 7.954407741950552690e+01
5.700000000000000000e+01 -4.352500165020302403e-02 2.759077688707181508e+01
5.700000000000000000e+01 -3.130812441396487178e-01 5.286484892821368575e+00
5.800000000000000000e+01 -8.649173553327822381e-03 4.996308312365307103e+01
5.800000000000000000e+01 -2.539189643921519607e-02 1.959914407965366578e+01
5.800000000000000000e+01 -1.436611840249462854e-02 7.929381800073976194e+01
5.800000000000000000e+01 -4.553594342645516518e-02 2.747245583919110956e+01
5.800000000000000000e+01 -3.180558866514131555e-01 5.362299625865848185e+00
5.900000000000000000e+01 -2.344122831862335138e-02 1.898248618525069631e+01
5.900000000000000000e+01 -9.040171730490001445e-03 4.957363827141504231e+01
5.900000000000000000e+01 -1.459166245612393553e-02 7.903368402083954436e+01
5.900000000000000000e+01 -4.741602190978153053e-02 2.735387811476237374e+01
5.900000000000000000e+01 -3.229480183155531425e-01 5.442195078263343255e+00
6.000000000000000000e+01 -2.145313945044066695e-02 1.838590368910522344e+01
6.000000000000000000e+01 -9.416799529356270626e-03 4.920619945420673957e+01
6.000000000000000000e+01 -1.481524818111420484e-02 7.876418728165762673e+01
6.000000000000000000e+01 -4.918790578460866675e-02 2.723420146645380413e+01
6.000000000000000000e+01 -3.277744743779421044e-01 5.526265256481289079e+00
6.100000000000000000e+01 -1.939563588792785065e-02 1.781011919996657156e+01
6.100000000000000000e+01 -9.778682057891511376e-03 4.885790692044950845e+01
6.100000000000000000e+01 -1.503701559408063097e-02 7.848589881270898161e+01
6.100000000000000000e+01 -5.087057626987800951e-02 2.711290998354766657e+01
6.100000000000000000e+01 -3.325675622425723899e-01 5.614582648952607613e+00
6.200000000000000000e+01 -1.723430941281422699e-02 1.725572337054872918e+01
6.200000000000000000e+01 -1.012572295388640756e-02 4.852632239081278698e+01
6.200000000000000000e+01 -1.525706815693832381e-02 7.819945681621354083e+01
6.200000000000000000e+01 -5.247319152221736199e-02 2.698936656379951415e+01
6.200000000000000000e+01 -3.373303707364205262e-01 5.707304169851090236e+00
6.300000000000000000e+01 -1.493796219491256086e-02 1.672268003792330049e+01
6.300000000000000000e+01 -1.045790686411200363e-02 4.820918195826448027e+01
6.300000000000000000e+01 -1.547557708128549300e-02 7.790551944417158836e+01
6.300000000000000000e+01 -5.400750673814491004e-02 2.686334804010608934e+01
6.300000000000000000e+01 -3.421041654379839980e-01 5.804507616899529765e+00
6.400000000000000000e+01 -1.247255085922679280e-02 1.621031125151881369e+01
6.400000000000000000e+01 -1.077446759796911110e-02 4.790423740553135445e+01
6.400000000000000000e+01 -1.569171891937530192e-02 7.760478385583448357e+01
6.400000000000000000e+01 -5.547929559882606998e-02 2.673446866759882568e+01
6.400000000000000000e+01 -3.469764011042152929e-01 5.905089132817296971e+00
6.500000000000000000e+01 -9.797140658959244131e-03 1.571913814337035120e+01
6.500000000000000000e+01 -1.107773557012889723e-02 4.761025304582781104e+01
6.500000000000000000e+01 -1.590796130348424639e-02 7.729796986593804320e+01
6.500000000000000000e+01 -5.689885352872045554e-02 2.660290296011818612e+01
6.500000000000000000e+01 -3.518699863420599039e-01 6.011993886072369619e+00
6.600000000000000000e+01 -6.870280834360475986e-03 1.524814656125653300e+01
6.600000000000000000e+01 -1.136682195990672793e-02 4.732534434522960964e+01
6.600000000000000000e+01 -1.612339535262852230e-02 7.698600957673417611e+01
6.600000000000000000e+01 -5.826997601039106411e-02 2.646853039791055551e+01
6.600000000000000000e+01 -3.569222939054715327e-01 6.123640117883851097e+00
6.700000000000000000e+01 -3.640860057444549221e-03 1.479694928318426150e+01
6.700000000000000000e+01 -1.164197742996331102e-02 4.704824677706807989e+01
6.700000000000000000e+01 -1.633799418064098632e-02 7.666958178560578574e+01
6.700000000000000000e+01 -5.959110261274559728e-02 2.633104089224533695e+01
6.700000000000000000e+01 -3.621627445277011415e-01 6.240147823083947110e+00
6.800000000000000000e+01 -4.989500305169933768e-05 1.436483633166246854e+01
6.800000000000000000e+01 -1.190344393486000851e-02 4.677765906419173092e+01
6.800000000000000000e+01 -1.655209276251385850e-02 7.634949660169775143e+01
6.800000000000000000e+01 -6.086655391482873739e-02 2.619052976966809254e+01
6.800000000000000000e+01 -3.676725119409665621e-01 6.361543777657749033e+00
6.900000000000000000e+01 3.971382572681584310e-03 1.395126193115899227e+01
6.900000000000000000e+01 -1.215152344672202830e-02 4.651246559964571503e+01
6.900000000000000000e+01 -1.676591044517201576e-02 7.602653495666130823e+01
6.900000000000000000e+01 -6.209777601072397762e-02 2.604699531040560245e+01
6.900000000000000000e+01 -3.735286988916818318e-01 6.487814592152814086e+00
7.000000000000000000e+01 8.501409907228248825e-03 1.355580889720701698e+01
7.000000000000000000e+01 -1.238646099894543696e-02 4.625167920172131630e+01
7.000000000000000000e+01 -1.697966439788106685e-02 7.570144098502596819e+01
7.000000000000000000e+01 -6.328549662292402844e-02 2.590045132652527471e+01
7.000000000000000000e+01 -3.798163915192511175e-01 6.618862060307288075e+00
7.100000000000000000e+01 1.362686391156111079e-02 1.317826231836706263e+01
7.100000000000000000e+01 -1.260841706237771261e-02 4.599441847027530628e+01
7.100000000000000000e+01 -1.719357440002389562e-02 7.537493828312750566e+01
7.100000000000000000e+01 -6.442981136038665457e-02 2.575092953849241795e+01
7.100000000000000000e+01 -3.866272960637459621e-01 6.754453724984099239e+00
7.200000000000000000e+01 1.943777798763606651e-02 1.281869615586903244e+01
7.200000000000000000e+01 -1.281755868687204855e-02 4.573990203882188155e+01
7.200000000000000000e+01 -1.740787159789175184e-02 7.504773430718026361e+01
7.200000000000000000e+01 -6.553050074001430525e-02 2.559848097673216216e+01
7.200000000000000000e+01 -3.940553022761407176e-01 6.894146605469643418e+00
7.300000000000000000e+01 2.602236688789615407e-02 1.247743415453386362e+01
7.300000000000000000e+01 -1.301408313610247398e-02 4.548729363475423071e+01
7.300000000000000000e+01 -1.762303676051586721e-02 7.472059619461273883e+01
7.300000000000000000e+01 -6.658919895679095424e-02 2.544327911962193056e+01
7.300000000000000000e+01 -4.022057275402260990e-01 7.037237517538323495e+00
7.400000000000000000e+01 3.343903901020972569e-02 1.215543602035348059e+01
7.400000000000000000e+01 -1.319768542120024375e-02 4.523623126121255211e+01
7.400000000000000000e+01 -1.783868752680608724e-02 7.439385051954054973e+01
7.400000000000000000e+01 -6.759915886086337311e-02 2.528509618433806949e+01
7.400000000000000000e+01 -4.111067646046643875e-01 7.182678257476224459e+00
7.500000000000000000e+01 4.171589723370030395e-02 1.185368540511663404e+01
7.500000000000000000e+01 -1.336840691695162162e-02 4.498603914080351274e+01
7.500000000000000000e+01 -1.805530981618332781e-02 7.406822565925257607e+01
7.500000000000000000e+01 -6.856130222019703180e-02 2.512414026897762653e+01
7.500000000000000000e+01 -4.208047235953042975e-01 7.329087459396655291e+00
7.600000000000000000e+01 5.081907804909761156e-02 1.157336732775650390e+01
7.600000000000000000e+01 -1.352606493147980905e-02 4.473622867446475482e+01
7.600000000000000000e+01 -1.827308542506300704e-02 7.374426781637141914e+01
7.600000000000000000e+01 -6.947343320311466508e-02 2.496048066043042368e+01
7.600000000000000000e+01 -4.312719341687993313e-01 7.474815364083788438e+00
7.700000000000000000e+01 6.064413802810747489e-02 1.131548075614690418e+01
7.700000000000000000e+01 -1.367031632113994283e-02 4.448636628554795180e+01
7.700000000000000000e+01 -1.849219482800839795e-02 7.342246393068278110e+01
7.700000000000000000e+01 -7.033277317643911453e-02 2.479418370673379357e+01
7.700000000000000000e+01 -4.424161560092857437e-01 7.618141884564455069e+00
7.800000000000000000e+01 7.101890871380309167e-02 1.108053770148942263e+01
7.800000000000000000e+01 -1.380074766278615271e-02 4.423607175401331659e+01
7.800000000000000000e+01 -1.871280043026749343e-02 7.310328221724526543e+01
7.800000000000000000e+01 -7.113617366423878596e-02 2.462532645161446254e+01
7.800000000000000000e+01 -4.540851734635243941e-01 7.757515914677878932e+00
7.900000000000000000e+01 8.172587115944393577e-02 1.086833802719535491e+01
7.900000000000000000e+01 -1.391680416507454741e-02 4.398501187049445349e+01
7.900000000000000000e+01 -1.893505735805017451e-02 7.278714838670536835e+01
7.900000000000000000e+01 -7.187992986081793989e-02 2.445398811642981229e+01
7.900000000000000000e+01 -4.660887660151107892e-01 7.891811547201339039e+00
8.000000000000000000e+01 9.253447951542290162e-02 1.067794108704940648e+01
8.000000000000000000e+01 -1.401780625246291934e-02 4.373289608645816173e+01
8.000000000000000000e+01 -1.915911027934244504e-02 7.247445326459245507e+01
8.000000000000000000e+01 -7.255980648961829482e-02 2.428025156437742638e+01
8.000000000000000000e+01 -4.782290761619236164e-01 8.020461847879852613e+00
8.100000000000000000e+01 1.032368548548198428e-01 1.050754374309036443e+01
8.100000000000000000e+01 -1.410249383029156880e-02 4.347906491539736606e+01
8.100000000000000000e+01 -1.938461770913799120e-02 7.216610440213187871e+01
8.100000000000000000e+01 -7.317189524576503401e-02 2.410419865981508281e+01
8.100000000000000000e+01 -4.903769114496100423e-01 8.142696968448644768e+00
8.200000000000000000e+01 1.136562248571825473e-01 1.035532264703060257e+01
8.200000000000000000e+01 -1.417062681215737648e-02 4.322353521664547316e+01
8.200000000000000000e+01 -1.961193305402377657e-02 7.186122417492435943e+01
8.200000000000000000e+01 -7.370869585055829509e-02 2.392565483325141429e+01
8.200000000000000000e+01 -5.023336142491712231e-01 8.259736807368588174e+00
8.300000000000000000e+01 1.236622891129815910e-01 1.021923866821347637e+01
8.300000000000000000e+01 -1.422060578046884308e-02 4.296606696471546627e+01
8.300000000000000000e+01 -1.984081822068833184e-02 7.156045560292233176e+01
8.300000000000000000e+01 -7.416298418466130138e-02 2.374469680663954207e+01
8.300000000000000000e+01 -5.140177054675498791e-01 8.371941793581017421e+00
8.400000000000000000e+01 1.331706908661716982e-01 1.009728128416033677e+01
8.400000000000000000e+01 -1.425132050965488215e-02 4.270632775348955334e+01
8.400000000000000000e+01 -2.007139605815147498e-02 7.126405803230717595e+01
8.400000000000000000e+01 -7.452856315806825893e-02 2.356138725616622054e+01
8.400000000000000000e+01 -5.253825752703099594e-01 8.480084522943636571e+00
8.500000000000000000e+01 1.421245522368302927e-01 9.987942391297352174e+00
8.500000000000000000e+01 -1.426156136522587804e-02 4.244444675828104607e+01
8.500000000000000000e+01 -2.030433705630656227e-02 7.097217243216623217e+01
8.500000000000000000e+01 -7.479824623198567946e-02 2.337596702494417045e+01
8.500000000000000000e+01 -5.363787328514589836e-01 8.585561078070105268e+00
8.600000000000000000e+01 1.505030800577064898e-01 9.889350166645176188e+00
8.600000000000000000e+01 -1.424942245853128356e-02 4.217996048423502486e+01
8.600000000000000000e+01 -2.053892497096489883e-02 7.068518845820213414e+01
8.600000000000000000e+01 -7.496183553893169538e-02 2.318832960497022100e+01
8.600000000000000000e+01 -5.470359110193212526e-01 8.688600437786686115e+00
8.700000000000000000e+01 1.582983907176380989e-01 9.800190401471843060e+00
8.700000000000000000e+01 -1.421331182663338952e-02 4.191279189059452648e+01
8.700000000000000000e+01 -2.077540615117801429e-02 7.040307948323319920e+01
8.700000000000000000e+01 -7.500925736589350579e-02 2.299854600496539092e+01
8.700000000000000000e+01 -5.573599002714607620e-01 8.790195258312559545e+00
8.800000000000000000e+01 1.655166190233096912e-01 9.719285462529949626e+00
8.800000000000000000e+01 -1.415133065824368888e-02 4.164281549981248531e+01
8.800000000000000000e+01 -2.101379389849636001e-02 7.012594483821331437e+01
8.800000000000000000e+01 -7.492889597885436792e-02 2.280667149190486143e+01
8.800000000000000000e+01 -5.673781492388189074e-01 8.891075486414640849e+00
8.900000000000000000e+01 1.721798914562542859e-01 9.645005872725532114e+00
8.900000000000000000e+01 -1.406142221317264671e-02 4.136910328901694811e+01
8.900000000000000000e+01 -2.125291486105773675e-02 6.985339123288299845e+01
8.900000000000000000e+01 -7.470486588386328342e-02 2.261212862849000516e+01
8.900000000000000000e+01 -5.771636156418903374e-01 8.990985166483214996e+00
9.000000000000000000e+01 1.782951275125758683e-01 9.577341394187019574e+00
9.000000000000000000e+01 -1.394142280852148086e-02 4.109261169851166073e+01
9.000000000000000000e+01 -2.149436852705181519e-02 6.958600837151568896e+01
9.000000000000000000e+01 -7.432592889341807507e-02 2.241578366595701155e+01
9.000000000000000000e+01 -5.867025471171479767e-01 9.091761224146823750e+00
