1.000000000000000000e+01 1.977559364562789086e-05 5.402797999999999767e-01 1.174563760051941085e-03
1.100000000000000000e+01 2.401049990866903152e-05 5.402791000000000121e-01 1.424542923784052504e-03
1.200000000000000000e+01 2.868195864534061208e-05 5.402782000000000417e-01 1.699666298210040062e-03
1.300000000000000000e+01 3.379937511724069517e-05 5.402770000000000072e-01 2.000307776131140906e-03
1.400000000000000000e+01 3.937311602185108642e-05 5.402755000000000196e-01 2.326877239050474926e-03
1.500000000000000000e+01 4.541449448469364565e-05 5.402736999999999679e-01 2.679818557130352746e-03
1.600000000000000000e+01 5.193591732235245398e-05 5.402713999999999572e-01 3.059616587688088109e-03
1.700000000000000000e+01 5.895089538583331745e-05 5.402685999999999877e-01 3.466796174863120365e-03
1.800000000000000000e+01 6.647409100840106567e-05 5.402652000000000010e-01 3.901923148941145291e-03
1.900000000000000000e+01 7.452128119092772023e-05 5.402611999999999970e-01 4.365600326387397874e-03
2.000000000000000000e+01 8.310956912032165000e-05 5.402563999999999700e-01 4.858477507677868429e-03
2.100000000000000000e+01 9.225742316358755265e-05 5.402506999999999726e-01 5.381251476618658693e-03
2.200000000000000000e+01 1.019846365986361151e-04 5.402441000000000049e-01 5.934661000287242381e-03
2.300000000000000000e+01 1.123875451326206777e-04 5.402363999999999500e-01 6.523815175533899564e-03
2.400000000000000000e+01 1.233558165629260682e-04 5.402274999999999716e-01 7.141871885833587195e-03
2.500000000000000000e+01 1.349730984718061047e-04 5.402173000000000114e-01 7.793129325970585795e-03
2.600000000000000000e+01 1.472673778287806028e-04 5.402055000000000051e-01 8.478630166308676053e-03
2.700000000000000000e+01 1.602751637236499865e-04 5.401920999999999529e-01 9.199854995177158060e-03
2.800000000000000000e+01 1.740125853657154269e-04 5.401768000000000125e-01 9.957053569121644340e-03
2.900000000000000000e+01 1.885185855304223113e-04 5.401593999999999562e-01 1.075172743719018595e-02
3.000000000000000000e+01 2.038287115384927587e-04 5.401397999999999477e-01 1.158511716794109574e-02
3.100000000000000000e+01 2.199800050089991202e-04 5.401177000000000339e-01 1.245847830613452598e-02
3.200000000000000000e+01 2.370125396258980163e-04 5.400928000000000395e-01 1.337317035944786577e-02
3.300000000000000000e+01 2.549693880202178083e-04 5.400648000000000115e-01 1.433061279235136286e-02
3.400000000000000000e+01 2.738968644876312009e-04 5.400333999999999968e-01 1.533235503253444973e-02
3.500000000000000000e+01 2.938432734700064178e-04 5.399983999999999895e-01 1.637993647142513970e-02
3.600000000000000000e+01 3.148622589568868669e-04 5.399593000000000309e-01 1.747506643314507627e-02
3.700000000000000000e+01 3.370087143994355194e-04 5.399156999999999984e-01 1.861948422457629718e-02
3.800000000000000000e+01 3.603449426837856506e-04 5.398671999999999915e-01 1.981513905525756139e-02
3.900000000000000000e+01 3.849330460175494264e-04 5.398133000000000514e-01 2.106384011690456276e-02
4.000000000000000000e+01 4.108431303138231918e-04 5.397534999999999972e-01 2.236777651941245990e-02
4.100000000000000000e+01 4.435792752073925631e-04 5.396735999999999756e-01 2.399966373923439339e-02
4.200000000000000000e+01 4.731943323365311481e-04 5.395972999999999464e-01 2.545917917649112572e-02
4.300000000000000000e+01 5.044839554156234753e-04 5.395126999999999562e-01 2.698541555046413132e-02
4.400000000000000000e+01 5.375568232560497175e-04 5.394189000000000345e-01 2.858170147141007866e-02
4.500000000000000000e+01 5.725220171325615419e-04 5.393151000000000472e-01 3.025097548315268392e-02
4.600000000000000000e+01 6.096209604046142969e-04 5.391998000000000069e-01 3.200224474410721942e-02
4.700000000000000000e+01 6.487808318636635162e-04 5.390724999999999545e-01 3.382932958398527507e-02
4.800000000000000000e+01 6.942534405866785047e-04 5.389177000000000550e-01 3.592542522305457869e-02
4.900000000000000000e+01 7.388776266733854733e-04 5.387589000000000405e-01 3.795491552482507802e-02
5.000000000000000000e+01 7.862350093416172522e-04 5.385830999999999813e-01 4.008100283793065988e-02
5.100000000000000000e+01 8.365263061514902065e-04 5.383885000000000476e-01 4.230884444484600548e-02
5.200000000000000000e+01 8.899666943721882845e-04 5.381730999999999598e-01 4.464377740306964965e-02
5.300000000000000000e+01 9.467919192670834570e-04 5.379348000000000463e-01 4.709155847506225900e-02
5.400000000000000000e+01 1.010946443598348789e-03 5.376545000000000352e-01 4.981485359526621748e-02
5.500000000000000000e+01 1.076041798962741906e-03 5.373586000000000196e-01 5.253425170217059653e-02
5.600000000000000000e+01 1.145503549274525358e-03 5.370308000000000304e-01 5.539023440747159466e-02
5.700000000000000000e+01 1.219630047122550629e-03 5.366674000000000166e-01 5.838951752704984316e-02
5.800000000000000000e+01 1.298823170297293359e-03 5.362647000000000386e-01 6.154068535460031908e-02
5.900000000000000000e+01 1.386936771597265319e-03 5.357994999999999841e-01 6.498690243577137649e-02
6.000000000000000000e+01 1.478233024339112994e-03 5.352997000000000449e-01 6.849235299356129514e-02
6.100000000000000000e+01 1.576085591771711134e-03 5.347446999999999617e-01 7.218101703218306187e-02
6.200000000000000000e+01 1.681000432236342840e-03 5.341285999999999534e-01 7.606155704078509938e-02
6.300000000000000000e+01 1.793585348077458667e-03 5.334444000000000408e-01 8.014520412230523305e-02
6.400000000000000000e+01 1.918308226008310019e-03 5.326594999999999525e-01 8.457895268932966171e-02
6.500000000000000000e+01 2.049002631881233823e-03 5.318089000000000288e-01 8.912694443861139681e-02
6.600000000000000000e+01 2.189665866503437506e-03 5.308629999999999738e-01 9.391631897160922227e-02
6.700000000000000000e+01 2.344156553567653106e-03 5.297887000000000013e-01 9.906360669419940479e-02
6.800000000000000000e+01 2.507656236084632347e-03 5.286142000000000341e-01 1.043867339693548973e-01
6.900000000000000000e+01 2.683720872256848897e-03 5.273084999999999578e-01 1.099869141523321381e-01
7.000000000000000000e+01 2.873294490786085145e-03 5.258576000000000361e-01 1.158742022989922432e-01
7.100000000000000000e+01 3.080696409406672581e-03 5.242191999999999963e-01 1.221592398780781547e-01
7.200000000000000000e+01 3.300914163139331316e-03 5.224250000000000282e-01 1.286646873594965712e-01
7.300000000000000000e+01 3.537687638709392530e-03 5.204362000000000155e-01 1.354815933403666628e-01
7.400000000000000000e+01 3.794830507602751837e-03 5.182094000000000422e-01 1.426933039569638906e-01
7.500000000000000000e+01 4.068035366789875609e-03 5.157717000000000551e-01 1.501509717136420841e-01
7.600000000000000000e+01 4.360530758758464527e-03 5.130837000000000314e-01 1.579205503096333951e-01
7.700000000000000000e+01 4.672969724967114893e-03 5.101272000000000029e-01 1.659933270208027445e-01
7.800000000000000000e+01 5.008380012516372264e-03 5.068595000000000184e-01 1.744202567663581949e-01
7.900000000000000000e+01 5.362294592770020657e-03 5.033113999999999644e-01 1.830613961926484401e-01
8.000000000000000000e+01 5.737031494964617978e-03 4.994469000000000269e-01 1.919527103221322639e-01
8.100000000000000000e+01 6.132387990189441286e-03 4.952540000000000275e-01 2.010665984892019420e-01
8.200000000000000000e+01 6.547903568541332819e-03 4.907237999999999878e-01 2.103714639185215451e-01
8.300000000000000000e+01 6.983626717335804195e-03 4.858464000000000116e-01 2.198396015442550255e-01
8.400000000000000000e+01 7.437092675609845160e-03 4.806270000000000264e-01 2.294184463765098492e-01
8.500000000000000000e+01 7.907738547913645971e-03 4.750636999999999777e-01 2.390742030919748573e-01
8.600000000000000000e+01 8.394167853360294876e-03 4.691608999999999918e-01 2.487666899427271872e-01
8.700000000000000000e+01 8.894803156601346211e-03 4.629264000000000157e-01 2.584553282784846640e-01
8.800000000000000000e+01 9.407980963501406946e-03 4.563707000000000180e-01 2.681011411948517331e-01
8.900000000000000000e+01 9.931973463332683175e-03 4.495068999999999870e-01 2.776668531690408281e-01
9.000000000000000000e+01 1.046506369992169887e-02 4.423496000000000095e-01 2.871183889762471408e-01
