1.000000000000000000e+01 -4.702910954876133448e-02 4.454957031837446735e+00
1.000000000000000000e+01 -7.562220351693718992e-03 2.936276913676674383e+01
1.000000000000000000e+01 -3.876247494710995459e-03 4.127038872358793498e+01
1.000000000000000000e+01 -1.000000000000000000e+00 6.364612820091562817e+00
1.000000000000000000e+01 -3.939443017105082046e-03 8.336802889839937336e+01
1.000000000000000000e+01 -1.353191904304207946e-05 1.118678893743472429e+02
1.100000000000000000e+01 -5.230247939920217720e-02 4.455978227252517243e+00
1.100000000000000000e+01 -8.303506614867362315e-03 2.937345595202285864e+01
1.100000000000000000e+01 -4.257126418807718506e-03 4.125634817555587830e+01
1.100000000000000000e+01 -1.000000000000000000e+00 6.991735861830250087e+00
1.100000000000000000e+01 -3.970876033327739793e-03 8.349710988237485765e+01
1.100000000000000000e+01 -1.253584311391697194e-05 1.121786682324910345e+02
1.200000000000000000e+01 -5.761705762458356472e-02 4.456771379148997347e+00
1.200000000000000000e+01 -9.073867742565997624e-03 2.938282304798152111e+01
1.200000000000000000e+01 -4.649977279113729108e-03 4.123542710954581736e+01
1.200000000000000000e+01 -1.000000000000000000e+00 7.617317416206437208e+00
1.200000000000000000e+01 -4.035412278068055934e-03 8.359668599717961968e+01
1.200000000000000000e+01 -1.171087980332474701e-05 1.124171282933459679e+02
1.300000000000000000e+01 -6.297077533994957510e-02 4.457368035107774240e+00
1.300000000000000000e+01 -9.869345782714580503e-03 2.939126136522825661e+01
1.300000000000000000e+01 -5.053657683216055373e-03 4.120867032648122574e+01
1.300000000000000000e+01 -4.125931376961388536e-03 8.367530752997829779e+01
1.300000000000000000e+01 -1.102123569369687796e-05 1.126039718462266279e+02
1.400000000000000000e+01 -6.836366144137161205e-02 4.457795391101999627e+00
1.400000000000000000e+01 -1.068756294973425419e-02 2.939905053467695240e+01
1.400000000000000000e+01 -5.467064110825778020e-03 4.117675258624691992e+01
1.400000000000000000e+01 -4.237268387139174648e-03 8.373864838206672800e+01
1.400000000000000000e+01 -1.044019162076182831e-05 1.127530233911782886e+02
1.500000000000000000e+01 -7.379719882968907574e-02 4.458076314299597165e+00
1.500000000000000000e+01 -1.152774796447245467e-02 2.940638989136455805e+01
1.500000000000000000e+01 -5.889178109278572423e-03 4.114012646507003268e+01
1.500000000000000000e+01 -4.365601037087734997e-03 8.379059068619456241e+01
1.500000000000000000e+01 -9.947495328321827670e-06 1.128737890059849889e+02
1.600000000000000000e+01 -7.927387661588804202e-02 4.458229721960939251e+00
1.600000000000000000e+01 -1.239029887497336384e-02 2.941340720107027806e+01
1.600000000000000000e+01 -6.319178855645274200e-03 4.109910619843443413e+01
1.600000000000000000e+01 -4.508046485009948798e-03 8.383386144278696861e+01
1.600000000000000000e+01 -9.527567125999413455e-06 1.129729737971358929e+02
1.700000000000000000e+01 -8.479688695518311503e-02 4.458271135830415233e+00
1.700000000000000000e+01 -1.327600634295449285e-02 2.942016759389661473e+01
1.700000000000000000e+01 -6.756567601606346118e-03 4.105391420116456658e+01
1.700000000000000000e+01 -4.662391462859264910e-03 8.387042049797810250e+01
1.700000000000000000e+01 -9.168253109049777591e-06 1.130554138211879689e+02
1.800000000000000000e+01 -9.036992480352602775e-02 4.458213216992218619e+00
1.800000000000000000e+01 -1.418535097151064905e-02 2.942669148194103101e+01
1.800000000000000000e+01 -7.201236267865901951e-03 4.100470477741654207e+01
1.800000000000000000e+01 -4.826908389467702426e-03 8.390170482872326829e+01
1.800000000000000000e+01 -8.859948283774425701e-06 1.131246663840730520e+02
1.900000000000000000e+01 -9.599705789710162585e-02 4.458066275155359470e+00
1.900000000000000000e+01 -1.511818797968537097e-02 2.943297709944569363e+01
1.900000000000000000e+01 -7.653418849782284844e-03 4.095157476353326587e+01
1.900000000000000000e+01 -5.000227815106093182e-03 8.392878682362817244e+01
1.900000000000000000e+01 -8.594970460773005520e-06 1.131833943117040349e+02
2.000000000000000000e+01 -1.016826445863698164e-01 4.457838712047526464e+00
2.000000000000000000e+01 -1.607382757662859096e-02 2.943901935782912105e+01
2.000000000000000000e+01 -8.113504256915064425e-03 4.089456900345555113e+01
2.000000000000000000e+01 -5.181248432715513004e-03 8.395247946090874791e+01
2.000000000000000000e+01 -8.367107324761865266e-06 1.132336222620682094e+02
2.100000000000000000e+01 -1.074312856172948555e-01 4.457537333338771113e+00
2.100000000000000000e+01 -1.705132250970234353e-02 2.944482056901668088e+01
2.100000000000000000e+01 -8.581753577996132851e-03 4.083368680173828835e+01
2.100000000000000000e+01 -5.369072576872267744e-03 8.397340779228386509e+01
2.100000000000000000e+01 -8.171283956215529064e-06 1.132769114488707061e+02
2.200000000000000000e+01 -1.132477959172449866e-01 4.457167691247671648e+00
2.200000000000000000e+01 -1.804977103423339654e-02 2.945039356303954747e+01
2.200000000000000000e+01 -9.058018405545412502e-03 4.076889252562932597e+01
2.200000000000000000e+01 -5.562959300784397522e-03 8.399205851536095224e+01
2.200000000000000000e+01 -8.003315747975159113e-06 1.133144811085646069e+02
2.300000000000000000e+01 -1.191371941132797485e-01 4.456734262512387801e+00
2.300000000000000000e+01 -1.906853361974929911e-02 2.945576009669948547e+01
2.300000000000000000e+01 -9.541562786380176214e-03 4.070012988171912838e+01
2.300000000000000000e+01 -5.762289766027816132e-03 8.400881497599219472e+01
2.300000000000000000e+01 -7.859722281121096213e-06 1.133472944474277000e+02
2.400000000000000000e+01 -1.251047000162110179e-01 4.456240685534906376e+00
2.400000000000000000e+01 -2.010734415146544357e-02 2.946094738488026010e+01
2.400000000000000000e+01 -1.003104384776478189e-02 4.062733674285788510e+01
2.400000000000000000e+01 -5.966541381852892741e-03 8.402398229774534855e+01
2.400000000000000000e+01 -7.737585863597509222e-06 1.133761204475059259e+02
2.500000000000000000e+01 -1.311557412424080860e-01 4.455689890162783939e+00
2.500000000000000000e+01 -2.116633832781529556e-02 2.946598457139279503e+01
2.500000000000000000e+01 -1.052463707184025585e-02 4.055045693460107259e+01
2.500000000000000000e+01 -6.175268251470260664e-03 8.403780568775319182e+01
2.500000000000000000e+01 -7.634442299305777555e-06 1.134015789665032656e+02
2.600000000000000000e+01 -1.372959655380907584e-01 4.455084194511742091e+00
2.600000000000000000e+01 -2.224603199000722148e-02 2.947089994991221573e+01
2.600000000000000000e+01 -1.102024277619833605e-02 4.046944682137539218e+01
2.600000000000000000e+01 -6.388086225354790669e-03 8.405048396232760410e+01
2.600000000000000000e+01 -7.548196352833584077e-06 1.134241740918412944e+02
2.700000000000000000e+01 -1.435312550647942775e-01 4.454425452066731239e+00
2.700000000000000000e+01 -2.334727691883971279e-02 2.947571915297180922e+01
2.700000000000000000e+01 -1.151569981039606526e-02 4.038427656823275669e+01
2.700000000000000000e+01 -6.604661366990428016e-03 8.406217966200787828e+01
2.700000000000000000e+01 -7.477055135539559504e-06 1.134443191189292435e+02
2.800000000000000000e+01 -1.498677459443352178e-01 4.453715110893504914e+00
2.800000000000000000e+01 -2.447121250982931678e-02 2.948046415856284241e+01
2.800000000000000000e+01 -1.200895241281346726e-02 4.029492743524868814e+01
2.800000000000000000e+01 -6.824700982634341467e-03 8.407302670498069119e+01
2.800000000000000000e+01 -7.419475395265397942e-06 1.134623554659259810e+02
2.900000000000000000e+01 -1.563118514293534156e-01 4.452954240527793317e+00
2.900000000000000000e+01 -2.561922355427430353e-02 2.948515292431289581e+01
2.900000000000000000e+01 -1.249814643226543169e-02 4.020138697702729047e+01
2.900000000000000000e+01 -7.047946603469065763e-03 8.408313624225964134e+01
2.900000000000000000e+01 -7.374121503821746490e-06 1.134785671513400871e+02
3.000000000000000000e+01 -1.628702839112474432e-01 4.452143658847525387e+00
3.000000000000000000e+01 -2.679290870052455920e-02 2.948979940890474793e+01
3.000000000000000000e+01 -1.298165603827066729e-02 4.010364379345592312e+01
3.000000000000000000e+01 -7.274168476004466873e-03 8.409260118007696860e+01
3.000000000000000000e+01 -7.339831654996268570e-06 1.134931919868366350e+02
3.100000000000000000e+01 -1.695500851695771194e-01 4.451283882855460838e+00
3.100000000000000000e+01 -2.799406079640865894e-02 2.949441379375335970e+01
3.100000000000000000e+01 -1.345805584980100042e-02 4.000168292143519011e+01
3.100000000000000000e+01 -7.503161233461286272e-03 8.410149969954692040e+01
3.100000000000000000e+01 -7.315590316688335307e-06 1.135064303007481641e+02
3.200000000000000000e+01 -1.763586529596733177e-01 4.450375251051088554e+00
3.200000000000000000e+01 -2.922465848929501828e-02 2.949900279612023724e+01
3.200000000000000000e+01 -1.392605741080877105e-02 3.989548239829276355e+01
3.200000000000000000e+01 -7.734740496702424348e-03 8.410989802672911253e+01
3.200000000000000000e+01 -7.300505999441291541e-06 1.135184518069161328e+02
3.300000000000000000e+01 -1.833037759133191447e-01 4.449417882634585375e+00
3.300000000000000000e+01 -3.048686789506469333e-02 2.950356995820768802e+01
3.300000000000000000e+01 -1.438442697537894825e-02 3.978501111384000666e+01
3.300000000000000000e+01 -7.968740212693791597e-03 8.411785261725529494e+01
3.300000000000000000e+01 -7.293792703225217429e-06 1.135294010456081395e+02
3.400000000000000000e+01 -1.903936677888472817e-01 4.448411734019878772e+00
3.400000000000000000e+01 -3.178305291650337233e-02 2.950811587542980163e+01
3.400000000000000000e+01 -1.483189712334854853e-02 3.967022782556374239e+01
3.400000000000000000e+01 -8.205010571181519177e-03 8.412541189398706365e+01
3.400000000000000000e+01 -7.294754743314314302e-06 1.135394017320730455e+02
3.500000000000000000e+01 -1.976370061268844791e-01 4.447356613930144142e+00
3.500000000000000000e+01 -3.311579312053797991e-02 2.951263831957778905e+01
3.500000000000000000e+01 -1.526708000814277176e-02 3.955108110625373996e+01
3.500000000000000000e+01 -8.443416365897106479e-03 8.413261763407713545e+01
3.500000000000000000e+01 -7.302774324073630265e-06 1.135485602524672117e+02
3.600000000000000000e+01 -2.050429749096679410e-01 4.446252192458719499e+00
3.600000000000000000e+01 -1.568838611127501559e-02 3.942750997824687431e+01
3.600000000000000000e+01 -3.448790830603613855e-02 2.951713222309845719e+01
3.600000000000000000e+01 -8.683835685620691289e-03 8.413950607752566668e+01
3.600000000000000000e+01 -7.317300542671623300e-06 1.135569684955323169e+02
3.700000000000000000e+01 -2.126213106678632447e-01 4.445098015554214577e+00
3.700000000000000000e+01 -1.609394950097104565e-02 3.929944502059616696e+01
3.700000000000000000e+01 -3.590248931559722467e-02 2.952158952971866412e+01
3.700000000000000000e+01 -8.926158831402321997e-03 8.414610881478239435e+01
3.700000000000000000e+01 -7.337841076019217271e-06 1.135647061584418509e+02
3.800000000000000000e+01 -2.203823536670653782e-01 4.443893508484981325e+00
3.800000000000000000e+01 -1.648155876212224411e-02 3.916680979088543779e+01
3.800000000000000000e+01 -3.736293492729576143e-02 2.952599885286457138e+01
3.800000000000000000e+01 -9.170287373075194925e-03 8.415245349939286257e+01
3.800000000000000000e+01 -7.363954157230491819e-06 1.135718426358100288e+02
3.900000000000000000e+01 -2.283371023709394598e-01 4.442638013151742449e+00
3.900000000000000000e+01 -1.684859167521817261e-02 3.902952246112202062e+01
3.900000000000000000e+01 -3.887299491934706475e-02 2.953034496089967931e+01
3.900000000000000000e+01 -9.416133271986475151e-03 8.415856442236956525e+01
3.900000000000000000e+01 -7.395242663900033715e-06 1.135784385778872547e+02
4.000000000000000000e+01 -2.364972773576692611e-01 4.441330745298114557e+00
4.000000000000000000e+01 -1.719195124502762712e-02 3.888749762390482800e+01
4.000000000000000000e+01 -4.043681972024473076e-02 2.953460801204973407e+01
4.000000000000000000e+01 -9.663618015403179287e-03 8.416446297407507871e+01
4.000000000000000000e+01 -7.431348312957209302e-06 1.135845471775411539e+02
4.100000000000000000e+01 -2.448753877518329569e-01 4.439970835930591164e+00
4.100000000000000000e+01 -1.750800054067410197e-02 3.874064827400722066e+01
4.100000000000000000e+01 -4.205901706492591596e-02 2.953876252060271312e+01
4.100000000000000000e+01 -9.912671728092081053e-03 8.417016802126148889e+01
4.100000000000000000e+01 -7.471947489918952171e-06 1.135902152447528124e+02
4.200000000000000000e+01 -2.534848056561625484e-01 4.438557347624734639e+00
4.200000000000000000e+01 -1.779249391484610462e-02 3.858888801495774601e+01
4.200000000000000000e+01 -4.374471633175953250e-02 2.954277597776705377e+01
4.200000000000000000e+01 -1.016323224880897810e-02 8.417569622023457043e+01
4.200000000000000000e+01 -7.516746935381837441e-06 1.135954841039930301e+02
4.300000000000000000e+01 -2.623398528849878453e-01 4.437089222426378932e+00
4.300000000000000000e+01 -1.804050247853889594e-02 3.843213358276162239e+01
4.300000000000000000e+01 -4.549964108555194786e-02 2.954660704039880059e+01
4.300000000000000000e+01 -1.041524417638352122e-02 8.418106227805380115e+01
4.300000000000000000e+01 -7.565480499795465068e-06 1.136003903458179849e+02
4.400000000000000000e+01 -2.714558901354999776e-01 4.435565352020850227e+00
4.400000000000000000e+01 -1.824633212494320908e-02 3.827030781822261218e+01
4.400000000000000000e+01 -4.733019023147076731e-02 2.955020318051823125e+01
4.400000000000000000e+01 -1.066865790598714621e-02 8.418627917905513414e+01
4.400000000000000000e+01 -7.617906196191201989e-06 1.136049664649095803e+02
4.500000000000000000e+01 -2.808494244886750035e-01 4.433984512798438971e+00
4.500000000000000000e+01 -1.840343308761142188e-02 3.810334326554276885e+01
4.500000000000000000e+01 -4.924352778802958824e-02 2.955349763144513986e+01
4.500000000000000000e+01 -1.092342868825467439e-02 8.419135838345297884e+01
4.500000000000000000e+01 -7.673803539717314443e-06 1.136092413954945073e+02
4.600000000000000000e+01 -2.905382220874173083e-01 4.432345421509287675e+00
4.600000000000000000e+01 -1.850430099292459801e-02 3.793118662280180331e+01
4.600000000000000000e+01 -5.124768038673997023e-02 2.955640545499867855e+01
4.600000000000000000e+01 -1.117951574292396118e-02 8.419631000697737022e+01
4.600000000000000000e+01 -7.732971539708203933e-06 1.136132409711870253e+02
4.700000000000000000e+01 -1.854037092510853885e-02 3.775380432697802746e+01
4.700000000000000000e+01 -3.005414392305238991e-01 4.430646712199058257e+00
4.700000000000000000e+01 -5.335164033988053223e-02 2.955881846270013114e+01
4.700000000000000000e+01 -1.143688146216383095e-02 8.420114298463384728e+01
4.700000000000000000e+01 -7.795226492032381529e-06 1.136169883143314223e+02
4.800000000000000000e+01 -1.850190842052886267e-02 3.757118961821438319e+01
4.800000000000000000e+01 -3.108797680918249373e-01 4.428886935363154365e+00
4.800000000000000000e+01 -5.556546970068609176e-02 2.956059869612943558e+01
4.800000000000000000e+01 -1.169549072531592127e-02 8.420586521959813808e+01
4.800000000000000000e+01 -7.860400491691008139e-06 1.136205041702236116e+02
4.900000000000000000e+01 -1.837790504692752083e-02 3.738337149106118318e+01
4.900000000000000000e+01 -3.215756005183431077e-01 4.427064560599651699e+00
4.900000000000000000e+01 -5.790039711130768457e-02 2.956157007266453363e+01
4.900000000000000000e+01 -1.195531034289329733e-02 8.421048372127494019e+01
4.900000000000000000e+01 -7.928339888982450465e-06 1.136238071948789781e+02
5.000000000000000000e+01 -1.815599187978662182e-02 3.719042598844386305e+01
5.000000000000000000e+01 -3.326532142656729030e-01 4.425177957000358653e+00
5.000000000000000000e+01 -6.036889359217632173e-02 2.956150777790195150e+01
5.000000000000000000e+01 -1.221630863386829330e-02 8.421500473188676494e+01
5.000000000000000000e+01 -7.998903769151019402e-06 1.136269142010260964e+02
5.100000000000000000e+01 -1.782239260087452315e-02 3.699249030191214871e+01
5.100000000000000000e+01 -3.441389802962175337e-01 4.423225420264184748e+00
5.100000000000000000e+01 -6.298470495829895655e-02 2.956012493342113245e+01
5.100000000000000000e+01 -1.247845512985785825e-02 8.421943383873895073e+01
5.100000000000000000e+01 -8.071963166888625199e-06 1.136298403741022724e+02
5.200000000000000000e+01 -1.736194980008335179e-02 3.678978005071338231e+01
5.200000000000000000e+01 -3.560616023434272637e-01 4.421205138506362431e+00
5.200000000000000000e+01 -6.576280678845061733e-02 2.955705612836894858e+01
5.200000000000000000e+01 -1.274172039588649004e-02 8.422377607463444349e+01
5.200000000000000000e+01 -8.147399547696411288e-06 1.136325994562077426e+02
5.300000000000000000e+01 -1.675827380878289197e-02 3.658260983913486797e+01
5.300000000000000000e+01 -3.684523849925256389e-01 4.419115211677335786e+00
5.300000000000000000e+01 -6.871923199360123469e-02 2.955183762745723186e+01
5.300000000000000000e+01 -1.300607594690142248e-02 8.422803600850757277e+01
5.300000000000000000e+01 -8.225104169326053066e-06 1.136352039086079770e+02
5.400000000000000000e+01 -1.599408219663018063e-02 3.637141659414476891e+01
5.400000000000000000e+01 -3.813455439311024819e-01 4.416953615006914191e+00
5.400000000000000000e+01 -7.187070240273309152e-02 2.954388452358670847e+01
5.400000000000000000e+01 -1.327149424201886328e-02 8.423221781849571244e+01
5.400000000000000000e+01 -8.304977130344831291e-06 1.136376650511881934e+02
5.500000000000000000e+01 -1.505181596348717336e-02 3.615678409492562650e+01
5.500000000000000000e+01 -3.947785565893465187e-01 4.414718207528638416e+00
5.500000000000000000e+01 -7.523397784617058548e-02 2.953246610418909412e+01
5.500000000000000000e+01 -1.353794873376511047e-02 8.423632535753623074e+01
5.500000000000000000e+01 -8.386926709996369428e-06 1.136399931866266968e+02
5.600000000000000000e+01 -1.391462674343194733e-02 3.593946536643186107e+01
5.600000000000000000e+01 -4.087925685189101599e-01 4.412406689553654893e+00
5.600000000000000000e+01 -7.882482830148661301e-02 2.951668216601674644e+01
5.600000000000000000e+01 -1.380541395418220275e-02 8.424036220765458438e+01
5.600000000000000000e+01 -8.470868286021812811e-06 1.136421977075034278e+02
5.700000000000000000e+01 -1.256781080849989941e-02 3.572039723299614877e+01
5.700000000000000000e+01 -4.234328580979811463e-01 4.410016588033725426e+00
5.700000000000000000e+01 -8.265655325712006896e-02 2.949544524366089249e+01
5.700000000000000000e+01 -1.407386561918379762e-02 8.424433172146653703e+01
5.700000000000000000e+01 -8.556724324380941523e-06 1.136442871906106404e+02
5.800000000000000000e+01 -1.100069695651105517e-02 3.550069879075820012e+01
5.800000000000000000e+01 -4.387493707640274243e-01 4.407545253303597477e+00
5.800000000000000000e+01 -8.673804142608461387e-02 2.946747610974390241e+01
5.800000000000000000e+01 -1.434328074015587921e-02 8.424823705913522076e+01
5.800000000000000000e+01 -8.644423158437679843e-06 1.136462694819217916e+02
5.900000000000000000e+01 -9.208855695778154007e-03 3.528164412615669931e+01
5.900000000000000000e+01 -4.547973452342590761e-01 4.404989770062797128e+00
5.900000000000000000e+01 -9.107150329819026224e-02 2.943132148156579930e+01
5.900000000000000000e+01 -1.461363772986819069e-02 8.425208121590156907e+01
5.900000000000000000e+01 -8.733898969440291433e-06 1.136481517693455032e+02
6.000000000000000000e+01 -7.196292895687283857e-03 3.506460137952899458e+01
6.000000000000000000e+01 -4.716380381514777009e-01 4.402346883726945492e+00
6.000000000000000000e+01 -9.565021205813661886e-02 2.938540172798458627e+01
6.000000000000000000e+01 -1.488491649735784045e-02 8.425586704150727257e+01
6.000000000000000000e+01 -8.825090935998798644e-06 1.136499406456107977e+02
6.100000000000000000e+01 -4.977088780664446453e-03 3.485093727485804038e+01
6.100000000000000000e+01 -4.893395599130102025e-01 4.399612990833491111e+00
6.100000000000000000e+01 -1.004567882087313291e-01 2.932809051744081330e+01
6.100000000000000000e+01 -1.515709852494593127e-02 8.425959725870004036e+01
6.100000000000000000e+01 -8.917943149278486986e-06 1.136516421707359967e+02
6.200000000000000000e+01 -2.575875201072350216e-03 3.464189831181506207e+01
6.200000000000000000e+01 -5.079778682799540590e-01 4.396783957760676209e+00
6.200000000000000000e+01 -1.054626278024398400e-01 2.925781767374762765e+01
6.200000000000000000e+01 -1.543016692840686217e-02 8.426327447563518547e+01
6.200000000000000000e+01 -9.012404064316010860e-06 1.136532619190756606e+02
6.300000000000000000e+01 -2.674303179242116483e-05 3.443849247545028902e+01
6.300000000000000000e+01 -5.276379241067622461e-01 4.393854999383509430e+00
6.300000000000000000e+01 -1.106288714317917588e-01 2.917317480196827617e+01
6.300000000000000000e+01 -1.570410649629265520e-02 8.426690119298217496e+01
6.300000000000000000e+01 -9.108425956850430856e-06 1.136548050274625155e+02
6.400000000000000000e+01 2.629362504141086621e-03 3.424140077027957574e+01
6.400000000000000000e+01 -5.484150598907863161e-01 4.390820448130921427e+00
6.400000000000000000e+01 -1.597890371112972371e-02 8.427047981273534560e+01
6.400000000000000000e+01 -1.159088432724891121e-01 2.907299742651481722e+01
6.400000000000000000e+01 -9.205965108949630332e-06 1.136562762341697095e+02
6.500000000000000000e+01 5.348174111410598439e-03 3.405094065340494325e+01
6.500000000000000000e+01 -5.704165949216081222e-01 4.387673480706557605e+00
6.500000000000000000e+01 -1.625454675336828608e-02 8.427401264203321318e+01
6.500000000000000000e+01 -1.212513630564810707e-01 2.895640277197108148e+01
6.500000000000000000e+01 -9.304981140548713493e-06 1.136576799170718317e+02
6.600000000000000000e+01 8.085689207510566093e-03 3.386708609724701802e+01
6.600000000000000000e+01 -5.937637562865724083e-01 4.384405713614632383e+00
6.600000000000000000e+01 -1.653102549017193557e-02 8.427750189711966300e+01
6.600000000000000000e+01 -9.405436947461079912e-06 1.136590201239908140e+02
6.600000000000000000e+01 -1.266040470069790258e-01 2.882277728190259936e+01
6.700000000000000000e+01 1.080103750061371486e-02 3.368953120684631841e+01
6.700000000000000000e+01 -6.185939687993279312e-01 4.381006653032025078e+00
6.700000000000000000e+01 -1.680833145086588210e-02 8.428094970571173405e+01
6.700000000000000000e+01 -9.507298450065626103e-06 1.136603006045755251e+02
6.700000000000000000e+01 -1.319158138870028529e-01 2.867172410610857369e+01
6.800000000000000000e+01 1.345823310438204468e-02 3.351777504712949707e+01
6.800000000000000000e+01 -6.450635920260626710e-01 4.377462947481455480e+00
6.800000000000000000e+01 -1.708645779285765040e-02 8.428435811008031919e+01
6.800000000000000000e+01 -9.610534328935866952e-06 1.136615248341224031e+02
6.800000000000000000e+01 -1.371381880489692950e-01 2.850298991093935186e+01
6.900000000000000000e+01 1.602682256941284286e-02 3.335120660511650925e+01
6.900000000000000000e+01 -6.733512133517154385e-01 4.373757300232443690e+00
6.900000000000000000e+01 -1.736539925841950813e-02 8.428772906756998395e+01
6.900000000000000000e+01 -9.715116390117327521e-06 1.136626960382791793e+02
6.900000000000000000e+01 -1.422253937917822286e-01 2.831639014515974395e+01
7.000000000000000000e+01 1.848169737136966251e-02 3.318917639183304402e+01
7.000000000000000000e+01 -7.036616108838990025e-01 4.369866987788372015e+00
7.000000000000000000e+01 -1.764515212577753497e-02 8.429106445308836726e+01
7.000000000000000000e+01 -9.821018435924507378e-06 1.136638172136321145e+02
7.000000000000000000e+01 -1.471334854789835000e-01 2.811174581876056777e+01
7.100000000000000000e+01 2.080241121664360912e-02 3.303104954298718354e+01
7.100000000000000000e+01 -7.362305359460842302e-01 4.365761808496888108e+00
7.100000000000000000e+01 -1.792571415589489306e-02 8.429436606079178773e+01
7.100000000000000000e+01 -9.928217155041844859e-06 1.136648911480803150e+02
7.100000000000000000e+01 -1.518188218487137864e-01 2.788883774196386156e+01
7.200000000000000000e+01 2.297229222744595276e-02 3.287624117925715694e+01
7.200000000000000000e+01 -7.713305160860545184e-01 4.361401107652651099e+00
7.200000000000000000e+01 -1.820708453696957135e-02 8.429763560453478988e+01
7.200000000000000000e+01 -1.003669151801943678e-05 1.136659204369095448e+02
7.200000000000000000e+01 -1.562361346394334216e-01 2.764737914038590105e+01
7.300000000000000000e+01 2.497754612869314966e-02 3.272423763148720610e+01
7.300000000000000000e+01 -1.848926382795273646e-02 8.430087472091217649e+01
7.300000000000000000e+01 -1.014642269924002312e-05 1.136669074988121082e+02
7.300000000000000000e+01 -8.092778870009329495e-01 4.356729619086091354e+00
7.300000000000000000e+01 -1.603363405079966109e-01 2.738700527842163268e+01
7.400000000000000000e+01 2.680645892649523299e-02 3.257460777781447092e+01
7.400000000000000000e+01 -1.025739410726200439e-05 1.136678545902004771e+02
7.400000000000000000e+01 -1.877225390142774758e-02 8.430408497007987023e+01
7.400000000000000000e+01 -8.504413251542419783e-01 4.351671567758177872e+00
7.400000000000000000e+01 -1.640641527897929441e-01 2.710727859937262707e+01
7.500000000000000000e+01 2.844874617218491955e-02 3.242700820980523702e+01
7.500000000000000000e+01 -1.036959134810782577e-05 1.136687638178696602e+02
7.500000000000000000e+01 -1.905605788880552348e-02 8.430726783760451326e+01
7.500000000000000000e+01 -8.952521916459172946e-01 4.346122283192341840e+00
7.500000000000000000e+01 -1.673554894732237064e-01 2.680770906602850445e+01
7.600000000000000000e+01 2.989506009604456227e-02 3.228118503303679176e+01
7.600000000000000000e+01 -1.048300220188532401e-05 1.136696371513708357e+02
7.600000000000000000e+01 -1.934068012613118087e-02 8.431042473700965445e+01
7.600000000000000000e+01 -9.442170381697804205e-01 4.339936275764022078e+00
7.600000000000000000e+01 -1.701346511159765595e-01 2.648779120050910763e+01
7.700000000000000000e+01 3.113664958420175530e-02 3.213697418861795541e+01
7.700000000000000000e+01 -1.059761623000977622e-05 1.136704764328393509e+02
7.700000000000000000e+01 -1.962612610332575488e-02 8.431355701149169590e+01
7.700000000000000000e+01 -9.979326569197489727e-01 4.332910306010089307e+00
7.700000000000000000e+01 -1.723112641996080163e-01 2.614706134803533644e+01
7.800000000000000000e+01 3.216516354843864528e-02 3.199430143315609243e+01
7.800000000000000000e+01 -1.000000000000000000e+00 3.089463750637218453e+00
7.800000000000000000e+01 -1.071342525156602893e-05 1.136712833867084953e+02
7.800000000000000000e+01 -1.991240241604442726e-02 8.431666593570412260e+01
7.800000000000000000e+01 -1.737770628613380386e-01 2.578518066475451676e+01
7.800000000000000000e+01 -1.000000000000000000e+00 6.053977929649147605e+00
7.900000000000000000e+01 3.297258975199471309e-02 3.185318251022718883e+01
7.900000000000000000e+01 -1.000000000000000000e+00 2.643045679266017967e+00
7.900000000000000000e+01 -1.083042304311888991e-05 1.136720596289321179e+02
7.900000000000000000e+01 -2.019951672059639228e-02 8.431975271842803465e+01
7.900000000000000000e+01 -1.744027400126975103e-01 2.540205061791964880e+01
7.900000000000000000e+01 -1.000000000000000000e+00 7.044885802005263820e+00
8.000000000000000000e+01 3.355132523062370059e-02 3.171372358642997469e+01
8.000000000000000000e+01 -1.000000000000000000e+00 2.325994259475072212e+00
8.000000000000000000e+01 -1.094860510253141975e-05 1.136728066757178510e+02
8.000000000000000000e+01 -2.048747769176367459e-02 8.432281850406643287e+01
8.000000000000000000e+01 -1.740353718621803214e-01 2.499796744408654803e+01
8.100000000000000000e+01 3.389437817551219784e-02 3.157612160422874226e+01
8.100000000000000000e+01 -1.000000000000000000e+00 2.071962854634968654e+00
8.100000000000000000e+01 -1.106796898134442962e-05 1.136735259488547598e+02
8.100000000000000000e+01 -2.077629498561206489e-02 8.432586437544486557e+01
8.100000000000000000e+01 -1.724973376411918780e-01 2.457381793627986255e+01
8.200000000000000000e+01 3.399570217096938712e-02 3.144066384316850815e+01
8.200000000000000000e+01 -1.000000000000000000e+00 1.856307484874890168e+00
8.200000000000000000e+01 -1.118851421022645192e-05 1.136742187846345757e+02
8.200000000000000000e+01 -2.106597920435965623e-02 8.432889135606417597e+01
8.200000000000000000e+01 -1.695881986269058561e-01 2.413130827110961008e+01
8.300000000000000000e+01 3.385066053973324190e-02 3.130772561596776882e+01
8.300000000000000000e+01 -1.000000000000000000e+00 1.666755390760999989e+00
8.300000000000000000e+01 -1.131024204512366987e-05 1.136748864395588470e+02
8.300000000000000000e+01 -2.135654186496991486e-02 8.433190041162197303e+01
8.300000000000000000e+01 -1.650915191778828117e-01 2.367319701815046074e+01
8.400000000000000000e+01 3.345660884642370769e-02 3.117776472109608576e+01
8.400000000000000000e+01 -1.000000000000000000e+00 1.496186947798866518e+00
8.400000000000000000e+01 -1.143315569144894394e-05 1.136755300938504973e+02
8.400000000000000000e+01 -2.164799537239067012e-02 8.433489245276632573e+01
8.400000000000000000e+01 -1.587887010668476429e-01 2.320347301886124924e+01
8.500000000000000000e+01 3.281356589325407774e-02 3.105131107627931186e+01
8.500000000000000000e+01 -1.000000000000000000e+00 1.340055126575942390e+00
8.500000000000000000e+01 -1.155726010822607140e-05 1.136761508604875388e+02
8.500000000000000000e+01 -2.194035299495657523e-02 8.433786833663565119e+01
8.500000000000000000e+01 -1.504808866497147624e-01 2.272738745900247892e+01
8.600000000000000000e+01 3.192491808071323822e-02 3.092895003783205254e+01
8.600000000000000000e+01 -1.000000000000000000e+00 1.195254566394418738e+00
8.600000000000000000e+01 -1.168256238663447373e-05 1.136767497866282071e+02
8.600000000000000000e+01 -1.400172585502413303e-01 2.225124120597447330e+01
8.600000000000000000e+01 -2.223362884268314035e-02 8.434082886916655752e+01
8.700000000000000000e+01 3.079807154124177340e-02 3.081129837753774936e+01
8.700000000000000000e+01 -1.000000000000000000e+00 1.059556079549802465e+00
8.700000000000000000e+01 -1.273239582234699518e-01 2.178187556999024821e+01
8.700000000000000000e+01 -1.180907100078494626e-05 1.136773278601995685e+02
8.700000000000000000e+01 -2.252783785001845340e-02 8.434377480700989338e+01
8.800000000000000000e+01 2.944493910034121087e-02 3.069897293392653381e+01
8.800000000000000000e+01 -1.000000000000000000e+00 9.312958576621255258e-01
8.800000000000000000e+01 -1.124245398940224988e-01 2.132592724322889310e+01
8.800000000000000000e+01 -1.193679663766169640e-05 1.136778860123149286e+02
8.800000000000000000e+01 -2.282299576119778059e-02 8.434670685933264167e+01
8.900000000000000000e+01 2.788213665821835663e-02 3.059255350838061460e+01
8.900000000000000000e+01 -1.000000000000000000e+00 8.091922354752175695e-01
8.900000000000000000e+01 -9.544356966893710603e-02 2.088903775202539492e+01
8.900000000000000000e+01 -1.206575178282627085e-05 1.136784251219779662e+02
8.900000000000000000e+01 -2.311911911733009750e-02 8.434962568895372215e+01
9.000000000000000000e+01 2.613078019692870527e-02 3.049254342023381170e+01
9.000000000000000000e+01 -1.000000000000000000e+00 6.922314234513967657e-01
9.000000000000000000e+01 -7.659086510988818985e-02 2.047526017055980319e+01
9.000000000000000000e+01 -1.219595072426299375e-05 1.136789460194726331e+02
9.000000000000000000e+01 -2.341622524713543943e-02 8.435253191562722463e+01
9.100000000000000000e+01 2.421582795488731732e-02 3.039933268156937274e+01
9.100000000000000000e+01 -1.000000000000000000e+00 5.795929809028238511e-01
9.100000000000000000e+01 -5.613173898977672632e-02 2.008682639480432286e+01
9.100000000000000000e+01 -1.232740965693530246e-05 1.136794494896185341e+02
9.100000000000000000e+01 -2.371433226028934332e-02 8.435542611536810398e+01
9.200000000000000000e+01 2.216499707841785433e-02 3.031316932987581225e+01
9.200000000000000000e+01 -1.000000000000000000e+00 4.705993463839597823e-01
9.200000000000000000e+01 -3.435320746416657689e-02 1.972427836295475956e+01
9.200000000000000000e+01 -1.246014675242554566e-05 1.136799362737039161e+02
9.200000000000000000e+01 -2.401345904287007643e-02 8.435830882315161716e+01
9.300000000000000000e+01 2.000737756346414667e-02 3.023414359100464921e+01
9.300000000000000000e+01 -1.153511925566703782e-02 1.938683699299291874e+01
9.300000000000000000e+01 -1.000000000000000000e+00 3.646805841617322130e-01
9.300000000000000000e+01 -1.259418199839624262e-05 1.136804070742224440e+02
9.300000000000000000e+01 -2.431362525455166984e-02 8.436118053543587791e+01
9.400000000000000000e+01 1.777193701428455772e-02 3.016218720745283832e+01
9.400000000000000000e+01 1.206929836916927415e-02 1.907284741986124033e+01
9.400000000000000000e+01 -1.000000000000000000e+00 2.613489742543457228e-01
9.400000000000000000e+01 -1.272953756600369047e-05 1.136808625550160770e+02
9.400000000000000000e+01 -2.461485132937593634e-02 8.436404170766250843e+01
9.500000000000000000e+01 3.624335349410617163e-02 1.878018056169334926e+01
9.500000000000000000e+01 1.548612868911254485e-02 3.009708730909716223e+01
9.500000000000000000e+01 -1.000000000000000000e+00 1.601803298391110408e-01
9.500000000000000000e+01 -1.286623755781995449e-05 1.136813033455311199e+02
9.500000000000000000e+01 -2.491715847667205774e-02 8.436689276020844375e+01
9.600000000000000000e+01 6.080951584669566645e-02 1.850653532401873136e+01
9.600000000000000000e+01 1.317477963010124480e-02 3.003851141944100434e+01
9.600000000000000000e+01 -1.000000000000000000e+00 6.079984284856884691e-02
9.600000000000000000e+01 -1.300430803246901619e-05 1.136817300420091641e+02
9.600000000000000000e+01 -2.522056868571940016e-02 8.436973407525768209e+01
9.700000000000000000e+01 8.562750385481934789e-02 1.824963555599228116e+01
9.700000000000000000e+01 1.085935848562691840e-02 2.998603872195486275e+01
9.700000000000000000e+01 1.000000000000000000e+00 3.712884131009209360e-02
9.700000000000000000e+01 -1.314377742798521093e-05 1.136821432097074620e+02
9.700000000000000000e+01 -2.552510473150607778e-02 8.437256599984934269e+01
9.800000000000000000e+01 1.105900791808541589e-01 1.800734087692012864e+01
9.800000000000000000e+01 1.000000000000000000e+00 1.339122690969524465e-01
9.800000000000000000e+01 8.557637927922315257e-03 2.993919253679769810e+01
9.800000000000000000e+01 -1.328467599069296399e-05 1.136825433847162117e+02
9.800000000000000000e+01 -2.583079018146958866e-02 8.437538884665180206e+01
9.900000000000000000e+01 1.356180486681128339e-01 1.777769710407435966e+01
9.900000000000000000e+01 1.000000000000000000e+00 2.298341839273474185e-01
9.900000000000000000e+01 6.283698005405117214e-03 2.989747001826608042e+01
9.900000000000000000e+01 -1.342703665406005858e-05 1.136829310754368123e+02
9.900000000000000000e+01 -2.613764940582218033e-02 8.437820289360098513e+01
1.000000000000000000e+02 1.606553368956186723e-01 1.755894891800416602e+01
1.000000000000000000e+02 1.000000000000000000e+00 3.251613655099625522e-01
1.000000000000000000e+02 4.048180069533394848e-03 2.986036663255198675e+01
1.000000000000000000e+02 -1.357089440801776397e-05 1.136833067653290641e+02
1.000000000000000000e+02 -2.644570758683356670e-02 8.438100838537972948e+01
