0.000000000000000000e+00 2.052302999999999891e-25 1.874284719797182333e+03
1.250000000000000000e+00 1.556537000000000025e-02 1.885682905815681806e+03
2.500000000000000000e+00 3.110417999999999863e-02 1.921902310307334119e+03
3.750000000000000000e+00 4.659002999999999756e-02 1.986342543745045305e+03
5.000000000000000000e+00 6.199672999999999989e-02 2.077125821349090529e+03
6.250000000000000000e+00 7.729845000000000466e-02 2.180272483511570044e+03
7.500000000000000000e+00 9.246986999999999568e-02 2.272909516189672104e+03
8.750000000000000000e+00 1.074862000000000040e-01 2.337824485971218110e+03
1.000000000000000000e+01 1.223235000000000017e-01 2.373870024150331119e+03
1.125000000000000000e+01 1.369583000000000050e-01 2.389342535408413823e+03
1.250000000000000000e+01 1.513683999999999863e-01 2.392301757267431640e+03
1.375000000000000000e+01 1.655323999999999962e-01 2.387958381459692191e+03
1.500000000000000000e+01 1.794298000000000004e-01 2.379354836008422808e+03
1.625000000000000000e+01 1.930416000000000076e-01 2.368260682978619570e+03
1.750000000000000000e+01 2.063495999999999941e-01 2.355727995490460216e+03
1.875000000000000000e+01 2.193372000000000099e-01 2.342395766473962794e+03
2.000000000000000000e+01 2.319886999999999921e-01 2.328656918660261454e+03
2.125000000000000000e+01 2.442901000000000100e-01 2.314753067957059557e+03
2.250000000000000000e+01 2.562285000000000257e-01 2.300830808846686978e+03
2.375000000000000000e+01 2.677923999999999860e-01 2.286976200777848589e+03
2.500000000000000000e+01 2.789718999999999949e-01 2.273236616078270345e+03
2.625000000000000000e+01 2.897581000000000184e-01 2.259634928066260272e+03
2.750000000000000000e+01 3.001437000000000133e-01 2.246178701597267263e+03
2.875000000000000000e+01 3.101226999999999734e-01 2.232866301642401595e+03
3.000000000000000000e+01 3.196904999999999886e-01 2.219690971868159977e+03
