0.000000000000000000e+00 2.052302999999999891e-25 1.012804647546925480e+03
1.250000000000000000e+00 1.556537000000000025e-02 1.043334589442514471e+03
2.500000000000000000e+00 3.110417999999999863e-02 1.043413729260030323e+03
3.750000000000000000e+00 4.659002999999999756e-02 1.042764655024683179e+03
5.000000000000000000e+00 6.199672999999999989e-02 1.041864845750605355e+03
6.250000000000000000e+00 7.729845000000000466e-02 1.040734398803907197e+03
7.500000000000000000e+00 9.246986999999999568e-02 1.039386661381616932e+03
8.750000000000000000e+00 1.074862000000000040e-01 1.037836472484252454e+03
1.000000000000000000e+01 1.223235000000000017e-01 1.036100378180348571e+03
1.125000000000000000e+01 1.369583000000000050e-01 1.034196130848683651e+03
1.250000000000000000e+01 1.513683999999999863e-01 1.032142137797296755e+03
1.375000000000000000e+01 1.655323999999999962e-01 1.029957017661645068e+03
1.500000000000000000e+01 1.794298000000000004e-01 1.027658890455514666e+03
1.625000000000000000e+01 1.930416000000000076e-01 1.025265447572372977e+03
1.750000000000000000e+01 2.063495999999999941e-01 1.022793402164937675e+03
1.875000000000000000e+01 2.193372000000000099e-01 1.020258090010187402e+03
2.000000000000000000e+01 2.319886999999999921e-01 1.017673840225066328e+03
2.125000000000000000e+01 2.442901000000000100e-01 1.015053221879648163e+03
2.250000000000000000e+01 2.562285000000000257e-01 1.012407665569006440e+03
2.375000000000000000e+01 2.677923999999999860e-01 1.009747090129942308e+03
2.500000000000000000e+01 2.789718999999999949e-01 1.007079858791946208e+03
2.625000000000000000e+01 2.897581000000000184e-01 1.004413221702988608e+03
2.750000000000000000e+01 3.001437000000000133e-01 1.001752964526776168e+03
2.875000000000000000e+01 3.101226999999999734e-01 9.991034788988556556e+02
3.000000000000000000e+01 3.196904999999999886e-01 9.964679749629772232e+02
