0.000000000000000000e+00 2.052302999999999891e-25 1.044667481674753390e+03
1.250000000000000000e+00 1.556537000000000025e-02 1.056120633287448300e+03
2.500000000000000000e+00 3.110417999999999863e-02 1.143908124160104080e+03
3.750000000000000000e+00 4.659002999999999756e-02 1.234605531722033220e+03
5.000000000000000000e+00 6.199672999999999989e-02 1.306554082940566559e+03
6.250000000000000000e+00 7.729845000000000466e-02 1.353829171910299237e+03
7.500000000000000000e+00 9.246986999999999568e-02 1.379835987081099120e+03
8.750000000000000000e+00 1.074862000000000040e-01 1.390463416663403223e+03
1.000000000000000000e+01 1.223235000000000017e-01 1.390568241232241007e+03
1.125000000000000000e+01 1.369583000000000050e-01 1.383458116172004111e+03
1.250000000000000000e+01 1.513683999999999863e-01 1.371298230450303208e+03
1.375000000000000000e+01 1.655323999999999962e-01 1.355534861573233457e+03
1.500000000000000000e+01 1.794298000000000004e-01 1.337174874286028398e+03
1.625000000000000000e+01 1.930416000000000076e-01 1.316950901549622358e+03
1.750000000000000000e+01 2.063495999999999941e-01 1.295416598630125009e+03
1.875000000000000000e+01 2.193372000000000099e-01 1.273002335232145924e+03
2.000000000000000000e+01 2.319886999999999921e-01 1.250049091292779622e+03
2.125000000000000000e+01 2.442901000000000100e-01 1.226829638685164582e+03
2.250000000000000000e+01 2.562285000000000257e-01 1.203563147743375794e+03
2.375000000000000000e+01 2.677923999999999860e-01 1.180425333799540340e+03
2.500000000000000000e+01 2.789718999999999949e-01 1.157556192496062295e+03
2.625000000000000000e+01 2.897581000000000184e-01 1.135066291763655727e+03
2.750000000000000000e+01 3.001437000000000133e-01 1.113041677054992761e+03
2.875000000000000000e+01 3.101226999999999734e-01 1.091548169606649026e+03
3.000000000000000000e+01 3.196904999999999886e-01 1.070635274464478925e+03
