0.000000000000000000e+00 2.052302999999999891e-25 2.543472924014153705e+03
1.250000000000000000e+00 1.556537000000000025e-02 2.543338344817905181e+03
2.500000000000000000e+00 3.110417999999999863e-02 2.542925271843581868e+03
3.750000000000000000e+00 4.659002999999999756e-02 2.542253479415270704e+03
5.000000000000000000e+00 6.199672999999999989e-02 2.541353612059534498e+03
6.250000000000000000e+00 7.729845000000000466e-02 2.540263689567566871e+03
7.500000000000000000e+00 9.246986999999999568e-02 2.539014812610217632e+03
8.750000000000000000e+00 1.074862000000000040e-01 2.537607234129015069e+03
1.000000000000000000e+01 1.223235000000000017e-01 2.536005650991274706e+03
1.125000000000000000e+01 1.369583000000000050e-01 2.534176056764717941e+03
1.250000000000000000e+01 1.513683999999999863e-01 2.532121865206600432e+03
1.375000000000000000e+01 1.655323999999999962e-01 2.529878578253071282e+03
1.500000000000000000e+01 1.794298000000000004e-01 2.527489979964585473e+03
1.625000000000000000e+01 1.930416000000000076e-01 2.524994617765640214e+03
1.750000000000000000e+01 2.063495999999999941e-01 2.522422660191145042e+03
1.875000000000000000e+01 2.193372000000000099e-01 2.519797098683637614e+03
2.000000000000000000e+01 2.319886999999999921e-01 2.517136088066794400e+03
2.125000000000000000e+01 2.442901000000000100e-01 2.514453779018792375e+03
2.250000000000000000e+01 2.562285000000000257e-01 2.511761802762890511e+03
2.375000000000000000e+01 2.677923999999999860e-01 2.509069528825514681e+03
2.500000000000000000e+01 2.789718999999999949e-01 2.506384397605248523e+03
2.625000000000000000e+01 2.897581000000000184e-01 2.503712553680830752e+03
2.750000000000000000e+01 3.001437000000000133e-01 2.501058744362943798e+03
2.875000000000000000e+01 3.101226999999999734e-01 2.498426587933257906e+03
3.000000000000000000e+01 3.196904999999999886e-01 2.495819069570177362e+03
