0.000000000000000000e+00 2.052302999999999891e-25 5.236267433418380506e+02
1.250000000000000000e+00 1.556537000000000025e-02 5.234962290753638854e+02
2.500000000000000000e+00 3.110417999999999863e-02 5.231037560472902896e+02
3.750000000000000000e+00 4.659002999999999756e-02 5.224280499655305903e+02
5.000000000000000000e+00 6.199672999999999989e-02 5.117691010836277314e+02
6.250000000000000000e+00 7.729845000000000466e-02 4.749554274484468124e+02
7.500000000000000000e+00 9.246986999999999568e-02 4.475798852710522624e+02
8.750000000000000000e+00 1.074862000000000040e-01 4.276386251053424985e+02
1.000000000000000000e+01 1.223235000000000017e-01 4.131182112482507591e+02
1.125000000000000000e+01 1.369583000000000050e-01 4.024249170831987499e+02
1.250000000000000000e+01 1.513683999999999863e-01 3.944035628979629564e+02
1.375000000000000000e+01 1.655323999999999962e-01 3.882525060189759074e+02
1.500000000000000000e+01 1.794298000000000004e-01 3.834242572915546816e+02
1.625000000000000000e+01 1.930416000000000076e-01 3.795447661163306634e+02
1.750000000000000000e+01 2.063495999999999941e-01 3.763559526897927867e+02
1.875000000000000000e+01 2.193372000000000099e-01 3.736771476779509271e+02
2.000000000000000000e+01 2.319886999999999921e-01 3.713798750480800663e+02
2.125000000000000000e+01 2.442901000000000100e-01 3.693711622186580712e+02
2.250000000000000000e+01 2.562285000000000257e-01 3.675827237708003850e+02
2.375000000000000000e+01 2.677923999999999860e-01 3.659636015033370882e+02
2.500000000000000000e+01 2.789718999999999949e-01 3.644752106279748318e+02
2.625000000000000000e+01 2.897581000000000184e-01 3.630880185480660884e+02
2.750000000000000000e+01 3.001437000000000133e-01 3.617791049386328837e+02
2.875000000000000000e+01 3.101226999999999734e-01 3.605304983750940551e+02
3.000000000000000000e+01 3.196904999999999886e-01 3.593280466049901065e+02
