0.000000000000000000e+00 2.052302999999999891e-25 1.719546423373243442e+03
1.250000000000000000e+00 1.556537000000000025e-02 1.719499287124848252e+03
2.500000000000000000e+00 3.110417999999999863e-02 1.719178915976315466e+03
3.750000000000000000e+00 4.659002999999999756e-02 1.718558834812894474e+03
5.000000000000000000e+00 6.199672999999999989e-02 1.717635718734710736e+03
6.250000000000000000e+00 7.729845000000000466e-02 1.716425148869567693e+03
7.500000000000000000e+00 9.246986999999999568e-02 1.714951609659870883e+03
8.750000000000000000e+00 1.074862000000000040e-01 1.713242064588293488e+03
1.000000000000000000e+01 1.223235000000000017e-01 1.711323411513316159e+03
1.125000000000000000e+01 1.369583000000000050e-01 1.709221708385206739e+03
1.250000000000000000e+01 1.513683999999999863e-01 1.706961934974373889e+03
1.375000000000000000e+01 1.655323999999999962e-01 1.704567898848277764e+03
1.500000000000000000e+01 1.794298000000000004e-01 1.702061822161091186e+03
1.625000000000000000e+01 1.930416000000000076e-01 1.699464577165106903e+03
1.750000000000000000e+01 2.063495999999999941e-01 1.696795302611307989e+03
1.875000000000000000e+01 2.193372000000000099e-01 1.694071133512031793e+03
2.000000000000000000e+01 2.319886999999999921e-01 1.691307634705368173e+03
2.125000000000000000e+01 2.442901000000000100e-01 1.688518187943186831e+03
2.250000000000000000e+01 2.562285000000000257e-01 1.685714652939879215e+03
2.375000000000000000e+01 2.677923999999999860e-01 1.682907106289298099e+03
2.500000000000000000e+01 2.789718999999999949e-01 1.680103889917047354e+03
2.625000000000000000e+01 2.897581000000000184e-01 1.677312112164185692e+03
2.750000000000000000e+01 3.001437000000000133e-01 1.674537436666963458e+03
2.875000000000000000e+01 3.101226999999999734e-01 1.671784309752202944e+03
3.000000000000000000e+01 3.196904999999999886e-01 1.669056456154599573e+03
