0.000000000000000000e+00 2.052302999999999891e-25 1.847763016047215388e+02
1.250000000000000000e+00 1.556537000000000025e-02 1.847210453994417776e+02
2.500000000000000000e+00 3.110417999999999863e-02 1.845529377701386124e+02
3.750000000000000000e+00 4.659002999999999756e-02 1.842728973032002955e+02
5.000000000000000000e+00 6.199672999999999989e-02 1.838825918130482364e+02
6.250000000000000000e+00 7.729845000000000466e-02 1.833840968480726019e+02
7.500000000000000000e+00 9.246986999999999568e-02 1.827801020824701368e+02
8.750000000000000000e+00 1.074862000000000040e-01 1.820737654541194104e+02
1.000000000000000000e+01 1.223235000000000017e-01 1.812682979493166044e+02
1.125000000000000000e+01 1.369583000000000050e-01 1.799569411930530407e+02
1.250000000000000000e+01 1.513683999999999863e-01 1.686840385304061272e+02
1.375000000000000000e+01 1.655323999999999962e-01 1.583159704940631229e+02
1.500000000000000000e+01 1.794298000000000004e-01 1.489072843975808667e+02
1.625000000000000000e+01 1.930416000000000076e-01 1.404083076588545396e+02
1.750000000000000000e+01 2.063495999999999941e-01 1.327440910050890182e+02
1.875000000000000000e+01 2.193372000000000099e-01 1.258317896476628306e+02
2.000000000000000000e+01 2.319886999999999921e-01 1.195900593091541566e+02
2.125000000000000000e+01 2.442901000000000100e-01 1.139430935825468652e+02
2.250000000000000000e+01 2.562285000000000257e-01 1.088226725014164913e+02
2.375000000000000000e+01 2.677923999999999860e-01 1.041682985844130940e+02
2.500000000000000000e+01 2.789718999999999949e-01 9.992678229575470539e+01
2.625000000000000000e+01 2.897581000000000184e-01 9.605179323133006619e+01
2.750000000000000000e+01 3.001437000000000133e-01 9.250288201394739929e+01
2.875000000000000000e+01 3.101226999999999734e-01 8.924476393719562850e+01
3.000000000000000000e+01 3.196904999999999886e-01 8.624685313982773494e+01
