0.000000000000000000e+00 2.052302999999999891e-25 7.132136778112014781e+02
1.250000000000000000e+00 1.556537000000000025e-02 6.818867530385310829e+02
2.500000000000000000e+00 3.110417999999999863e-02 6.210519155809752192e+02
3.750000000000000000e+00 4.659002999999999756e-02 5.620211958579781140e+02
5.000000000000000000e+00 6.199672999999999989e-02 5.272984027195676617e+02
6.250000000000000000e+00 7.729845000000000466e-02 5.259363753356651614e+02
7.500000000000000000e+00 9.246986999999999568e-02 5.245660850348019721e+02
8.750000000000000000e+00 1.074862000000000040e-01 5.230072143726390550e+02
1.000000000000000000e+01 1.223235000000000017e-01 5.212601027574187356e+02
1.125000000000000000e+01 1.369583000000000050e-01 5.193372731810075038e+02
1.250000000000000000e+01 1.513683999999999863e-01 5.172543954262948773e+02
1.375000000000000000e+01 1.655323999999999962e-01 5.150284386754349271e+02
1.500000000000000000e+01 1.794298000000000004e-01 5.126765896022776587e+02
1.625000000000000000e+01 1.930416000000000076e-01 5.102162847525736993e+02
1.750000000000000000e+01 2.063495999999999941e-01 5.076645733788554367e+02
1.875000000000000000e+01 2.193372000000000099e-01 5.050376395393948314e+02
2.000000000000000000e+01 2.319886999999999921e-01 5.023511884993637295e+02
2.125000000000000000e+01 2.442901000000000100e-01 4.996195171470986907e+02
2.250000000000000000e+01 2.562285000000000257e-01 4.968561561861662881e+02
2.375000000000000000e+01 2.677923999999999860e-01 4.940733589046061525e+02
2.500000000000000000e+01 2.789718999999999949e-01 4.912819711702923087e+02
2.625000000000000000e+01 2.897581000000000184e-01 4.884918851233443320e+02
2.750000000000000000e+01 3.001437000000000133e-01 4.857116065614891340e+02
2.875000000000000000e+01 3.101226999999999734e-01 4.829483931064940521e+02
3.000000000000000000e+01 3.196904999999999886e-01 4.802087588682766750e+02
