0.000000000000000000e+00 2.052302999999999891e-25 2.781661104255259431e+01
1.250000000000000000e+00 1.556537000000000025e-02 2.781964989865484839e+01
2.500000000000000000e+00 3.110417999999999863e-02 2.782867187469714310e+01
3.750000000000000000e+00 4.659002999999999756e-02 2.784365260147723475e+01
5.000000000000000000e+00 6.199672999999999989e-02 2.786468415493013495e+01
6.250000000000000000e+00 7.729845000000000466e-02 2.789169751518859286e+01
7.500000000000000000e+00 9.246986999999999568e-02 2.792467642225399516e+01
8.750000000000000000e+00 1.074862000000000040e-01 2.796360751416436230e+01
1.000000000000000000e+01 1.223235000000000017e-01 2.800847616539453711e+01
1.125000000000000000e+01 1.369583000000000050e-01 2.805926565728483268e+01
1.250000000000000000e+01 1.513683999999999863e-01 2.811595568980245119e+01
1.375000000000000000e+01 1.655323999999999962e-01 2.817860387455083071e+01
1.500000000000000000e+01 1.794298000000000004e-01 2.824699443295087420e+01
1.625000000000000000e+01 1.930416000000000076e-01 2.832120947146238166e+01
1.750000000000000000e+01 2.063495999999999941e-01 2.840129339000969466e+01
1.875000000000000000e+01 2.193372000000000099e-01 2.848702126430048764e+01
2.000000000000000000e+01 2.319886999999999921e-01 2.857856983810877338e+01
2.125000000000000000e+01 2.442901000000000100e-01 2.867565979510656149e+01
2.250000000000000000e+01 2.562285000000000257e-01 2.877839861875217053e+01
2.375000000000000000e+01 2.677923999999999860e-01 2.888679236674001771e+01
2.500000000000000000e+01 2.789718999999999949e-01 2.900064425495934373e+01
2.625000000000000000e+01 2.897581000000000184e-01 2.912005567313517673e+01
2.750000000000000000e+01 3.001437000000000133e-01 2.924492582230326576e+01
2.875000000000000000e+01 3.101226999999999734e-01 2.937505749865329108e+01
3.000000000000000000e+01 3.196904999999999886e-01 2.951063037519159948e+01
