0.000000000000000000e+00 2.052302999999999891e-25 2.615237547989442533e+02
1.250000000000000000e+00 1.556537000000000025e-02 2.602510149060649383e+02
2.500000000000000000e+00 3.110417999999999863e-02 2.563753912536592452e+02
3.750000000000000000e+00 4.659002999999999756e-02 2.499121433748193795e+02
5.000000000000000000e+00 6.199672999999999989e-02 2.410152228894945097e+02
6.250000000000000000e+00 7.729845000000000466e-02 2.300923389511460755e+02
7.500000000000000000e+00 9.246986999999999568e-02 2.178104174697836015e+02
8.750000000000000000e+00 1.074862000000000040e-01 2.049465549766941592e+02
1.000000000000000000e+01 1.223235000000000017e-01 1.921881283718583688e+02
1.125000000000000000e+01 1.369583000000000050e-01 1.804256895178879176e+02
1.250000000000000000e+01 1.513683999999999863e-01 1.793856870010203011e+02
1.375000000000000000e+01 1.655323999999999962e-01 1.783120080584707523e+02
1.500000000000000000e+01 1.794298000000000004e-01 1.771594559784585101e+02
1.625000000000000000e+01 1.930416000000000076e-01 1.759331358661614217e+02
1.750000000000000000e+01 2.063495999999999941e-01 1.746386607180967303e+02
1.875000000000000000e+01 2.193372000000000099e-01 1.732815235353858156e+02
2.000000000000000000e+01 2.319886999999999921e-01 1.718677329311874189e+02
2.125000000000000000e+01 2.442901000000000100e-01 1.704028064061937471e+02
2.250000000000000000e+01 2.562285000000000257e-01 1.688926369723897380e+02
2.375000000000000000e+01 2.677923999999999860e-01 1.673429097178485847e+02
2.500000000000000000e+01 2.789718999999999949e-01 1.657589577165562673e+02
2.625000000000000000e+01 2.897581000000000184e-01 1.641462569911500964e+02
2.750000000000000000e+01 3.001437000000000133e-01 1.625098640575751858e+02
2.875000000000000000e+01 3.101226999999999734e-01 1.608545066293412447e+02
3.000000000000000000e+01 3.196904999999999886e-01 1.591850517942685599e+02
