1.037587668873579569e-05 7.155342000000000553e+02
4.152102183140250784e-05 7.155338000000000420e+02
9.348746071950290732e-05 7.155326000000000022e+02
1.663618687838003957e-04 7.155298999999999978e+02
2.602642717034735903e-04 7.155244000000000142e+02
3.753540843559831884e-04 7.155145999999999731e+02
5.118206520984941964e-04 7.154989000000000487e+02
6.698961085933857057e-04 7.154749000000000478e+02
8.498427774966740974e-04 7.154400000000000546e+02
1.051967569952252501e-03 7.153913000000000011e+02
1.276609386196263501e-03 7.153253999999999451e+02
1.524152413128294567e-03 7.152383999999999560e+02
1.795019524869983975e-03 7.151259000000000015e+02
2.089674581947516784e-03 7.149831000000000358e+02
2.408627429931484501e-03 7.148046000000000504e+02
2.752429899438759396e-03 7.145846000000000231e+02
3.121683804210726755e-03 7.143165000000000191e+02
3.517039940426125878e-03 7.139931000000000267e+02
3.939196086305818238e-03 7.136067000000000462e+02
4.388904999691881255e-03 7.131489000000000260e+02
4.866976416812780759e-03 7.126105000000000018e+02
5.374275051401221359e-03 7.119818000000000211e+02
5.911730591739996869e-03 7.112522000000000162e+02
6.480332700044777461e-03 7.104106000000000449e+02
7.081139009674952862e-03 7.094451000000000249e+02
7.715278122739501615e-03 7.083432000000000244e+02
8.383952607667950752e-03 7.070916999999999462e+02
9.088444996184814537e-03 7.056770000000000209e+02
9.830119780456921322e-03 7.040848999999999478e+02
1.061042740972672691e-02 7.023008999999999560e+02
1.143092128496563803e-02 7.003101000000000340e+02
1.229322476018272423e-02 6.980974999999999682e+02
1.319909712891701066e-02 6.956482999999999493e+02
1.415039762549696878e-02 6.929474999999999909e+02
1.514909541880533721e-02 6.899805999999999813e+02
1.619726960774146851e-02 6.867337999999999738e+02
1.729717920392809596e-02 6.831937000000000353e+02
1.845115314357818545e-02 6.793481000000000449e+02
1.966173025744604938e-02 6.751857999999999720e+02
2.093156927842645607e-02 6.706970999999999776e+02
2.262115818131354636e-02 6.645542000000000371e+02
2.407137287070561585e-02 6.591662000000000035e+02
2.559676272391914892e-02 6.534061000000000377e+02
2.720150561074294315e-02 6.472709999999999582e+02
2.889987677226054166e-02 6.407236000000000331e+02
3.067956775663551947e-02 6.338346999999999980e+02
3.281056747170116306e-02 6.255883000000000038e+02
3.482861207758326805e-02 6.178324000000000069e+02
3.695919253811332655e-02 6.097457000000000562e+02
3.920956450839152563e-02 6.013777999999999793e+02
4.158757314701715113e-02 5.928160000000000309e+02
4.432573704254455516e-02 5.834921000000000504e+02
4.702838712630393048e-02 5.751983999999999924e+02
4.989335250929488597e-02 5.680705000000000382e+02
5.293223501997026265e-02 5.630924999999999727e+02
5.635000152651706284e-02 5.601121000000000549e+02
5.981523378748096476e-02 5.585063000000000102e+02
6.350193848926835583e-02 5.574502999999999702e+02
6.758990190044578128e-02 5.566204000000000178e+02
7.180700230995688826e-02 5.559369000000000369e+02
