1.037587668873579569e-05 5.567142999999999802e+02
4.152102183140250784e-05 5.567142999999999802e+02
9.348746071950290732e-05 5.567142999999999802e+02
1.663618687838003957e-04 5.567142000000000053e+02
2.602642717034735903e-04 5.567142000000000053e+02
3.753540843559831884e-04 5.567141000000000304e+02
5.118206520984941964e-04 5.567138999999999669e+02
6.698961085933857057e-04 5.567137000000000171e+02
8.498427774966740974e-04 5.567133999999999787e+02
1.051967569952252501e-03 5.567128999999999905e+02
1.276609386196263501e-03 5.567123000000000275e+02
1.524152413128294567e-03 5.567115999999999758e+02
1.795019524869983975e-03 5.567105999999999995e+02
2.089674581947516784e-03 5.567092999999999847e+02
2.408627429931484501e-03 5.567078000000000202e+02
2.752429899438759396e-03 5.567059000000000424e+02
3.121683804210726755e-03 5.567036000000000513e+02
3.517039940426125878e-03 5.567007999999999583e+02
3.939196086305818238e-03 5.566974999999999909e+02
4.388904999691881255e-03 5.566934999999999718e+02
4.866976416812780759e-03 5.566888999999999896e+02
5.374275051401221359e-03 5.566834000000000060e+02
5.911730591739996869e-03 5.566770000000000209e+02
6.480332700044777461e-03 5.566694999999999709e+02
7.081139009674952862e-03 5.566608999999999696e+02
7.715278122739501615e-03 5.566508999999999787e+02
8.383952607667950752e-03 5.566394999999999982e+02
9.088444996184814537e-03 5.566263000000000147e+02
9.830119780456921322e-03 5.566113000000000284e+02
1.061042740972672691e-02 5.565941000000000258e+02
1.143092128496563803e-02 5.565744999999999436e+02
1.229322476018272423e-02 5.565520999999999958e+02
1.319909712891701066e-02 5.565267000000000053e+02
1.415039762549696878e-02 5.564977000000000089e+02
1.514909541880533721e-02 5.564648999999999432e+02
1.619726960774146851e-02 5.564275000000000091e+02
1.729717920392809596e-02 5.563849000000000160e+02
1.845115314357818545e-02 5.563365000000000009e+02
1.966173025744604938e-02 5.562813999999999623e+02
2.093156927842645607e-02 5.562183999999999742e+02
2.262115818131354636e-02 5.561250000000000000e+02
2.407137287070561585e-02 5.560366000000000213e+02
2.559676272391914892e-02 5.559338000000000193e+02
2.720150561074294315e-02 5.558135999999999513e+02
2.889987677226054166e-02 5.556707999999999856e+02
3.067956775663551947e-02 5.555009999999999764e+02
3.281056747170116306e-02 5.552636999999999716e+02
3.482861207758326805e-02 5.549968999999999824e+02
3.695919253811332655e-02 5.546548000000000229e+02
3.920956450839152563e-02 5.541986000000000558e+02
4.158757314701715113e-02 5.535555000000000518e+02
4.432573704254455516e-02 5.524664000000000215e+02
4.702838712630393048e-02 5.507154000000000451e+02
4.989335250929488597e-02 5.474752999999999474e+02
5.293223501997026265e-02 5.417967999999999620e+02
5.635000152651706284e-02 5.332349000000000387e+02
5.981523378748096476e-02 5.236381999999999834e+02
6.350193848926835583e-02 5.133392999999999802e+02
6.758990190044578128e-02 5.022620999999999754e+02
7.180700230995688826e-02 4.914094999999999800e+02
