1.037587668873579569e-05 2.754669999999999845e+02
4.152102183140250784e-05 2.754671000000000163e+02
9.348746071950290732e-05 2.754671000000000163e+02
1.663618687838003957e-04 2.754671999999999912e+02
2.602642717034735903e-04 2.754671999999999912e+02
3.753540843559831884e-04 2.754671000000000163e+02
5.118206520984941964e-04 2.754669000000000096e+02
6.698961085933857057e-04 2.754664000000000215e+02
8.498427774966740974e-04 2.754657000000000266e+02
1.051967569952252501e-03 2.754646000000000186e+02
1.276609386196263501e-03 2.754630000000000223e+02
1.524152413128294567e-03 2.754608000000000061e+02
1.795019524869983975e-03 2.754578000000000202e+02
2.089674581947516784e-03 2.754538999999999760e+02
2.408627429931484501e-03 2.754490000000000123e+02
2.752429899438759396e-03 2.754429000000000087e+02
3.121683804210726755e-03 2.754352000000000089e+02
3.517039940426125878e-03 2.754259000000000128e+02
3.939196086305818238e-03 2.754146000000000072e+02
4.388904999691881255e-03 2.754010999999999854e+02
4.866976416812780759e-03 2.753849999999999909e+02
5.374275051401221359e-03 2.753661000000000172e+02
5.911730591739996869e-03 2.753437999999999874e+02
6.480332700044777461e-03 2.753177999999999770e+02
7.081139009674952862e-03 2.752876999999999725e+02
7.715278122739501615e-03 2.752527999999999793e+02
8.383952607667950752e-03 2.752126999999999839e+02
9.088444996184814537e-03 2.751666999999999916e+02
9.830119780456921322e-03 2.751141000000000076e+02
1.061042740972672691e-02 2.750541000000000054e+02
1.143092128496563803e-02 2.749859000000000151e+02
1.229322476018272423e-02 2.749085000000000036e+02
1.319909712891701066e-02 2.748210000000000264e+02
1.415039762549696878e-02 2.747219999999999800e+02
1.514909541880533721e-02 2.746105000000000018e+02
1.619726960774146851e-02 2.744848000000000070e+02
1.729717920392809596e-02 2.743435999999999808e+02
1.845115314357818545e-02 2.741849000000000274e+02
1.966173025744604938e-02 2.740070000000000050e+02
2.093156927842645607e-02 2.738075000000000045e+02
2.262115818131354636e-02 2.735206000000000017e+02
2.407137287070561585e-02 2.732563999999999851e+02
2.559676272391914892e-02 2.729596999999999980e+02
2.720150561074294315e-02 2.726267000000000280e+02
2.889987677226054166e-02 2.722506000000000199e+02
3.067956775663551947e-02 2.718303000000000225e+02
3.281056747170116306e-02 2.712903000000000020e+02
3.482861207758326805e-02 2.707436000000000149e+02
3.695919253811332655e-02 2.701279000000000110e+02
3.920956450839152563e-02 2.694341000000000008e+02
4.158757314701715113e-02 2.686521000000000186e+02
4.432573704254455516e-02 2.676875999999999749e+02
4.702838712630393048e-02 2.666698999999999842e+02
4.989335250929488597e-02 2.655183000000000106e+02
5.293223501997026265e-02 2.642144000000000119e+02
5.635000152651706284e-02 2.626453000000000202e+02
5.981523378748096476e-02 2.609452999999999747e+02
6.350193848926835583e-02 2.590160000000000196e+02
6.758990190044578128e-02 2.567323000000000093e+02
7.180700230995688826e-02 2.542228000000000065e+02
