1.037587668873579569e-05 2.956353000000000009e+01
4.152102183140250784e-05 2.956353999999999971e+01
9.348746071950290732e-05 2.956354999999999933e+01
1.663618687838003957e-04 2.956355999999999895e+01
2.602642717034735903e-04 2.956356999999999857e+01
3.753540843559831884e-04 2.956359000000000137e+01
5.118206520984941964e-04 2.956361000000000061e+01
6.698961085933857057e-04 2.956362999999999985e+01
8.498427774966740974e-04 2.956364999999999910e+01
1.051967569952252501e-03 2.956368000000000151e+01
1.276609386196263501e-03 2.956371000000000038e+01
1.524152413128294567e-03 2.956374999999999886e+01
1.795019524869983975e-03 2.956378000000000128e+01
2.089674581947516784e-03 2.956381999999999977e+01
2.408627429931484501e-03 2.956385999999999825e+01
2.752429899438759396e-03 2.956390999999999991e+01
3.121683804210726755e-03 2.956394999999999840e+01
3.517039940426125878e-03 2.956400000000000006e+01
3.939196086305818238e-03 2.956405000000000172e+01
4.388904999691881255e-03 2.956409999999999982e+01
4.866976416812780759e-03 2.956415000000000148e+01
5.374275051401221359e-03 2.956420999999999921e+01
5.911730591739996869e-03 2.956426000000000087e+01
6.480332700044777461e-03 2.956430999999999898e+01
7.081139009674952862e-03 2.956437000000000026e+01
7.715278122739501615e-03 2.956441999999999837e+01
8.383952607667950752e-03 2.956447999999999965e+01
9.088444996184814537e-03 2.956453000000000131e+01
9.830119780456921322e-03 2.956457999999999942e+01
1.061042740972672691e-02 2.956464000000000070e+01
1.143092128496563803e-02 2.956466999999999956e+01
1.229322476018272423e-02 2.956471000000000160e+01
1.319909712891701066e-02 2.956475000000000009e+01
1.415039762549696878e-02 2.956477999999999895e+01
1.514909541880533721e-02 2.956481000000000137e+01
1.619726960774146851e-02 2.956483000000000061e+01
1.729717920392809596e-02 2.956482000000000099e+01
1.845115314357818545e-02 2.956482000000000099e+01
1.966173025744604938e-02 2.956478999999999857e+01
2.093156927842645607e-02 2.956475999999999971e+01
2.262115818131354636e-02 2.956475000000000009e+01
2.407137287070561585e-02 2.956467999999999918e+01
2.559676272391914892e-02 2.956458999999999904e+01
2.720150561074294315e-02 2.956446000000000041e+01
2.889987677226054166e-02 2.956431999999999860e+01
3.067956775663551947e-02 2.956412999999999869e+01
3.281056747170116306e-02 2.956390000000000029e+01
3.482861207758326805e-02 2.956362999999999985e+01
3.695919253811332655e-02 2.956328999999999851e+01
3.920956450839152563e-02 2.956288999999999945e+01
4.158757314701715113e-02 2.956241999999999948e+01
4.432573704254455516e-02 2.956185999999999936e+01
4.702838712630393048e-02 2.956120999999999910e+01
4.989335250929488597e-02 2.956043000000000021e+01
5.293223501997026265e-02 2.955953999999999837e+01
5.635000152651706284e-02 2.955846000000000018e+01
5.981523378748096476e-02 2.955724000000000018e+01
6.350193848926835583e-02 2.955581000000000103e+01
6.758990190044578128e-02 2.955408999999999864e+01
7.180700230995688826e-02 2.955214000000000141e+01
