1.037587668873579569e-05 1.950180000000000007e+02
4.152102183140250784e-05 1.950180000000000007e+02
9.348746071950290732e-05 1.950180000000000007e+02
1.663618687838003957e-04 1.950180000000000007e+02
2.602642717034735903e-04 1.950180000000000007e+02
3.753540843559831884e-04 1.950180000000000007e+02
5.118206520984941964e-04 1.950180000000000007e+02
6.698961085933857057e-04 1.950180000000000007e+02
8.498427774966740974e-04 1.950180000000000007e+02
1.051967569952252501e-03 1.950180000000000007e+02
1.276609386196263501e-03 1.950180000000000007e+02
1.524152413128294567e-03 1.950178999999999974e+02
1.795019524869983975e-03 1.950177999999999940e+02
2.089674581947516784e-03 1.950177999999999940e+02
2.408627429931484501e-03 1.950175999999999874e+02
2.752429899438759396e-03 1.950175000000000125e+02
3.121683804210726755e-03 1.950173000000000059e+02
3.517039940426125878e-03 1.950169999999999959e+02
3.939196086305818238e-03 1.950166999999999859e+02
4.388904999691881255e-03 1.950163000000000011e+02
4.866976416812780759e-03 1.950158999999999878e+02
5.374275051401221359e-03 1.950152999999999963e+02
5.911730591739996869e-03 1.950147000000000048e+02
6.480332700044777461e-03 1.950139000000000067e+02
7.081139009674952862e-03 1.950131000000000085e+02
7.715278122739501615e-03 1.950120000000000005e+02
8.383952607667950752e-03 1.950108999999999924e+02
9.088444996184814537e-03 1.950095000000000027e+02
9.830119780456921322e-03 1.950079000000000065e+02
1.061042740972672691e-02 1.950062000000000069e+02
1.143092128496563803e-02 1.950040999999999940e+02
1.229322476018272423e-02 1.950018000000000029e+02
1.319909712891701066e-02 1.949992000000000019e+02
1.415039762549696878e-02 1.949961999999999875e+02
1.514909541880533721e-02 1.949928999999999917e+02
1.619726960774146851e-02 1.949891000000000076e+02
1.729717920392809596e-02 1.949848000000000070e+02
1.845115314357818545e-02 1.949800999999999931e+02
1.966173025744604938e-02 1.949747000000000128e+02
2.093156927842645607e-02 1.949687000000000126e+02
2.262115818131354636e-02 1.949600000000000080e+02
2.407137287070561585e-02 1.949521000000000015e+02
2.559676272391914892e-02 1.949431999999999903e+02
2.720150561074294315e-02 1.949330999999999960e+02
2.889987677226054166e-02 1.949217999999999904e+02
3.067956775663551947e-02 1.949091999999999985e+02
3.281056747170116306e-02 1.948930000000000007e+02
3.482861207758326805e-02 1.948766999999999996e+02
3.695919253811332655e-02 1.948583000000000141e+02
3.920956450839152563e-02 1.948376000000000090e+02
4.158757314701715113e-02 1.948144000000000062e+02
4.432573704254455516e-02 1.947858999999999980e+02
4.702838712630393048e-02 1.947558999999999969e+02
4.989335250929488597e-02 1.947220000000000084e+02
5.293223501997026265e-02 1.946836999999999875e+02
5.635000152651706284e-02 1.946377999999999986e+02
5.981523378748096476e-02 1.945882000000000005e+02
6.350193848926835583e-02 1.945320000000000107e+02
6.758990190044578128e-02 1.944654999999999916e+02
7.180700230995688826e-02 1.943922000000000025e+02
