0.000000000000000000e+00 0.000000000000000000e+00 7.157518400684749622e+02
2.500000000000000000e-01 2.774725226514761396e-03 7.147072179198285085e+02
5.000000000000000000e-01 5.549299152731710684e-03 7.116806320714279082e+02
7.500000000000000000e-01 8.323570515091013866e-03 7.068359657080475245e+02
1.000000000000000000e+00 1.109738809390833567e-02 7.004105982455730555e+02
1.250000000000000000e+00 1.387060073655076511e-02 6.926777889089032669e+02
1.500000000000000000e+00 1.664333998513638571e-02 6.839130354700552061e+02
1.750000000000000000e+00 1.941493649138234870e-02 6.743753914283244058e+02
2.000000000000000000e+00 2.218547509493947606e-02 6.642909534729990355e+02
2.250000000000000000e+00 2.495480511372713192e-02 6.538522122099146827e+02
2.500000000000000000e+00 2.772315120088976806e-02 6.432169857819192202e+02
2.750000000000000000e+00 3.048964966421232811e-02 6.325174988156151130e+02
3.000000000000000000e+00 3.325448848358712739e-02 6.218563544071123488e+02
3.250000000000000000e+00 3.601751780505680484e-02 6.113160452062976447e+02
3.500000000000000000e+00 3.877900537987659380e-02 6.009598807072047748e+02
3.750000000000000000e+00 4.153799613938720381e-02 5.908413853927378341e+02
4.000000000000000000e+00 4.429472933570487853e-02 5.809980847588576580e+02
4.250000000000000000e+00 4.704905629621984609e-02 5.714606989331543900e+02
4.500000000000000000e+00 4.980125399131021119e-02 5.622629823985935218e+02
4.750000000000000000e+00 5.255034634548430561e-02 5.566272098946550386e+02
5.000000000000000000e+00 5.529658845841976117e-02 5.564201673418825749e+02
5.250000000000000000e+00 5.803983318657282564e-02 5.562425627919150202e+02
5.500000000000000000e+00 6.077993382420221469e-02 5.560613511525805279e+02
5.750000000000000000e+00 6.351674412437409434e-02 5.558736824854981933e+02
6.000000000000000000e+00 6.625056358451079930e-02 5.556788406202041415e+02
6.250000000000000000e+00 6.898037331328947530e-02 5.554766746556018688e+02
6.500000000000000000e+00 7.170645672743827803e-02 5.552670940361859948e+02
6.750000000000000000e+00 7.442866961592513320e-02 5.550501014158990074e+02
7.000000000000000000e+00 7.714686832975164998e-02 5.548257299430639478e+02
7.250000000000000000e+00 7.986090980217173951e-02 5.545940295460658263e+02
7.500000000000000000e+00 8.257108593318547574e-02 5.543550211582704605e+02
7.750000000000000000e+00 8.527639859156242730e-02 5.541088480821409803e+02
8.000000000000000000e+00 8.797712830705267661e-02 5.538555454902348174e+02
8.250000000000000000e+00 9.067313453534361911e-02 5.535951893966421267e+02
8.500000000000000000e+00 9.336427741298922167e-02 5.533278589428661007e+02
8.750000000000000000e+00 9.605041777654889368e-02 5.530536359623646376e+02
9.000000000000000000e+00 9.873141718160508007e-02 5.527726046194193259e+02
9.250000000000000000e+00 1.014071379215617380e-01 5.524848511082949472e+02
9.500000000000000000e+00 1.040774430462073630e-01 5.521904636384812193e+02
9.750000000000000000e+00 1.067426266326790552e-01 5.518894820841350111e+02
1.000000000000000000e+01 1.094017011351720026e-01 5.515820957640861479e+02
1.025000000000000000e+01 1.120549536994604189e-01 5.512683498324699940e+02
1.050000000000000000e+01 1.147022505793434399e-01 5.509483388462599578e+02
1.075000000000000000e+01 1.173434588750287833e-01 5.506221582910006873e+02
1.100000000000000000e+01 1.199784465504334652e-01 5.502899052025602487e+02
1.125000000000000000e+01 1.226070824503097678e-01 5.499516776615940898e+02
1.150000000000000000e+01 1.252292363170977030e-01 5.496075747313303737e+02
1.175000000000000000e+01 1.278447788075943170e-01 5.492576963834505932e+02
1.200000000000000000e+01 1.304535815093116058e-01 5.489021436461994199e+02
1.225000000000000000e+01 1.330555169566610130e-01 5.485410183875725352e+02
1.250000000000000000e+01 1.356504586468600115e-01 5.481744229322406454e+02
1.275000000000000000e+01 1.382382810555976282e-01 5.478024604921504306e+02
1.300000000000000000e+01 1.408188596524388436e-01 5.474252349350922486e+02
1.325000000000000000e+01 1.433924918217986122e-01 5.470427853524387274e+02
1.350000000000000000e+01 1.459582174374170760e-01 5.466553451389187330e+02
1.375000000000000000e+01 1.485163315726844013e-01 5.462629560279408452e+02
1.400000000000000000e+01 1.510667138198752979e-01 5.458657236362255389e+02
1.425000000000000000e+01 1.536092448383979681e-01 5.454637536173156604e+02
1.450000000000000000e+01 1.561438063686374778e-01 5.450571520246899127e+02
1.475000000000000000e+01 1.586702812455056955e-01 5.446460249042462465e+02
1.500000000000000000e+01 1.611885534117303287e-01 5.442304784349729516e+02
1.525000000000000000e+01 1.636985079308753699e-01 5.438106189204859220e+02
1.550000000000000000e+01 1.662000310000679437e-01 5.433865523739011678e+02
1.575000000000000000e+01 1.686930099624491530e-01 5.429583848658896841e+02
1.600000000000000000e+01 1.711773333193333801e-01 5.425262223732768234e+02
1.625000000000000000e+01 1.736528907421005519e-01 5.420901704433707664e+02
1.650000000000000000e+01 1.761195730837838147e-01 5.416503345812874386e+02
1.675000000000000000e+01 1.785772723903697456e-01 5.412068196300830323e+02
1.700000000000000000e+01 1.810258819118198970e-01 5.407597304496647439e+02
1.725000000000000000e+01 1.834652961127828663e-01 5.403091712928368224e+02
1.750000000000000000e+01 1.858954106830236763e-01 5.398552457050025168e+02
1.775000000000000000e+01 1.883161225475645517e-01 5.393980571470364112e+02
1.800000000000000000e+01 1.907273298765079228e-01 5.389377081706754780e+02
1.825000000000000000e+01 1.931289320945817067e-01 5.384743006983818532e+02
1.850000000000000000e+01 1.955208298903867714e-01 5.380079363369593466e+02
1.875000000000000000e+01 1.979029252253242110e-01 5.375387155222396132e+02
1.900000000000000000e+01 2.002751213422517274e-01 5.370667382924331150e+02
1.925000000000000000e+01 2.026373227738091365e-01 5.365921036279348755e+02
1.950000000000000000e+01 2.049894353504847777e-01 5.361149098687369587e+02
1.975000000000000000e+01 2.073317338593589354e-01 5.356351719888174330e+02
2.000000000000000000e+01 2.096633904238550949e-01 5.351531506115088632e+02
2.025000000000000000e+01 2.119846833193611002e-01 5.346688596882459024e+02
2.050000000000000000e+01 2.142955236425071186e-01 5.341823938369478810e+02
2.075000000000000000e+01 2.165958238235082267e-01 5.336938467195657267e+02
2.100000000000000000e+01 2.188854976323938162e-01 5.332033108768406464e+02
2.125000000000000000e+01 2.211644601849421521e-01 5.327108777629042606e+02
2.150000000000000000e+01 2.234326279483034305e-01 5.322166380224006161e+02
2.175000000000000000e+01 2.256899187463232703e-01 5.317206808581197492e+02
2.200000000000000000e+01 2.279362517645857067e-01 5.312230944377515698e+02
2.225000000000000000e+01 2.301715475551203427e-01 5.307239660664478151e+02
2.250000000000000000e+01 2.323957280408494031e-01 5.302233814790968154e+02
2.275000000000000000e+01 2.346087165197026925e-01 5.297214255387995081e+02
2.300000000000000000e+01 2.368104376684679047e-01 5.292181814852315256e+02
2.325000000000000000e+01 2.390008175463126106e-01 5.287137318076794372e+02
2.350000000000000000e+01 2.411797835980383220e-01 5.282081574734153264e+02
2.375000000000000000e+01 2.433472646570178644e-01 5.277015383734620855e+02
2.400000000000000000e+01 2.455031909478666008e-01 5.271939529964508893e+02
2.425000000000000000e+01 2.476474940887950504e-01 5.266854785107034331e+02
2.450000000000000000e+01 2.497801070936839507e-01 5.261761909165206816e+02
2.475000000000000000e+01 2.519009643738829296e-01 5.256661650499353300e+02
2.500000000000000000e+01 2.540100017396987320e-01 5.251554740500540674e+02
2.525000000000000000e+01 2.561071564016147439e-01 5.246441901444878795e+02
2.550000000000000000e+01 2.581923669712278824e-01 5.241323838994979951e+02
2.575000000000000000e+01 2.602655734618951056e-01 5.236201251130306673e+02
2.600000000000000000e+01 2.623267172891073362e-01 5.231074814444400545e+02
2.625000000000000000e+01 2.643757412705826648e-01 5.225945200412410259e+02
2.650000000000000000e+01 2.664125896260921000e-01 5.220813062026355738e+02
2.675000000000000000e+01 2.684372079770006025e-01 5.215679040953654066e+02
2.700000000000000000e+01 2.704495433455434417e-01 5.210543765228472921e+02
2.725000000000000000e+01 2.724495441538389850e-01 5.205407851803158792e+02
2.750000000000000000e+01 2.744371602226283180e-01 5.200271900364012936e+02
2.775000000000000000e+01 2.764123427697562918e-01 5.195136500086291562e+02
2.800000000000000000e+01 2.783750444083840092e-01 5.190002227576261475e+02
2.825000000000000000e+01 2.803252191449517317e-01 5.184869644262743122e+02
2.850000000000000000e+01 2.822628223768851585e-01 5.179739300283985131e+02
2.875000000000000000e+01 2.841878108900416922e-01 5.174611733661267863e+02
2.900000000000000000e+01 2.861001428559159510e-01 5.169487466897619470e+02
2.925000000000000000e+01 2.879997778285844356e-01 5.164367010293547082e+02
2.950000000000000000e+01 2.898866767414299828e-01 5.159250863831294964e+02
2.975000000000000000e+01 2.917608019035882738e-01 5.154139513954970653e+02
3.000000000000000000e+01 2.936221169961939492e-01 5.149033432480982810e+02
