0.000000000000000000e+00 0.000000000000000000e+00 2.937983325246776189e+01
2.500000000000000000e-01 2.774725280921849172e-03 2.937986482078992623e+01
5.000000000000000000e-01 5.549299242964915273e-03 2.937997271289289358e+01
7.500000000000000000e-01 8.323570621952210841e-03 2.938015691198862100e+01
1.000000000000000000e+00 1.109738819839482110e-02 2.938041742546123203e+01
1.250000000000000000e+00 1.387060081964778743e-02 2.938075427253580685e+01
1.500000000000000000e+00 1.664334002771636692e-02 2.938116743192405877e+01
1.750000000000000000e+00 1.941493647423499572e-02 2.938165686855394299e+01
2.000000000000000000e+00 2.218547499880538232e-02 2.938222260420489818e+01
2.250000000000000000e+00 2.495480491929846778e-02 2.938286465397295544e+01
2.500000000000000000e+00 2.772315088885385706e-02 2.938358298962932125e+01
2.750000000000000000e+00 3.048964921515156731e-02 2.938437752494281341e+01
3.000000000000000000e+00 3.325448787811095125e-02 2.938524831401845461e+01
3.250000000000000000e+00 3.601751702369173497e-02 2.938619532776082721e+01
3.500000000000000000e+00 3.877900440306084745e-02 2.938721863151976876e+01
3.750000000000000000e+00 4.153799494763335542e-02 2.938831799113544818e+01
4.000000000000000000e+00 4.429472790942177995e-02 2.938949354535100866e+01
4.250000000000000000e+00 4.704905461579146631e-02 2.939074520959597336e+01
4.500000000000000000e+00 4.980125203705262904e-02 2.939207318982239769e+01
4.750000000000000000e+00 5.255034409778389787e-02 2.939347708992649544e+01
5.000000000000000000e+00 5.529658589757736886e-02 2.939495694909110313e+01
5.250000000000000000e+00 5.803983029289087880e-02 2.939651293541959021e+01
5.500000000000000000e+00 6.077993057793319026e-02 2.939814478680557386e+01
5.750000000000000000e+00 6.351674050577353625e-02 2.939985270801054185e+01
6.000000000000000000e+00 6.625055957372207038e-02 2.940163678299212435e+01
6.250000000000000000e+00 6.898036889061910648e-02 2.940349645815220470e+01
6.500000000000000000e+00 7.170645187310874247e-02 2.940543200672490798e+01
6.750000000000000000e+00 7.442866431012830353e-02 2.940744335807266197e+01
7.000000000000000000e+00 7.714686255269498361e-02 2.940953050848937878e+01
7.250000000000000000e+00 7.986090353405586595e-02 2.941169330474043875e+01
7.500000000000000000e+00 8.257107915409588050e-02 2.941393219719800101e+01
7.750000000000000000e+00 8.527639128181332961e-02 2.941624638251002821e+01
8.000000000000000000e+00 8.797712044684508070e-02 2.941863612047581711e+01
8.250000000000000000e+00 9.067312610490566027e-02 2.942110144060420041e+01
8.500000000000000000e+00 9.336426839254614862e-02 2.942364220936677555e+01
8.750000000000000000e+00 9.605040814634946411e-02 2.942625840845770568e+01
9.000000000000000000e+00 9.873140692191424705e-02 2.942895000361850677e+01
9.250000000000000000e+00 1.014071270126500196e-01 2.943171690891674430e+01
9.500000000000000000e+00 1.040774314683925450e-01 2.943455917086293283e+01
9.750000000000000000e+00 1.067426143660927945e-01 2.943747701892693058e+01
1.000000000000000000e+01 1.094016881603517843e-01 2.944046960156288861e+01
1.025000000000000000e+01 1.120549399967908921e-01 2.944353727278615551e+01
1.050000000000000000e+01 1.147022361292460158e-01 2.944668005346959916e+01
1.075000000000000000e+01 1.173434436579548074e-01 2.944989767913078182e+01
1.100000000000000000e+01 1.199784305468803297e-01 2.945319030035425101e+01
1.125000000000000000e+01 1.226070656408089349e-01 2.945655772377986992e+01
1.150000000000000000e+01 1.252292186822446252e-01 2.945999990948653036e+01
1.175000000000000000e+01 1.278447603280063460e-01 2.946351684884243838e+01
1.200000000000000000e+01 1.304535621656693900e-01 2.946710837063003652e+01
1.225000000000000000e+01 1.330554967296964375e-01 2.947077445494636549e+01
1.250000000000000000e+01 1.356504375173628596e-01 2.947451503382904647e+01
1.275000000000000000e+01 1.382382590044117232e-01 2.947833007580110376e+01
1.300000000000000000e+01 1.408188366604712360e-01 2.948221941321317985e+01
1.325000000000000000e+01 1.433924678697132415e-01 2.948618367436640497e+01
1.350000000000000000e+01 1.459581925065516761e-01 2.949022148311367530e+01
1.375000000000000000e+01 1.485163056441394791e-01 2.949433339782933672e+01
1.400000000000000000e+01 1.510666868748359593e-01 2.949851927278148978e+01
1.425000000000000000e+01 1.536092168581209283e-01 2.950277913876102076e+01
1.450000000000000000e+01 1.561437773344555024e-01 2.950711281229533256e+01
1.475000000000000000e+01 1.586702511388281833e-01 2.951152020105056906e+01
1.500000000000000000e+01 1.611885222140604923e-01 2.951600136224978499e+01
1.525000000000000000e+01 1.636984756237964134e-01 2.952055605522390280e+01
1.550000000000000000e+01 1.661999975652551087e-01 2.952518426925210449e+01
1.575000000000000000e+01 1.686929753816676092e-01 2.952988591487079972e+01
1.600000000000000000e+01 1.711772975744428882e-01 2.953466074756920179e+01
1.625000000000000000e+01 1.736528538150618750e-01 2.953950901434471632e+01
1.650000000000000000e+01 1.761195349566541113e-01 2.954443016903352870e+01
1.675000000000000000e+01 1.785772330453111456e-01 2.954942448402491095e+01
1.700000000000000000e+01 1.810258413310946168e-01 2.955449167833859292e+01
1.725000000000000000e+01 1.834652542787677532e-01 2.955963170151271768e+01
1.750000000000000000e+01 1.858953675782070991e-01 2.956484452333139146e+01
1.775000000000000000e+01 1.883160781545398232e-01 2.957012993509002996e+01
1.800000000000000000e+01 1.907272841779923955e-01 2.957548786457947543e+01
1.825000000000000000e+01 1.931288850734124707e-01 2.958091818436941622e+01
1.850000000000000000e+01 1.955207815295136042e-01 2.958642092986456618e+01
1.875000000000000000e+01 1.979028755078295898e-01 2.959199569677839037e+01
1.900000000000000000e+01 2.002750702513366177e-01 2.959764264031523595e+01
1.925000000000000000e+01 2.026372702928112279e-01 2.960336159063813355e+01
1.950000000000000000e+01 2.049893814628667432e-01 2.960915242445114615e+01
1.975000000000000000e+01 2.073316785481470748e-01 2.961501620351070940e+01
2.000000000000000000e+01 2.096633336733452480e-01 2.962095047121552938e+01
2.025000000000000000e+01 2.119846251134252235e-01 2.962695624910186609e+01
2.050000000000000000e+01 2.142954639651609705e-01 2.963303360361061323e+01
2.075000000000000000e+01 2.165957626589093410e-01 2.963918218611179611e+01
2.100000000000000000e+01 2.188854349648507724e-01 2.964540190435947054e+01
2.125000000000000000e+01 2.211643959989069985e-01 2.965169263302917813e+01
2.150000000000000000e+01 2.234325622283771517e-01 2.965805450031643886e+01
2.175000000000000000e+01 2.256898514772639475e-01 2.966448698449426402e+01
2.200000000000000000e+01 2.279361829313039101e-01 2.967099026849709631e+01
2.225000000000000000e+01 2.301714771426839057e-01 2.967756414622802197e+01
2.250000000000000000e+01 2.323956560344868638e-01 2.968420843775567519e+01
2.275000000000000000e+01 2.346086429048030719e-01 2.969092314168371516e+01
2.300000000000000000e+01 2.368103624305850918e-01 2.969770798856785987e+01
2.325000000000000000e+01 2.390007406711661120e-01 2.970456293428581063e+01
2.350000000000000000e+01 2.411797050715141222e-01 2.971148792998651800e+01
2.375000000000000000e+01 2.433471844651740323e-01 2.971848262635452542e+01
2.400000000000000000e+01 2.455031090769339286e-01 2.972554703590805403e+01
2.425000000000000000e+01 2.476474105251711133e-01 2.973268095745355311e+01
2.450000000000000000e+01 2.497800218239496772e-01 2.973988428604261358e+01
2.475000000000000000e+01 2.519008773847953297e-01 2.974715706646007263e+01
2.500000000000000000e+01 2.540099130181912024e-01 2.975449882898130838e+01
2.525000000000000000e+01 2.561070659348071987e-01 2.976190961873618335e+01
2.550000000000000000e+01 2.581922747464198697e-01 2.976938940519714194e+01
2.575000000000000000e+01 2.602654794665735793e-01 2.977693774656120240e+01
2.600000000000000000e+01 2.623266215109441579e-01 2.978455482381228236e+01
2.625000000000000000e+01 2.643756436974381008e-01 2.979224030941484003e+01
2.650000000000000000e+01 2.664124902460155431e-01 2.979999419906629043e+01
2.675000000000000000e+01 2.684371067782335141e-01 2.980781628573357978e+01
2.700000000000000000e+01 2.704494403165225713e-01 2.981570613397633096e+01
2.725000000000000000e+01 2.724494392831963152e-01 2.982366417529719627e+01
2.750000000000000000e+01 2.744370534991886212e-01 2.983168979353792594e+01
2.775000000000000000e+01 2.764122341825446250e-01 2.983978299805383116e+01
2.800000000000000000e+01 2.783749339466219941e-01 2.984794372590878808e+01
2.825000000000000000e+01 2.803251067980635503e-01 2.985617185961689302e+01
2.850000000000000000e+01 2.822627081344964428e-01 2.986446692167845285e+01
2.875000000000000000e+01 2.841876947419809674e-01 2.987282908227734524e+01
2.900000000000000000e+01 2.861000247922163564e-01 2.988125804962832532e+01
2.925000000000000000e+01 2.879996578394858897e-01 2.988975380640861701e+01
2.950000000000000000e+01 2.898865548173770179e-01 2.989831599894561975e+01
2.975000000000000000e+01 2.917606780352340889e-01 2.990694467055478256e+01
3.000000000000000000e+01 2.936219911743997990e-01 2.991563955620414816e+01
