0.000000000000000000e+00 0.000000000000000000e+00 1.930164917428207048e+02
2.500000000000000000e-01 2.774725280921849172e-03 1.930149979658717712e+02
5.000000000000000000e-01 5.549299242964914405e-03 1.930098928080924452e+02
7.500000000000000000e-01 8.323570621952210841e-03 1.930011738923619760e+02
1.000000000000000000e+00 1.109738819839482110e-02 1.929888372066918976e+02
1.250000000000000000e+00 1.387060081964778570e-02 1.929728770061413172e+02
1.500000000000000000e+00 1.664334002771636692e-02 1.929532835248904803e+02
1.750000000000000000e+00 1.941493647423499225e-02 1.929300508246244306e+02
2.000000000000000000e+00 2.218547499880538579e-02 1.929031657950147007e+02
2.250000000000000000e+00 2.495480491929846778e-02 1.928726145323808794e+02
2.500000000000000000e+00 2.772315088885385706e-02 1.928383757044366291e+02
2.750000000000000000e+00 3.048964921515156384e-02 1.928004388606516954e+02
3.000000000000000000e+00 3.325448787811095125e-02 1.927587776829139159e+02
3.250000000000000000e+00 3.601751702369174885e-02 1.927133662991732876e+02
3.500000000000000000e+00 3.877900440306085439e-02 1.926641670507437709e+02
3.750000000000000000e+00 4.153799494763335542e-02 1.926111599102357275e+02
4.000000000000000000e+00 4.429472790942177995e-02 1.925542985405579941e+02
4.250000000000000000e+00 4.704905461579147324e-02 1.924935374301212789e+02
4.500000000000000000e+00 4.980125203705262210e-02 1.924288136769441735e+02
4.750000000000000000e+00 5.255034409778387705e-02 1.923600864353927307e+02
5.000000000000000000e+00 5.529658589757738274e-02 1.922872767215466752e+02
5.250000000000000000e+00 5.803983029289088574e-02 1.922103040466148798e+02
5.500000000000000000e+00 6.077993057793319720e-02 1.921290751145427294e+02
5.750000000000000000e+00 6.351674050577353625e-02 1.920434816600041756e+02
6.000000000000000000e+00 6.625055957372205651e-02 1.919533823578319129e+02
6.250000000000000000e+00 6.898036889061910648e-02 1.918586591064587594e+02
6.500000000000000000e+00 7.170645187310875635e-02 1.917591254076998268e+02
6.750000000000000000e+00 7.442866431012828965e-02 1.916545780401892216e+02
7.000000000000000000e+00 7.714686255269498361e-02 1.915447768088845635e+02
7.250000000000000000e+00 7.986090353405583819e-02 1.914294362751456902e+02
7.500000000000000000e+00 8.257107915409588050e-02 1.913081949571706843e+02
7.750000000000000000e+00 8.527639128181331574e-02 1.911806820632751851e+02
8.000000000000000000e+00 8.797712044684508070e-02 1.910463827986849026e+02
8.250000000000000000e+00 9.067312610490566027e-02 1.909046929126427301e+02
8.500000000000000000e+00 9.336426839254620413e-02 1.907548702673053924e+02
8.750000000000000000e+00 9.605040814634951962e-02 1.905959957632285580e+02
9.000000000000000000e+00 9.873140692191424705e-02 1.904269206824899641e+02
9.250000000000000000e+00 1.014071270126500196e-01 1.902461948454406411e+02
9.500000000000000000e+00 1.040774314683925589e-01 1.900519682560822332e+02
9.750000000000000000e+00 1.067426143660928084e-01 1.898418171635755414e+02
1.000000000000000000e+01 1.094016881603517843e-01 1.896126952121725537e+02
1.025000000000000000e+01 1.120549399967908782e-01 1.893604548930155431e+02
1.050000000000000000e+01 1.147022361292460435e-01 1.890796029276908712e+02
1.075000000000000000e+01 1.173434436579548212e-01 1.887627379618354553e+02
1.100000000000000000e+01 1.199784305468803713e-01 1.883998379134442018e+02
1.125000000000000000e+01 1.226070656408089349e-01 1.879773692378771273e+02
1.150000000000000000e+01 1.252292186822445974e-01 1.874773638218765370e+02
1.175000000000000000e+01 1.278447603280063738e-01 1.868769441837987699e+02
1.200000000000000000e+01 1.304535621656693900e-01 1.861493612349651983e+02
1.225000000000000000e+01 1.330554967296964375e-01 1.852680484207897678e+02
1.250000000000000000e+01 1.356504375173628041e-01 1.842141814153660562e+02
1.275000000000000000e+01 1.382382590044116399e-01 1.829847345667896263e+02
1.300000000000000000e+01 1.408188366604712360e-01 1.815951502191266229e+02
1.325000000000000000e+01 1.433924678697131583e-01 1.800738116975440732e+02
1.350000000000000000e+01 1.459581925065516761e-01 1.784541829718484394e+02
1.375000000000000000e+01 1.485163056441394513e-01 1.767663320479919662e+02
1.400000000000000000e+01 1.510666868748359593e-01 1.750349604969991617e+02
1.425000000000000000e+01 1.536092168581209838e-01 1.732789215394299163e+02
1.450000000000000000e+01 1.561437773344561963e-01 1.715121536590955316e+02
1.475000000000000000e+01 1.586702511388282388e-01 1.697448330927403219e+02
1.500000000000000000e+01 1.611885222140605478e-01 1.679843718202213267e+02
1.525000000000000000e+01 1.636984756237963301e-01 1.662361807486012992e+02
1.550000000000000000e+01 1.661999975652550254e-01 1.645042234752258139e+02
1.575000000000000000e+01 1.686929753816675537e-01 1.627914099046733725e+02
1.600000000000000000e+01 1.711772975744429992e-01 1.610998747142147920e+02
1.625000000000000000e+01 1.736528538150618750e-01 1.594311755248386078e+02
1.650000000000000000e+01 1.761195349566541113e-01 1.577864347080121377e+02
1.675000000000000000e+01 1.785772330453111456e-01 1.561664428556737789e+02
1.700000000000000000e+01 1.810258413310949221e-01 1.545717343690941163e+02
1.725000000000000000e+01 1.834652542787677532e-01 1.530026439692846623e+02
1.750000000000000000e+01 1.858953675782071546e-01 1.514593495165331092e+02
1.775000000000000000e+01 1.883160781545398788e-01 1.499419045908901751e+02
1.800000000000000000e+01 1.907272841779924788e-01 1.484502635221685694e+02
1.825000000000000000e+01 1.931288850734123042e-01 1.469843015597114970e+02
1.850000000000000000e+01 1.955207815295136042e-01 1.455438302272274882e+02
1.875000000000000000e+01 1.979028755078295898e-01 1.441286100180867322e+02
1.900000000000000000e+01 2.002750702513367564e-01 1.427383604055629007e+02
1.925000000000000000e+01 2.026372702928112834e-01 1.413727680083140115e+02
1.950000000000000000e+01 2.049893814628667710e-01 1.400314935295800751e+02
1.975000000000000000e+01 2.073316785481470470e-01 1.387139425084989739e+02
2.000000000000000000e+01 2.096633336733451924e-01 1.374202109660446354e+02
2.025000000000000000e+01 2.119846251134252513e-01 1.361496737061612237e+02
2.050000000000000000e+01 2.142954639651609983e-01 1.349019338958565584e+02
2.075000000000000000e+01 2.165957626589094243e-01 1.336765885101075639e+02
2.100000000000000000e+01 2.188854349648507724e-01 1.324732304582532265e+02
2.125000000000000000e+01 2.211643959989068320e-01 1.312914507805972448e+02
2.150000000000000000e+01 2.234325622283771517e-01 1.301308398391912817e+02
2.175000000000000000e+01 2.256898514772643360e-01 1.289909889925380355e+02
2.200000000000000000e+01 2.279361829313039656e-01 1.278714916786341860e+02
2.225000000000000000e+01 2.301714771426838224e-01 1.267719441178517314e+02
2.250000000000000000e+01 2.323956560344868638e-01 1.256919464904724180e+02
2.275000000000000000e+01 2.346086429048030997e-01 1.246311033621499860e+02
2.300000000000000000e+01 2.368103624305851196e-01 1.235890242278030939e+02
2.325000000000000000e+01 2.390007406711660565e-01 1.225653241509836846e+02
2.350000000000000000e+01 2.411797050715140667e-01 1.215596239889356269e+02
2.375000000000000000e+01 2.433471844651739768e-01 1.205715507101844111e+02
2.400000000000000000e+01 2.455031090769340396e-01 1.196007376792298231e+02
2.425000000000000000e+01 2.476474105251705859e-01 1.186468248487664141e+02
2.450000000000000000e+01 2.497800218239497327e-01 1.177094588442025440e+02
2.475000000000000000e+01 2.519008773847953297e-01 1.167882930923715037e+02
2.500000000000000000e+01 2.540099130181910914e-01 1.158829879729888717e+02
2.525000000000000000e+01 2.561070659348068101e-01 1.149932106051868459e+02
2.550000000000000000e+01 2.581922747464198142e-01 1.141186351890094812e+02
2.575000000000000000e+01 2.602654794665735793e-01 1.132589427277538192e+02
2.600000000000000000e+01 2.623266215109442134e-01 1.124138211508590643e+02
2.625000000000000000e+01 2.643756436974381008e-01 1.115829651128340885e+02
2.650000000000000000e+01 2.664124902460153765e-01 1.107660760829146227e+02
2.675000000000000000e+01 2.684371067782335141e-01 1.099628622980538921e+02
2.700000000000000000e+01 2.704494403165231264e-01 1.091730383889823344e+02
2.725000000000000000e+01 2.724494392831963152e-01 1.083963257140977277e+02
2.750000000000000000e+01 2.744370534991885657e-01 1.076324517695624223e+02
2.775000000000000000e+01 2.764122341825439588e-01 1.068811506513826117e+02
2.800000000000000000e+01 2.783749339466219941e-01 1.061421623985774261e+02
2.825000000000000000e+01 2.803251067980634392e-01 1.054152332129545755e+02
2.850000000000000000e+01 2.822627081344967759e-01 1.047001152228392584e+02
2.875000000000000000e+01 2.841876947419811339e-01 1.039965664115548662e+02
2.900000000000000000e+01 2.861000247922158568e-01 1.033043505198612877e+02
2.925000000000000000e+01 2.879996578394858897e-01 1.026232368267857282e+02
2.950000000000000000e+01 2.898865548173772955e-01 1.019529999860121023e+02
2.975000000000000000e+01 2.917606780352339779e-01 1.012934201851639102e+02
3.000000000000000000e+01 2.936219911743997435e-01 1.006442827062972327e+02
