0.000000000000000000e+00 0.000000000000000000e+00 5.549354161581848075e+02
2.500000000000000000e-01 2.774725280921849172e-03 5.549237007808235376e+02
5.000000000000000000e-01 5.549299242964914405e-03 5.548900986155854298e+02
7.500000000000000000e-01 8.323570621952210841e-03 5.548339420974664336e+02
1.000000000000000000e+00 1.109738819839482110e-02 5.547540652500122178e+02
1.250000000000000000e+00 1.387060081964778570e-02 5.546487040321105724e+02
1.500000000000000000e+00 1.664334002771636692e-02 5.545153208985165065e+02
1.750000000000000000e+00 1.941493647423499225e-02 5.543504112683444873e+02
2.000000000000000000e+00 2.218547499880538579e-02 5.541490487706947761e+02
2.250000000000000000e+00 2.495480491929846778e-02 5.539043361906026348e+02
2.500000000000000000e+00 2.772315088885385706e-02 5.536064099548199238e+02
2.750000000000000000e+00 3.048964921515156384e-02 5.532410729304381221e+02
3.000000000000000000e+00 3.325448787811095125e-02 5.527870119814496093e+02
3.250000000000000000e+00 3.601751702369174885e-02 5.522115510746555174e+02
3.500000000000000000e+00 3.877900440306085439e-02 5.514628189038473920e+02
3.750000000000000000e+00 4.153799494763335542e-02 5.504568923106409102e+02
4.000000000000000000e+00 4.429472790942177995e-02 5.490557829779980921e+02
4.250000000000000000e+00 4.704905461579147324e-02 5.470431350402766384e+02
4.500000000000000000e+00 4.980125203705262210e-02 5.441324332154754302e+02
4.750000000000000000e+00 5.255034409778387705e-02 5.400944760571780989e+02
5.000000000000000000e+00 5.529658589757738274e-02 5.349667899383716758e+02
5.250000000000000000e+00 5.803983029289088574e-02 5.290663889816571555e+02
5.500000000000000000e+00 6.077993057793319720e-02 5.227660679109278590e+02
5.750000000000000000e+00 6.351674050577353625e-02 5.163429486547714760e+02
6.000000000000000000e+00 6.625055957372205651e-02 5.099668478248437964e+02
6.250000000000000000e+00 6.898036889061910648e-02 5.037383409643085770e+02
6.500000000000000000e+00 7.170645187310875635e-02 4.977117924312973400e+02
6.750000000000000000e+00 7.442866431012828965e-02 4.919173564486632131e+02
7.000000000000000000e+00 7.714686255269498361e-02 4.863701661356915906e+02
7.250000000000000000e+00 7.986090353405583819e-02 4.810761287532694155e+02
7.500000000000000000e+00 8.257107915409588050e-02 4.760345228444827512e+02
7.750000000000000000e+00 8.527639128181331574e-02 4.712432238307814600e+02
8.000000000000000000e+00 8.797712044684508070e-02 4.666952191524554792e+02
8.250000000000000000e+00 9.067312610490566027e-02 4.623826627613773894e+02
8.500000000000000000e+00 9.336426839254620413e-02 4.582966506209212980e+02
8.750000000000000000e+00 9.605040814634951962e-02 4.544276273827701402e+02
9.000000000000000000e+00 9.873140692191424705e-02 4.507656793162191775e+02
9.250000000000000000e+00 1.014071270126500196e-01 4.473007490828915707e+02
9.500000000000000000e+00 1.040774314683925589e-01 4.440227953545419837e+02
9.750000000000000000e+00 1.067426143660928084e-01 4.409214285731206360e+02
1.000000000000000000e+01 1.094016881603517843e-01 4.379879499622366552e+02
1.025000000000000000e+01 1.120549399967908782e-01 4.352124654492760669e+02
1.050000000000000000e+01 1.147022361292460435e-01 4.325859172896982159e+02
1.075000000000000000e+01 1.173434436579548212e-01 4.300996158123064674e+02
1.100000000000000000e+01 1.199784305468803713e-01 4.277452602103286381e+02
1.125000000000000000e+01 1.226070656408089349e-01 4.255149498958023742e+02
1.150000000000000000e+01 1.252292186822445974e-01 4.234011886406389635e+02
1.175000000000000000e+01 1.278447603280063738e-01 4.213968828359002714e+02
1.200000000000000000e+01 1.304535621656693900e-01 4.194953352129638802e+02
1.225000000000000000e+01 1.330554967296964375e-01 4.176902350878762036e+02
1.250000000000000000e+01 1.356504375173628041e-01 4.159756459457065034e+02
1.275000000000000000e+01 1.382382590044116399e-01 4.143459912341830886e+02
1.300000000000000000e+01 1.408188366604712360e-01 4.127960387384857768e+02
1.325000000000000000e+01 1.433924678697131583e-01 4.113206607970964228e+02
1.350000000000000000e+01 1.459581925065516761e-01 4.099157202594427645e+02
1.375000000000000000e+01 1.485163056441394513e-01 4.085766856343496443e+02
1.400000000000000000e+01 1.510666868748359593e-01 4.072995356853483599e+02
1.425000000000000000e+01 1.536092168581209838e-01 4.060805103317018165e+02
1.450000000000000000e+01 1.561437773344561963e-01 4.049160945506266671e+02
1.475000000000000000e+01 1.586702511388282388e-01 4.038030030929053851e+02
1.500000000000000000e+01 1.611885222140605478e-01 4.027381657067878677e+02
1.525000000000000000e+01 1.636984756237963301e-01 4.017187130825817007e+02
1.550000000000000000e+01 1.661999975652550254e-01 4.007419635530899313e+02
1.575000000000000000e+01 1.686929753816675537e-01 3.998054105168697561e+02
1.600000000000000000e+01 1.711772975744429992e-01 3.989067105500270145e+02
1.625000000000000000e+01 1.736528538150618750e-01 3.980436723428857704e+02
1.650000000000000000e+01 1.761195349566541113e-01 3.972142461441362684e+02
1.675000000000000000e+01 1.785772330453111456e-01 3.964165141630065818e+02
1.700000000000000000e+01 1.810258413310949221e-01 3.956486813402150915e+02
1.725000000000000000e+01 1.834652542787677532e-01 3.949090668862724556e+02
1.750000000000000000e+01 1.858953675782071546e-01 3.941960963926202339e+02
1.775000000000000000e+01 1.883160781545398788e-01 3.935082944585792575e+02
1.800000000000000000e+01 1.907272841779924788e-01 3.928442778334673449e+02
1.825000000000000000e+01 1.931288850734123042e-01 3.922027490809995811e+02
1.850000000000000000e+01 1.955207815295136042e-01 3.915824906669425332e+02
1.875000000000000000e+01 1.979028755078295898e-01 3.909823595035419430e+02
1.900000000000000000e+01 2.002750702513367564e-01 3.904012818295706779e+02
1.925000000000000000e+01 2.026372702928112834e-01 3.898382485109532354e+02
1.950000000000000000e+01 2.049893814628667710e-01 3.892923107031227801e+02
1.975000000000000000e+01 2.073316785481470470e-01 3.887625225309555503e+02
2.000000000000000000e+01 2.096633336733451924e-01 3.882481531655668618e+02
2.025000000000000000e+01 2.119846251134252513e-01 3.877483550553539544e+02
2.050000000000000000e+01 2.142954639651609983e-01 3.872623825970279086e+02
2.075000000000000000e+01 2.165957626589094243e-01 3.867895329438133558e+02
2.100000000000000000e+01 2.188854349648507724e-01 3.863291430974031755e+02
2.125000000000000000e+01 2.211643959989068320e-01 3.858805874470244248e+02
2.150000000000000000e+01 2.234325622283771517e-01 3.854432752556733135e+02
2.175000000000000000e+01 2.256898514772643360e-01 3.850166484799168529e+02
2.200000000000000000e+01 2.279361829313039656e-01 3.846001796833544404e+02
2.225000000000000000e+01 2.301714771426838224e-01 3.841933700941343091e+02
2.250000000000000000e+01 2.323956560344868638e-01 3.837957478370842637e+02
2.275000000000000000e+01 2.346086429048030997e-01 3.834068662440812432e+02
2.300000000000000000e+01 2.368103624305851196e-01 3.830263022816764078e+02
2.325000000000000000e+01 2.390007406711660565e-01 3.826536551546304281e+02
2.350000000000000000e+01 2.411797050715140667e-01 3.822885449251052137e+02
2.375000000000000000e+01 2.433471844651739768e-01 3.819306112329904295e+02
2.400000000000000000e+01 2.455031090769340396e-01 3.815795121807815917e+02
2.425000000000000000e+01 2.476474105251705859e-01 3.812349232087631776e+02
2.450000000000000000e+01 2.497800218239497327e-01 3.808965360549734100e+02
2.475000000000000000e+01 2.519008773847953297e-01 3.805640578460863708e+02
2.500000000000000000e+01 2.540099130181910914e-01 3.802372101991401223e+02
2.525000000000000000e+01 2.561070659348068101e-01 3.799157283524262994e+02
2.550000000000000000e+01 2.581922747464198142e-01 3.795993604353428168e+02
2.575000000000000000e+01 2.602654794665735793e-01 3.792878667081772051e+02
2.600000000000000000e+01 2.623266215109442134e-01 3.789810189238163503e+02
2.625000000000000000e+01 2.643756436974381008e-01 3.786785996323799850e+02
2.650000000000000000e+01 2.664124902460153765e-01 3.783804016126900365e+02
2.675000000000000000e+01 2.684371067782335141e-01 3.780862273635684119e+02
2.700000000000000000e+01 2.704494403165231264e-01 3.777958884664767538e+02
2.725000000000000000e+01 2.724494392831963152e-01 3.775092052144202057e+02
2.750000000000000000e+01 2.744370534991885657e-01 3.772260060421621120e+02
2.775000000000000000e+01 2.764122341825439588e-01 3.769461272075440661e+02
2.800000000000000000e+01 2.783749339466219941e-01 3.766694122613582749e+02
2.825000000000000000e+01 2.803251067980634392e-01 3.763957117675065547e+02
2.850000000000000000e+01 2.822627081344967759e-01 3.761248828796386761e+02
2.875000000000000000e+01 2.841876947419811339e-01 3.758567890116692638e+02
2.900000000000000000e+01 2.861000247922158568e-01 3.755912995813817474e+02
2.925000000000000000e+01 2.879996578394858897e-01 3.753282896168612410e+02
2.950000000000000000e+01 2.898865548173772955e-01 3.750676395149757809e+02
2.975000000000000000e+01 2.917606780352339779e-01 3.748092348110002376e+02
3.000000000000000000e+01 2.936219911743997435e-01 3.745529658604017982e+02
