0.000000000000000000e+00 0.000000000000000000e+00 2.739653010217699602e+02
2.500000000000000000e-01 2.774725280921849172e-03 2.739291903638139729e+02
5.000000000000000000e-01 5.549299242964914405e-03 2.738075464755162898e+02
7.500000000000000000e-01 8.323570621952210841e-03 2.736003081804720978e+02
1.000000000000000000e+00 1.109738819839482110e-02 2.733073864301622393e+02
1.250000000000000000e+00 1.387060081964778570e-02 2.729286721019394690e+02
1.500000000000000000e+00 1.664334002771636692e-02 2.724639951637424815e+02
1.750000000000000000e+00 1.941493647423499225e-02 2.719133269692218846e+02
2.000000000000000000e+00 2.218547499880538579e-02 2.712765402490462066e+02
2.250000000000000000e+00 2.495480491929846778e-02 2.705535854099828157e+02
2.500000000000000000e+00 2.772315088885385706e-02 2.697443615255087934e+02
2.750000000000000000e+00 3.048964921515156384e-02 2.688491798219028510e+02
3.000000000000000000e+00 3.325448787811095125e-02 2.678681670569297921e+02
3.250000000000000000e+00 3.601751702369174885e-02 2.668016884315534867e+02
3.500000000000000000e+00 3.877900440306085439e-02 2.656501022196272288e+02
3.750000000000000000e+00 4.153799494763335542e-02 2.644144875124678151e+02
4.000000000000000000e+00 4.429472790942177995e-02 2.630956642493441109e+02
4.250000000000000000e+00 4.704905461579147324e-02 2.616948693131251389e+02
4.500000000000000000e+00 4.980125203705262210e-02 2.602133888290111940e+02
4.750000000000000000e+00 5.255034409778387705e-02 2.586535004412683065e+02
5.000000000000000000e+00 5.529658589757738274e-02 2.570171474088894570e+02
5.250000000000000000e+00 5.803983029289088574e-02 2.553068218886838849e+02
5.500000000000000000e+00 6.077993057793319720e-02 2.535253590841005291e+02
5.750000000000000000e+00 6.351674050577353625e-02 2.516759368923317197e+02
6.000000000000000000e+00 6.625055957372205651e-02 2.497617484700031696e+02
6.250000000000000000e+00 6.898036889061910648e-02 2.477872466671162783e+02
6.500000000000000000e+00 7.170645187310875635e-02 2.457562709834188013e+02
6.750000000000000000e+00 7.442866431012828965e-02 2.436732346634543660e+02
7.000000000000000000e+00 7.714686255269498361e-02 2.415427972675623209e+02
7.250000000000000000e+00 7.986090353405583819e-02 2.393698320893040545e+02
7.500000000000000000e+00 8.257107915409588050e-02 2.371590292896302117e+02
7.750000000000000000e+00 8.527639128181331574e-02 2.349162994154946773e+02
8.000000000000000000e+00 8.797712044684508070e-02 2.326466150264342332e+02
8.250000000000000000e+00 9.067312610490566027e-02 2.303553896192213131e+02
8.500000000000000000e+00 9.336426839254620413e-02 2.280481174114048031e+02
8.750000000000000000e+00 9.605040814634951962e-02 2.257303720797486619e+02
9.000000000000000000e+00 9.873140692191424705e-02 2.234078230951455168e+02
9.250000000000000000e+00 1.014071270126500196e-01 2.210862755892048597e+02
9.500000000000000000e+00 1.040774314683925589e-01 2.187717420095869443e+02
9.750000000000000000e+00 1.067426143660928084e-01 2.164701766115810813e+02
1.000000000000000000e+01 1.094016881603517843e-01 2.141891686282838521e+02
1.025000000000000000e+01 1.120549399967908782e-01 2.119359320525102532e+02
1.050000000000000000e+01 1.147022361292460435e-01 2.097191843152355659e+02
1.075000000000000000e+01 1.173434436579548212e-01 2.075492975668843769e+02
1.100000000000000000e+01 1.199784305468803713e-01 2.054390122387326301e+02
1.125000000000000000e+01 1.226070656408089349e-01 2.034043310700042184e+02
1.150000000000000000e+01 1.252292186822445974e-01 2.014654488449554037e+02
1.175000000000000000e+01 1.278447603280063738e-01 1.996472353286201553e+02
1.200000000000000000e+01 1.304535621656693900e-01 1.979782079367754477e+02
1.225000000000000000e+01 1.330554967296964375e-01 1.964864887382595953e+02
1.250000000000000000e+01 1.356504375173628041e-01 1.951922568453351801e+02
1.275000000000000000e+01 1.382382590044116399e-01 1.940997050071960075e+02
1.300000000000000000e+01 1.408188366604712360e-01 1.931943830033717688e+02
1.325000000000000000e+01 1.433924678697131583e-01 1.924483481534617226e+02
1.350000000000000000e+01 1.459581925065516761e-01 1.918295957135376284e+02
1.375000000000000000e+01 1.485163056441394513e-01 1.913082135786096103e+02
1.400000000000000000e+01 1.510666868748359593e-01 1.908599196555881576e+02
1.425000000000000000e+01 1.536092168581209838e-01 1.904661668911867878e+02
1.450000000000000000e+01 1.561437773344561963e-01 1.901132206169980634e+02
1.475000000000000000e+01 1.586702511388282388e-01 1.897910159008797848e+02
1.500000000000000000e+01 1.611885222140605478e-01 1.894921695249893503e+02
1.525000000000000000e+01 1.636984756237963301e-01 1.892112256068810723e+02
1.550000000000000000e+01 1.661999975652550254e-01 1.889441097345597314e+02
1.575000000000000000e+01 1.686929753816675537e-01 1.886877434421174655e+02
1.600000000000000000e+01 1.711772975744429992e-01 1.884397724066534465e+02
1.625000000000000000e+01 1.736528538150618750e-01 1.881983746893544946e+02
1.650000000000000000e+01 1.761195349566541113e-01 1.879621249134675622e+02
1.675000000000000000e+01 1.785772330453111456e-01 1.877298959758526848e+02
1.700000000000000000e+01 1.810258413310949221e-01 1.875007884279094696e+02
1.725000000000000000e+01 1.834652542787677532e-01 1.872740779464208458e+02
1.750000000000000000e+01 1.858953675782071546e-01 1.870491771240833145e+02
1.775000000000000000e+01 1.883160781545398788e-01 1.868256058441047855e+02
1.800000000000000000e+01 1.907272841779924788e-01 1.866029694970588082e+02
1.825000000000000000e+01 1.931288850734123042e-01 1.863809419848949744e+02
1.850000000000000000e+01 1.955207815295136042e-01 1.861592527561217878e+02
1.875000000000000000e+01 1.979028755078295898e-01 1.859376761405102911e+02
1.900000000000000000e+01 2.002750702513367564e-01 1.857160237494537682e+02
1.925000000000000000e+01 2.026372702928112834e-01 1.854941377638664619e+02
1.950000000000000000e+01 2.049893814628667710e-01 1.852718858140181339e+02
1.975000000000000000e+01 2.073316785481470470e-01 1.850491125547207218e+02
2.000000000000000000e+01 2.096633336733451924e-01 1.848258134314914969e+02
2.025000000000000000e+01 2.119846251134252513e-01 1.846018664958600368e+02
2.050000000000000000e+01 2.142954639651609983e-01 1.843772071154646142e+02
2.075000000000000000e+01 2.165957626589094243e-01 1.841517814379864433e+02
2.100000000000000000e+01 2.188854349648507724e-01 1.839255451566713759e+02
2.125000000000000000e+01 2.211643959989068320e-01 1.836984621113693095e+02
2.150000000000000000e+01 2.234325622283771517e-01 1.834705032865693397e+02
2.175000000000000000e+01 2.256898514772643360e-01 1.832416458431446245e+02
2.200000000000000000e+01 2.279361829313039656e-01 1.830118721175029748e+02
2.225000000000000000e+01 2.301714771426838224e-01 1.827811693102175639e+02
2.250000000000000000e+01 2.323956560344868638e-01 1.825495284476522500e+02
2.275000000000000000e+01 2.346086429048030997e-01 1.823169445364324019e+02
2.300000000000000000e+01 2.368103624305851196e-01 1.820834154484117278e+02
2.325000000000000000e+01 2.390007406711660565e-01 1.818489419802138798e+02
2.350000000000000000e+01 2.411797050715140667e-01 1.816135272643811902e+02
2.375000000000000000e+01 2.433471844651739768e-01 1.813771769890600751e+02
2.400000000000000000e+01 2.455031090769340396e-01 1.811398981490055462e+02
2.425000000000000000e+01 2.476474105251705859e-01 1.809017000108975992e+02
2.450000000000000000e+01 2.497800218239497327e-01 1.806625931539752230e+02
2.475000000000000000e+01 2.519008773847953297e-01 1.804225896081741780e+02
2.500000000000000000e+01 2.540099130181910914e-01 1.801817024367477984e+02
2.525000000000000000e+01 2.561070659348068101e-01 1.799399459451454959e+02
2.550000000000000000e+01 2.581922747464198142e-01 1.796973352853633514e+02
2.575000000000000000e+01 2.602654794665735793e-01 1.794538866660426208e+02
2.600000000000000000e+01 2.623266215109442134e-01 1.792096167156403510e+02
2.625000000000000000e+01 2.643756436974381008e-01 1.789645430778481909e+02
2.650000000000000000e+01 2.664124902460153765e-01 1.787186836541341108e+02
2.675000000000000000e+01 2.684371067782335141e-01 1.784720571234736610e+02
2.700000000000000000e+01 2.704494403165231264e-01 1.782246825848148717e+02
2.725000000000000000e+01 2.724494392831963152e-01 1.779765794169929904e+02
2.750000000000000000e+01 2.744370534991885657e-01 1.777277675686472094e+02
2.775000000000000000e+01 2.764122341825439588e-01 1.774782669047573620e+02
2.800000000000000000e+01 2.783749339466219941e-01 1.772280979451029452e+02
2.825000000000000000e+01 2.803251067980634392e-01 1.769772813012885138e+02
2.850000000000000000e+01 2.822627081344967759e-01 1.767258377191834029e+02
2.875000000000000000e+01 2.841876947419811339e-01 1.764737881041634751e+02
2.900000000000000000e+01 2.861000247922158568e-01 1.762211534924762759e+02
2.925000000000000000e+01 2.879996578394858897e-01 1.759679551415887033e+02
2.950000000000000000e+01 2.898865548173772955e-01 1.757142141602525101e+02
2.975000000000000000e+01 2.917606780352339779e-01 1.754599518382466670e+02
3.000000000000000000e+01 2.936219911743997435e-01 1.752051895162551602e+02
