0.000000000000000000e+00 -1.759631999999999863e-02 6.736512000000000171e+02
2.500000000000000139e-02 -2.063380999999999896e-02 6.027811000000000377e+02
5.000000000000000278e-02 -2.366750000000000104e-02 5.488898000000000366e+02
7.499999999999999722e-02 -2.669679000000000149e-02 5.075618999999999801e+02
1.000000000000000056e-01 -2.972108000000000042e-02 4.921857999999999720e+02
1.250000000000000000e-01 -3.273981000000000113e-02 4.890199999999999818e+02
1.499999999999999944e-01 -3.575239999999999668e-02 4.868342000000000098e+02
1.749999999999999889e-01 -3.875827999999999912e-02 4.851109999999999900e+02
2.000000000000000111e-01 -4.175689999999999957e-02 4.836797000000000253e+02
2.500000000000000000e-01 -4.773014999999999897e-02 4.813516000000000190e+02
2.999999999999999889e-01 -5.366789000000000281e-02 4.794282000000000039e+02
3.499999999999999778e-01 -5.956601999999999730e-02 4.777026999999999930e+02
4.000000000000000222e-01 -6.542061999999999877e-02 4.760604000000000156e+02
4.500000000000000111e-01 -7.122796000000000682e-02 4.744325999999999794e+02
5.000000000000000000e-01 -7.698452999999999546e-02 4.727873000000000161e+02
5.500000000000000444e-01 -8.268704000000000331e-02 4.710917000000000030e+02
5.999999999999999778e-01 -8.833241999999999483e-02 4.693371000000000208e+02
6.500000000000000222e-01 -9.391781999999999908e-02 4.675002999999999815e+02
6.999999999999999556e-01 -9.944063999999999681e-02 4.656154000000000224e+02
7.500000000000000000e-01 -1.048985000000000056e-01 4.636745000000000232e+02
8.000000000000000444e-01 -1.102892000000000039e-01 4.616865999999999985e+02
8.499999999999999778e-01 -1.156109000000000026e-01 4.596626999999999725e+02
9.000000000000000222e-01 -1.208618999999999943e-01 4.576152000000000157e+02
9.499999999999999556e-01 -1.260407000000000055e-01 4.555568000000000097e+02
1.000000000000000000e+00 -1.311460000000000126e-01 4.535000999999999749e+02
1.250000000000000000e+00 -1.555400000000000116e-01 4.436236000000000104e+02
1.500000000000000000e+00 -1.780130000000000046e-01 4.350824000000000069e+02
1.750000000000000000e+00 -1.985890999999999906e-01 4.281788999999999987e+02
2.000000000000000000e+00 -2.173527000000000098e-01 4.227565000000000168e+02
2.250000000000000000e+00 -2.344247000000000136e-01 4.185086999999999762e+02
2.500000000000000000e+00 -2.499435000000000129e-01 4.151399000000000115e+02
2.750000000000000000e+00 -2.640513999999999917e-01 4.124155999999999835e+02
3.000000000000000000e+00 -2.768874000000000057e-01 4.101637000000000057e+02
3.250000000000000000e+00 -2.885822000000000109e-01 4.082617000000000189e+02
3.500000000000000000e+00 -2.992558000000000162e-01 4.066234999999999786e+02
