0.000000000000000000e+00 -1.759631999999999863e-02 2.777311999999999870e+01
2.500000000000000139e-02 -2.063380999999999896e-02 2.498199999999999932e+01
5.000000000000000278e-02 -2.366750000000000104e-02 2.288897000000000048e+01
7.499999999999999722e-02 -2.669679000000000149e-02 2.124699000000000026e+01
1.000000000000000056e-01 -2.972108000000000042e-02 1.991566999999999865e+01
1.250000000000000000e-01 -3.273981000000000113e-02 1.880884000000000000e+01
1.499999999999999944e-01 -3.575239999999999668e-02 1.787033999999999878e+01
1.749999999999999889e-01 -3.875827999999999912e-02 1.706202000000000041e+01
2.000000000000000111e-01 -4.175689999999999957e-02 1.635658000000000101e+01
2.500000000000000000e-01 -4.773014999999999897e-02 1.517995999999999945e+01
2.999999999999999889e-01 -5.366789000000000281e-02 1.423382999999999932e+01
3.499999999999999778e-01 -5.956601999999999730e-02 1.345297000000000054e+01
4.000000000000000222e-01 -6.542061999999999877e-02 1.279504999999999981e+01
4.500000000000000111e-01 -7.122796000000000682e-02 1.223075000000000045e+01
5.000000000000000000e-01 -7.698452999999999546e-02 1.174593999999999916e+01
5.500000000000000444e-01 -8.268704000000000331e-02 1.131958999999999982e+01
5.999999999999999778e-01 -8.833241999999999483e-02 1.094305999999999912e+01
6.500000000000000222e-01 -9.391781999999999908e-02 1.059666999999999959e+01
6.999999999999999556e-01 -9.944063999999999681e-02 1.029365999999999914e+01
7.500000000000000000e-01 -1.048985000000000056e-01 1.002016000000000062e+01
8.000000000000000444e-01 -1.102892000000000039e-01 9.772043999999999286e+00
8.499999999999999778e-01 -1.156109000000000026e-01 9.545923000000000158e+00
9.000000000000000222e-01 -1.208618999999999943e-01 9.339012999999999565e+00
9.499999999999999556e-01 -1.260407000000000055e-01 9.148991000000000540e+00
1.000000000000000000e+00 -1.311460000000000126e-01 8.973902999999999963e+00
1.250000000000000000e+00 -1.555400000000000116e-01 8.272002999999999773e+00
1.500000000000000000e+00 -1.780130000000000046e-01 7.771430999999999756e+00
1.750000000000000000e+00 -1.985890999999999906e-01 7.398804000000000158e+00
2.000000000000000000e+00 -2.173527000000000098e-01 7.112205999999999584e+00
2.250000000000000000e+00 -2.344247000000000136e-01 6.885887000000000313e+00
2.500000000000000000e+00 -2.499435000000000129e-01 6.703180999999999834e+00
2.750000000000000000e+00 -2.640513999999999917e-01 6.552861000000000047e+00
3.000000000000000000e+00 -2.768874000000000057e-01 6.427126999999999590e+00
3.250000000000000000e+00 -2.885822000000000109e-01 6.320414999999999672e+00
3.500000000000000000e+00 -2.992558000000000162e-01 6.228669000000000011e+00
