0.000000000000000000e+00 -1.759631999999999863e-02 5.234822000000000344e+02
2.500000000000000139e-02 -2.063380999999999896e-02 5.080373000000000161e+02
5.000000000000000278e-02 -2.366750000000000104e-02 4.995711999999999762e+02
7.499999999999999722e-02 -2.669679000000000149e-02 4.932653000000000247e+02
1.000000000000000056e-01 -2.972108000000000042e-02 4.711911999999999807e+02
1.250000000000000000e-01 -3.273981000000000113e-02 4.445292000000000030e+02
1.499999999999999944e-01 -3.575239999999999668e-02 4.229055000000000177e+02
1.749999999999999889e-01 -3.875827999999999912e-02 4.057171000000000163e+02
2.000000000000000111e-01 -4.175689999999999957e-02 3.922574000000000183e+02
2.500000000000000000e-01 -4.773014999999999897e-02 3.739680000000000177e+02
2.999999999999999889e-01 -5.366789000000000281e-02 3.635835000000000150e+02
3.499999999999999778e-01 -5.956601999999999730e-02 3.579121999999999844e+02
4.000000000000000222e-01 -6.542061999999999877e-02 3.549648000000000252e+02
4.500000000000000111e-01 -7.122796000000000682e-02 3.535847999999999729e+02
5.000000000000000000e-01 -7.698452999999999546e-02 3.531268000000000029e+02
5.500000000000000444e-01 -8.268704000000000331e-02 3.531911999999999807e+02
5.999999999999999778e-01 -8.833241999999999483e-02 3.535566999999999780e+02
6.500000000000000222e-01 -9.391781999999999908e-02 3.540500000000000114e+02
6.999999999999999556e-01 -9.944063999999999681e-02 3.546483999999999810e+02
7.500000000000000000e-01 -1.048985000000000056e-01 3.552737000000000194e+02
8.000000000000000444e-01 -1.102892000000000039e-01 3.558942999999999870e+02
8.499999999999999778e-01 -1.156109000000000026e-01 3.564909999999999854e+02
9.000000000000000222e-01 -1.208618999999999943e-01 3.570527999999999906e+02
9.499999999999999556e-01 -1.260407000000000055e-01 3.575738999999999805e+02
1.000000000000000000e+00 -1.311460000000000126e-01 3.580514000000000010e+02
1.250000000000000000e+00 -1.555400000000000116e-01 3.598057000000000016e+02
1.500000000000000000e+00 -1.780130000000000046e-01 3.606945000000000050e+02
1.750000000000000000e+00 -1.985890999999999906e-01 3.609943999999999846e+02
2.000000000000000000e+00 -2.173527000000000098e-01 3.609126999999999725e+02
2.250000000000000000e+00 -2.344247000000000136e-01 3.605869999999999891e+02
2.500000000000000000e+00 -2.499435000000000129e-01 3.601052999999999997e+02
2.750000000000000000e+00 -2.640513999999999917e-01 3.595242999999999824e+02
3.000000000000000000e+00 -2.768874000000000057e-01 3.588806999999999903e+02
3.250000000000000000e+00 -2.885822000000000109e-01 3.581988000000000056e+02
3.500000000000000000e+00 -2.992558000000000162e-01 3.574952000000000112e+02
