0.000000000000000000e+00 -1.759631999999999863e-02 2.597884999999999991e+02
2.500000000000000139e-02 -2.063380999999999896e-02 2.586274000000000228e+02
5.000000000000000278e-02 -2.366750000000000104e-02 2.570113999999999805e+02
7.499999999999999722e-02 -2.669679000000000149e-02 2.547591999999999928e+02
1.000000000000000056e-01 -2.972108000000000042e-02 2.517161999999999864e+02
1.250000000000000000e-01 -3.273981000000000113e-02 2.477545000000000073e+02
1.499999999999999944e-01 -3.575239999999999668e-02 2.427950999999999908e+02
1.749999999999999889e-01 -3.875827999999999912e-02 2.368369000000000142e+02
2.000000000000000111e-01 -4.175689999999999957e-02 2.299710000000000036e+02
2.500000000000000000e-01 -4.773014999999999897e-02 2.142658000000000129e+02
2.999999999999999889e-01 -5.366789000000000281e-02 1.974391999999999996e+02
3.499999999999999778e-01 -5.956601999999999730e-02 1.809754000000000076e+02
4.000000000000000222e-01 -6.542061999999999877e-02 1.657801000000000045e+02
4.500000000000000111e-01 -7.122796000000000682e-02 1.530912999999999897e+02
5.000000000000000000e-01 -7.698452999999999546e-02 1.484493999999999971e+02
5.500000000000000444e-01 -8.268704000000000331e-02 1.468703999999999894e+02
5.999999999999999778e-01 -8.833241999999999483e-02 1.455099999999999909e+02
6.500000000000000222e-01 -9.391781999999999908e-02 1.441323999999999899e+02
6.999999999999999556e-01 -9.944063999999999681e-02 1.427219000000000051e+02
7.500000000000000000e-01 -1.048985000000000056e-01 1.412489999999999952e+02
8.000000000000000444e-01 -1.102892000000000039e-01 1.397081000000000017e+02
8.499999999999999778e-01 -1.156109000000000026e-01 1.380982999999999947e+02
9.000000000000000222e-01 -1.208618999999999943e-01 1.364217999999999904e+02
9.499999999999999556e-01 -1.260407000000000055e-01 1.346829999999999927e+02
1.000000000000000000e+00 -1.311460000000000126e-01 1.328874000000000137e+02
1.250000000000000000e+00 -1.555400000000000116e-01 1.233111999999999995e+02
1.500000000000000000e+00 -1.780130000000000046e-01 1.134231999999999942e+02
1.750000000000000000e+00 -1.985890999999999906e-01 1.039775000000000063e+02
2.000000000000000000e+00 -2.173527000000000098e-01 9.539507999999999299e+01
2.250000000000000000e+00 -2.344247000000000136e-01 8.782117999999999824e+01
2.500000000000000000e+00 -2.499435000000000129e-01 8.123712999999999340e+01
2.750000000000000000e+00 -2.640513999999999917e-01 7.554882999999999527e+01
3.000000000000000000e+00 -2.768874000000000057e-01 7.063830000000000098e+01
3.250000000000000000e+00 -2.885822000000000109e-01 6.638927999999999940e+01
3.500000000000000000e+00 -2.992558000000000162e-01 6.269762000000000057e+01
