5.151697658120752939e-05 1.950180000000000007e+02
2.061497344246519337e-04 1.950181000000000040e+02
4.641440547367910478e-04 1.950182000000000073e+02
8.259917325865124898e-04 1.950183000000000106e+02
1.292237403537972685e-03 1.950183000000000106e+02
1.863660913899773189e-03 1.950184000000000140e+02
2.541221415231207249e-03 1.950183000000000106e+02
3.326038812435106948e-03 1.950181000000000040e+02
4.219412664838523286e-03 1.950176999999999907e+02
5.222812193263620673e-03 1.950169999999999959e+02
6.337887200526790867e-03 1.950158999999999878e+02
7.566461062167604418e-03 1.950143999999999949e+02
8.910532668331446263e-03 1.950124000000000137e+02
1.037227538669878088e-02 1.950097000000000094e+02
1.195404795743891350e-02 1.950062000000000069e+02
1.365837153009445172e-02 1.950018000000000029e+02
1.548794454026340695e-02 1.949962999999999909e+02
1.744563366941591365e-02 1.949894999999999925e+02
1.953448376535507625e-02 1.949812000000000012e+02
2.175769780327740585e-02 1.949713000000000136e+02
2.411863683173630368e-02 1.949593999999999880e+02
2.662080992964020038e-02 1.949454000000000065e+02
2.926787411561059676e-02 1.949290000000000020e+02
3.206360438195783591e-02 1.949096999999999866e+02
3.512628399631773785e-02 1.948865000000000123e+02
3.825392679523385159e-02 1.948605000000000018e+02
4.154568986547645115e-02 1.948305000000000007e+02
4.500636606285150776e-02 1.947960999999999956e+02
4.863997963930635077e-02 1.947567999999999984e+02
5.245128945977052537e-02 1.947120999999999924e+02
5.644480329233907134e-02 1.946613999999999862e+02
6.062490720899642305e-02 1.946040999999999883e+02
6.506022584690306088e-02 1.945383999999999958e+02
6.963778053842438476e-02 1.944654999999999916e+02
7.441539633345284344e-02 1.943837000000000046e+02
7.939655416133507837e-02 1.942921000000000049e+02
8.458405612709997412e-02 1.941898999999999944e+02
8.998026450231494389e-02 1.940760999999999967e+02
9.558681342128248770e-02 1.939495000000000005e+02
1.014044200485418046e-01 1.938089999999999975e+02
1.074732776681933122e-01 1.936521999999999935e+02
1.137162169684305391e-01 1.934793999999999983e+02
1.201663107334130093e-01 1.932875999999999976e+02
1.268197278408345063e-01 1.930733999999999924e+02
1.336710464816342758e-01 1.928298000000000059e+02
1.407135535413411853e-01 1.925341999999999985e+02
1.479387475485931802e-01 1.920169999999999959e+02
1.553367380245743168e-01 1.887757000000000005e+02
1.628958473537581997e-01 1.832206999999999937e+02
1.706030103948121268e-01 1.775992999999999995e+02
1.784436751225943196e-01 1.720754000000000019e+02
1.864019024219353005e-01 1.666939999999999884e+02
1.944606652075145381e-01 1.614808999999999912e+02
2.026019481304860426e-01 1.564534999999999911e+02
2.108070454781745540e-01 1.516230999999999938e+02
2.190565612612312418e-01 1.469968000000000075e+02
2.273311054168978829e-01 1.425777999999999963e+02
2.356111937537582190e-01 1.383660999999999888e+02
2.438774454475626519e-01 1.343598000000000070e+02
2.521112801160498851e-01 1.305544999999999902e+02
