5.151697658120752939e-05 5.567142999999999802e+02
2.061497344246519337e-04 5.567142000000000053e+02
4.641440547367910478e-04 5.567138999999999669e+02
8.259917325865124898e-04 5.567132000000000289e+02
1.292237403537972685e-03 5.567119999999999891e+02
1.863660913899773189e-03 5.567097999999999729e+02
2.541221415231207249e-03 5.567065000000000055e+02
3.326038812435106948e-03 5.567014000000000351e+02
4.219412664838523286e-03 5.566939999999999600e+02
5.222812193263620673e-03 5.566837000000000444e+02
6.337887200526790867e-03 5.566698000000000093e+02
7.566461062167604418e-03 5.566513999999999669e+02
8.910532668331446263e-03 5.566275000000000546e+02
1.037227538669878088e-02 5.565969000000000051e+02
1.195404795743891350e-02 5.565582000000000562e+02
1.365837153009445172e-02 5.565096999999999525e+02
1.548794454026340695e-02 5.564494999999999436e+02
1.744563366941591365e-02 5.563750999999999749e+02
1.953448376535507625e-02 5.562833000000000538e+02
2.175769780327740585e-02 5.561702000000000226e+02
2.411863683173630368e-02 5.560302000000000362e+02
2.662080992964020038e-02 5.558555999999999813e+02
2.926787411561059676e-02 5.556349999999999909e+02
3.206360438195783591e-02 5.553501999999999725e+02
3.512628399631773785e-02 5.549524000000000115e+02
3.825392679523385159e-02 5.544061000000000377e+02
4.154568986547645115e-02 5.535656999999999925e+02
4.500636606285150776e-02 5.520929999999999609e+02
4.863997963930635077e-02 5.490569000000000415e+02
5.245128945977052537e-02 5.426626999999999725e+02
5.644480329233907134e-02 5.326761000000000195e+02
6.062490720899642305e-02 5.209797999999999547e+02
6.506022584690306088e-02 5.086075000000000159e+02
6.963778053842438476e-02 4.963999999999999773e+02
7.441539633345284344e-02 4.844535999999999945e+02
7.939655416133507837e-02 4.729225000000000136e+02
8.458405612709997412e-02 4.619187000000000012e+02
8.998026450231494389e-02 4.515237000000000194e+02
9.558681342128248770e-02 4.417957999999999856e+02
1.014044200485418046e-01 4.327728000000000179e+02
1.074732776681933122e-01 4.244205000000000041e+02
1.137162169684305391e-01 4.168437999999999874e+02
1.201663107334130093e-01 4.099743000000000279e+02
1.268197278408345063e-01 4.037821999999999889e+02
1.336710464816342758e-01 3.982275000000000205e+02
1.407135535413411853e-01 3.932633000000000152e+02
1.479387475485931802e-01 3.888389000000000237e+02
1.553367380245743168e-01 3.849023000000000252e+02
1.628958473537581997e-01 3.814026999999999816e+02
1.706030103948121268e-01 3.782914000000000101e+02
1.784436751225943196e-01 3.755231999999999744e+02
1.864019024219353005e-01 3.730570000000000164e+02
1.944606652075145381e-01 3.708553999999999746e+02
2.026019481304860426e-01 3.688852999999999724e+02
2.108070454781745540e-01 3.671173000000000002e+02
2.190565612612312418e-01 3.655239000000000260e+02
2.273311054168978829e-01 3.640794999999999959e+02
2.356111937537582190e-01 3.627685000000000173e+02
2.438774454475626519e-01 3.615735999999999990e+02
2.521112801160498851e-01 3.604798000000000116e+02
