5.151697658120752939e-05 7.155335999999999785e+02
2.061497344246519337e-04 7.155277999999999565e+02
4.641440547367910478e-04 7.155046999999999571e+02
8.259917325865124898e-04 7.154444999999999482e+02
1.292237403537972685e-03 7.153188999999999851e+02
1.863660913899773189e-03 7.150914999999999964e+02
2.541221415231207249e-03 7.147178000000000111e+02
3.326038812435106948e-03 7.141449000000000069e+02
4.219412664838523286e-03 7.133129000000000133e+02
5.222812193263620673e-03 7.121547000000000480e+02
6.337887200526790867e-03 7.105986000000000331e+02
7.566461062167604418e-03 7.085692999999999984e+02
8.910532668331446263e-03 7.059908000000000357e+02
1.037227538669878088e-02 7.027898999999999887e+02
1.195404795743891350e-02 6.988989000000000260e+02
1.365837153009445172e-02 6.942595000000000027e+02
1.548794454026340695e-02 6.888257999999999583e+02
1.744563366941591365e-02 6.825670999999999822e+02
1.953448376535507625e-02 6.754697999999999638e+02
2.175769780327740585e-02 6.675386999999999489e+02
2.411863683173630368e-02 6.587971000000000004e+02
2.662080992964020038e-02 6.492872999999999593e+02
2.926787411561059676e-02 6.390705000000000382e+02
3.206360438195783591e-02 6.282281000000000404e+02
3.512628399631773785e-02 6.164267999999999574e+02
3.825392679523385159e-02 6.046163999999999987e+02
4.154568986547645115e-02 5.926557000000000244e+02
4.500636606285150776e-02 5.809809999999999945e+02
4.863997963930635077e-02 5.706292999999999438e+02
5.245128945977052537e-02 5.635010999999999513e+02
5.644480329233907134e-02 5.599380999999999631e+02
6.062490720899642305e-02 5.581639999999999873e+02
6.506022584690306088e-02 5.570589999999999691e+02
6.963778053842438476e-02 5.562419999999999618e+02
7.441539633345284344e-02 5.555389999999999873e+02
7.939655416133507837e-02 5.548781000000000176e+02
8.458405612709997412e-02 5.542213000000000420e+02
8.998026450231494389e-02 5.535457000000000107e+02
9.558681342128248770e-02 5.528360999999999876e+02
1.014044200485418046e-01 5.520814000000000306e+02
1.074732776681933122e-01 5.512672999999999774e+02
1.137162169684305391e-01 5.503966000000000349e+02
1.201663107334130093e-01 5.494583999999999833e+02
1.268197278408345063e-01 5.484474000000000160e+02
1.336710464816342758e-01 5.473588999999999487e+02
1.407135535413411853e-01 5.461888000000000147e+02
1.479387475485931802e-01 5.449337000000000444e+02
1.553367380245743168e-01 5.435910999999999831e+02
1.628958473537581997e-01 5.421589999999999918e+02
1.706030103948121268e-01 5.406362000000000307e+02
1.784436751225943196e-01 5.390225000000000364e+02
1.864019024219353005e-01 5.373183999999999969e+02
1.944606652075145381e-01 5.355252000000000407e+02
2.026019481304860426e-01 5.336453999999999951e+02
2.108070454781745540e-01 5.316819000000000415e+02
2.190565612612312418e-01 5.296387999999999465e+02
2.273311054168978829e-01 5.275204999999999700e+02
2.356111937537582190e-01 5.253324999999999818e+02
2.438774454475626519e-01 5.230804000000000542e+02
2.521112801160498851e-01 5.207703999999999951e+02
