5.151697658120752939e-05 2.956356999999999857e+01
2.061497344246519337e-04 2.956369000000000113e+01
4.641440547367910478e-04 2.956388000000000105e+01
8.259917325865124898e-04 2.956413999999999831e+01
1.292237403537972685e-03 2.956447999999999965e+01
1.863660913899773189e-03 2.956490000000000151e+01
2.541221415231207249e-03 2.956539000000000073e+01
3.326038812435106948e-03 2.956595000000000084e+01
4.219412664838523286e-03 2.956659000000000148e+01
5.222812193263620673e-03 2.956728999999999985e+01
6.337887200526790867e-03 2.956806999999999874e+01
7.566461062167604418e-03 2.956890999999999892e+01
8.910532668331446263e-03 2.956981999999999999e+01
1.037227538669878088e-02 2.957078999999999880e+01
1.195404795743891350e-02 2.957181999999999888e+01
1.365837153009445172e-02 2.957290000000000063e+01
1.548794454026340695e-02 2.957404000000000011e+01
1.744563366941591365e-02 2.957523000000000124e+01
1.953448376535507625e-02 2.957646000000000086e+01
2.175769780327740585e-02 2.957773999999999859e+01
2.411863683173630368e-02 2.957903999999999911e+01
2.662080992964020038e-02 2.958036999999999850e+01
2.926787411561059676e-02 2.958172000000000068e+01
3.206360438195783591e-02 2.958307999999999893e+01
3.512628399631773785e-02 2.958458999999999861e+01
3.825392679523385159e-02 2.958596999999999966e+01
4.154568986547645115e-02 2.958733000000000146e+01
4.500636606285150776e-02 2.958865000000000123e+01
4.863997963930635077e-02 2.958992999999999896e+01
5.245128945977052537e-02 2.959114999999999895e+01
5.644480329233907134e-02 2.959226999999999919e+01
6.062490720899642305e-02 2.959329999999999927e+01
6.506022584690306088e-02 2.959427000000000163e+01
6.963778053842438476e-02 2.959503000000000128e+01
7.441539633345284344e-02 2.959561000000000064e+01
7.939655416133507837e-02 2.959597000000000122e+01
8.458405612709997412e-02 2.959609000000000023e+01
8.998026450231494389e-02 2.959591999999999956e+01
9.558681342128248770e-02 2.959543999999999997e+01
1.014044200485418046e-01 2.959457000000000093e+01
1.074732776681933122e-01 2.959331999999999852e+01
1.137162169684305391e-01 2.959157000000000082e+01
1.201663107334130093e-01 2.958930000000000149e+01
1.268197278408345063e-01 2.958643999999999963e+01
1.336710464816342758e-01 2.958292000000000144e+01
1.407135535413411853e-01 2.957870000000000132e+01
1.479387475485931802e-01 2.957368999999999915e+01
1.553367380245743168e-01 2.956782000000000110e+01
1.628958473537581997e-01 2.956101999999999919e+01
1.706030103948121268e-01 2.955320999999999998e+01
1.784436751225943196e-01 2.954432999999999865e+01
1.864019024219353005e-01 2.953428999999999860e+01
1.944606652075145381e-01 2.952302999999999855e+01
2.026019481304860426e-01 2.951045999999999836e+01
2.108070454781745540e-01 2.949652000000000029e+01
2.190565612612312418e-01 2.948113000000000028e+01
2.273311054168978829e-01 2.946424000000000021e+01
2.356111937537582190e-01 2.944577999999999918e+01
2.438774454475626519e-01 2.942568999999999946e+01
2.521112801160498851e-01 2.940391999999999939e+01
