5.151697658120752939e-05 2.754671000000000163e+02
2.061497344246519337e-04 2.754671999999999912e+02
4.641440547367910478e-04 2.754669999999999845e+02
8.259917325865124898e-04 2.754658000000000015e+02
1.292237403537972685e-03 2.754628999999999905e+02
1.863660913899773189e-03 2.754569999999999936e+02
2.541221415231207249e-03 2.754467999999999961e+02
3.326038812435106948e-03 2.754304999999999950e+02
4.219412664838523286e-03 2.754062999999999874e+02
5.222812193263620673e-03 2.753718000000000075e+02
6.337887200526790867e-03 2.753244000000000256e+02
7.566461062167604418e-03 2.752610999999999990e+02
8.910532668331446263e-03 2.751784999999999854e+02
1.037227538669878088e-02 2.750727999999999724e+02
1.195404795743891350e-02 2.749397999999999911e+02
1.365837153009445172e-02 2.747746000000000208e+02
1.548794454026340695e-02 2.745719000000000278e+02
1.744563366941591365e-02 2.743258999999999901e+02
1.953448376535507625e-02 2.740298000000000229e+02
2.175769780327740585e-02 2.736763000000000261e+02
2.411863683173630368e-02 2.732572000000000116e+02
2.662080992964020038e-02 2.727635000000000218e+02
2.926787411561059676e-02 2.721849000000000274e+02
3.206360438195783591e-02 2.715102999999999724e+02
3.512628399631773785e-02 2.706947000000000116e+02
3.825392679523385159e-02 2.697792000000000030e+02
4.154568986547645115e-02 2.687237999999999829e+02
4.500636606285150776e-02 2.675111999999999739e+02
4.863997963930635077e-02 2.661229000000000156e+02
5.245128945977052537e-02 2.645389000000000124e+02
5.644480329233907134e-02 2.627379000000000246e+02
6.062490720899642305e-02 2.606976999999999975e+02
6.506022584690306088e-02 2.583598999999999819e+02
6.963778053842438476e-02 2.557649000000000115e+02
7.441539633345284344e-02 2.528641000000000076e+02
7.939655416133507837e-02 2.496401999999999930e+02
8.458405612709997412e-02 2.460808000000000106e+02
8.998026450231494389e-02 2.421800000000000068e+02
9.558681342128248770e-02 2.379402000000000044e+02
1.014044200485418046e-01 2.333729999999999905e+02
1.074732776681933122e-01 2.284670999999999879e+02
1.137162169684305391e-01 2.233168000000000006e+02
1.201663107334130093e-01 2.179341000000000008e+02
1.268197278408345063e-01 2.123679999999999950e+02
1.336710464816342758e-01 2.066750999999999863e+02
1.407135535413411853e-01 2.009291000000000054e+02
1.479387475485931802e-01 1.953494000000000028e+02
1.553367380245743168e-01 1.924858999999999867e+02
1.628958473537581997e-01 1.919703000000000088e+02
1.706030103948121268e-01 1.915928999999999860e+02
1.784436751225943196e-01 1.912209000000000003e+02
1.864019024219353005e-01 1.908349000000000046e+02
1.944606652075145381e-01 1.904291000000000054e+02
2.026019481304860426e-01 1.900011000000000081e+02
2.108070454781745540e-01 1.895499000000000080e+02
2.190565612612312418e-01 1.890749000000000137e+02
2.273311054168978829e-01 1.885760999999999967e+02
2.356111937537582190e-01 1.880535999999999888e+02
2.438774454475626519e-01 1.875076999999999998e+02
2.521112801160498851e-01 1.869389999999999930e+02
