0.000000000000000000e+00 -1.754121000000000152e-02 2.793629999999999924e+01
1.458333333333333426e-01 -3.523980000000000168e-02 1.804864999999999853e+01
2.916666666666666852e-01 -5.272335000000000216e-02 1.438292999999999999e+01
4.375000000000000000e-01 -6.988914999999999711e-02 1.235527000000000086e+01
5.833333333333333703e-01 -8.664611999999999314e-02 1.103931000000000040e+01
7.291666666666667407e-01 -1.029170999999999975e-01 1.010784999999999911e+01
8.750000000000000000e-01 -1.186399999999999955e-01 9.411711000000000382e+00
1.020833333333333481e+00 -1.337683000000000066e-01 8.871669999999999945e+00
1.166666666666666741e+00 -1.482700999999999880e-01 8.441178000000000736e+00
1.312500000000000000e+00 -1.621267000000000125e-01 8.090723000000000553e+00
1.458333333333333481e+00 -1.753312999999999955e-01 7.800657000000000174e+00
1.604166666666666741e+00 -1.878868999999999956e-01 7.557225999999999999e+00
1.750000000000000000e+00 -1.998041999999999874e-01 7.350533000000000428e+00
1.895833333333333481e+00 -2.111002999999999907e-01 7.173239999999999839e+00
2.041666666666666963e+00 -2.217966000000000104e-01 7.019794000000000089e+00
2.187500000000000000e+00 -2.319178000000000073e-01 6.885914999999999786e+00
2.333333333333333481e+00 -2.414905999999999997e-01 6.768252000000000379e+00
2.479166666666666963e+00 -2.505427000000000071e-01 6.664145000000000429e+00
2.625000000000000000e+00 -2.591023000000000076e-01 6.571463999999999750e+00
2.770833333333333481e+00 -2.671973000000000265e-01 6.488482999999999556e+00
2.916666666666666963e+00 -2.748550000000000160e-01 6.413785999999999987e+00
3.062500000000000000e+00 -2.821019000000000165e-01 6.346212000000000408e+00
3.208333333333333481e+00 -2.889634999999999843e-01 6.284802000000000000e+00
3.354166666666666963e+00 -2.954636999999999958e-01 6.228741000000000305e+00
3.500000000000000000e+00 -3.016254999999999908e-01 6.177357999999999905e+00
