0.000000000000000000e+00 -1.754121000000000152e-02 2.602991000000000099e+02
2.348993288590604106e-02 -2.040200000000000000e-02 2.590518000000000143e+02
4.697986577181208212e-02 -2.325961000000000001e-02 2.574150000000000205e+02
7.046979865771813012e-02 -2.611354999999999926e-02 2.551992999999999938e+02
9.395973154362416424e-02 -2.896336999999999870e-02 2.522556999999999903e+02
1.174496644295301984e-01 -3.180859999999999937e-02 2.484620999999999924e+02
1.409395973154362602e-01 -3.464877999999999708e-02 2.437391000000000076e+02
1.644295302013422944e-01 -3.748346000000000316e-02 2.380728000000000009e+02
1.879194630872483285e-01 -4.031218000000000301e-02 2.315306999999999960e+02
2.114093959731543626e-01 -4.313452000000000258e-02 2.242576999999999998e+02
2.348993288590603967e-01 -4.595002000000000114e-02 2.164515000000000100e+02
2.583892617449664586e-01 -4.875825999999999771e-02 2.083260999999999967e+02
2.818791946308725205e-01 -5.155880999999999659e-02 2.000805000000000007e+02
3.053691275167785268e-01 -5.435127000000000014e-02 1.918805999999999869e+02
3.288590604026845887e-01 -5.713523999999999686e-02 1.838537000000000035e+02
3.523489932885905951e-01 -5.991028999999999799e-02 1.760938999999999908e+02
3.758389261744966570e-01 -6.267604000000000231e-02 1.686740000000000066e+02
3.993288590604027188e-01 -6.543211999999999640e-02 1.616749000000000080e+02
4.228187919463087252e-01 -6.817815000000000680e-02 1.553083000000000027e+02
4.463087248322147871e-01 -7.091376000000000623e-02 1.506250000000000000e+02
4.697986577181207934e-01 -7.363860999999999324e-02 1.487425000000000068e+02
4.932885906040268553e-01 -7.635234999999999939e-02 1.478309999999999889e+02
5.167785234899329172e-01 -7.905463000000000073e-02 1.471202999999999861e+02
5.402684563758389791e-01 -8.174513999999999392e-02 1.464681999999999960e+02
5.637583892617450410e-01 -8.442355999999999472e-02 1.458352999999999895e+02
5.872483221476509918e-01 -8.708957999999999977e-02 1.452058000000000106e+02
6.107382550335570537e-01 -8.974292000000000380e-02 1.445723000000000127e+02
6.342281879194631156e-01 -9.238327999999999818e-02 1.439303999999999917e+02
6.577181208053691774e-01 -9.501038000000000538e-02 1.432775000000000034e+02
6.812080536912752393e-01 -9.762398999999999383e-02 1.426118999999999915e+02
7.046979865771811902e-01 -1.002238000000000018e-01 1.419324000000000012e+02
7.281879194630872520e-01 -1.028096000000000010e-01 1.412383000000000095e+02
7.516778523489933139e-01 -1.053811999999999943e-01 1.405290999999999997e+02
7.751677852348993758e-01 -1.079383000000000009e-01 1.398044999999999902e+02
7.986577181208054377e-01 -1.104808000000000040e-01 1.390645000000000095e+02
8.221476510067113885e-01 -1.130083999999999950e-01 1.383092000000000041e+02
8.456375838926174504e-01 -1.155208999999999958e-01 1.375388000000000090e+02
8.691275167785235123e-01 -1.180181000000000008e-01 1.367536000000000058e+02
8.926174496644295742e-01 -1.204998999999999931e-01 1.359539000000000044e+02
9.161073825503356360e-01 -1.229661999999999977e-01 1.351402999999999963e+02
9.395973154362415869e-01 -1.254166999999999921e-01 1.343134000000000015e+02
9.630872483221476488e-01 -1.278514000000000039e-01 1.334737000000000080e+02
9.865771812080537106e-01 -1.302700999999999998e-01 1.326219000000000108e+02
1.010067114093959662e+00 -1.326726000000000016e-01 1.317587000000000046e+02
1.033557046979865834e+00 -1.350589000000000095e-01 1.308849999999999909e+02
1.057046979865771785e+00 -1.374287999999999899e-01 1.300012999999999863e+02
1.080536912751677958e+00 -1.397824000000000011e-01 1.291085999999999956e+02
1.104026845637583909e+00 -1.421194000000000068e-01 1.282075000000000102e+02
1.127516778523490082e+00 -1.444398000000000071e-01 1.272990999999999957e+02
1.151006711409396033e+00 -1.467434999999999989e-01 1.263840000000000003e+02
1.174496644295301984e+00 -1.490305000000000102e-01 1.254629999999999939e+02
1.197986577181208157e+00 -1.513008000000000131e-01 1.245370999999999952e+02
1.221476510067114107e+00 -1.535542000000000018e-01 1.236068999999999960e+02
1.244966442953020280e+00 -1.557907000000000042e-01 1.226732999999999976e+02
1.268456375838926231e+00 -1.580103999999999953e-01 1.217372000000000014e+02
1.291946308724832182e+00 -1.602130999999999972e-01 1.207990999999999957e+02
1.315436241610738355e+00 -1.623989999999999878e-01 1.198598999999999961e+02
1.338926174496644306e+00 -1.645678999999999892e-01 1.189204000000000008e+02
1.362416107382550479e+00 -1.667198000000000013e-01 1.179810999999999979e+02
1.385906040268456429e+00 -1.688547999999999993e-01 1.170427999999999997e+02
1.409395973154362380e+00 -1.709729000000000110e-01 1.161060999999999979e+02
1.432885906040268553e+00 -1.730741000000000085e-01 1.151715999999999980e+02
1.456375838926174504e+00 -1.751583999999999919e-01 1.142399999999999949e+02
1.479865771812080677e+00 -1.772257999999999889e-01 1.133117000000000019e+02
1.503355704697986628e+00 -1.792764000000000024e-01 1.123872999999999962e+02
1.526845637583892579e+00 -1.813102000000000047e-01 1.114673999999999978e+02
1.550335570469798752e+00 -1.833272999999999986e-01 1.105523000000000025e+02
1.573825503355704702e+00 -1.853277000000000119e-01 1.096426000000000016e+02
1.597315436241610875e+00 -1.873113999999999890e-01 1.087386000000000053e+02
1.620805369127516826e+00 -1.892784999999999884e-01 1.078406999999999982e+02
1.644295302013422777e+00 -1.912291999999999881e-01 1.069492999999999938e+02
1.667785234899328950e+00 -1.931633000000000100e-01 1.060648000000000053e+02
1.691275167785234901e+00 -1.950811000000000073e-01 1.051872999999999934e+02
1.714765100671141074e+00 -1.969825000000000048e-01 1.043173000000000030e+02
1.738255033557047025e+00 -1.988677000000000084e-01 1.034548999999999950e+02
1.761744966442952975e+00 -2.007366999999999901e-01 1.026004999999999967e+02
1.785234899328859148e+00 -2.025896000000000086e-01 1.017540999999999940e+02
1.808724832214765099e+00 -2.044266000000000139e-01 1.009159999999999968e+02
1.832214765100671272e+00 -2.062476000000000032e-01 1.000863999999999976e+02
1.855704697986577223e+00 -2.080528000000000100e-01 9.926539999999999964e+01
1.879194630872483174e+00 -2.098422000000000065e-01 9.845314000000000476e+01
1.902684563758389347e+00 -2.116161000000000014e-01 9.764972000000000207e+01
1.926174496644295298e+00 -2.133742999999999890e-01 9.685526000000000124e+01
1.949664429530201470e+00 -2.151172000000000084e-01 9.606981000000000392e+01
1.973154362416107421e+00 -2.168447000000000013e-01 9.529345000000000709e+01
1.996644295302013594e+00 -2.185570000000000013e-01 9.452621999999999503e+01
2.020134228187919323e+00 -2.202541000000000082e-01 9.376815999999999462e+01
2.043624161073825718e+00 -2.219362000000000001e-01 9.301930000000000121e+01
2.067114093959731669e+00 -2.236034000000000077e-01 9.227964000000000055e+01
2.090604026845637620e+00 -2.252558000000000060e-01 9.154918999999999585e+01
2.114093959731543571e+00 -2.268934999999999980e-01 9.082792999999999495e+01
2.137583892617449521e+00 -2.285165999999999864e-01 9.011584000000000572e+01
2.161073825503355916e+00 -2.301253000000000049e-01 8.941290999999999656e+01
2.184563758389261867e+00 -2.317195999999999978e-01 8.871908000000000527e+01
2.208053691275167818e+00 -2.332995999999999959e-01 8.803432999999999709e+01
2.231543624161073769e+00 -2.348655000000000048e-01 8.735859000000000663e+01
2.255033557046980164e+00 -2.364173999999999998e-01 8.669182000000000698e+01
2.278523489932886115e+00 -2.379554000000000114e-01 8.603394000000000119e+01
2.302013422818792066e+00 -2.394795999999999869e-01 8.538488999999999862e+01
2.325503355704698016e+00 -2.409901000000000126e-01 8.474460000000000548e+01
2.348993288590603967e+00 -2.424871000000000110e-01 8.411298999999999637e+01
2.372483221476510362e+00 -2.439707000000000126e-01 8.348998000000000275e+01
2.395973154362416313e+00 -2.454408999999999896e-01 8.287548999999999921e+01
2.419463087248322264e+00 -2.468980000000000063e-01 8.226942999999999984e+01
2.442953020134228215e+00 -2.483419000000000043e-01 8.167170000000000130e+01
2.466442953020134166e+00 -2.497729999999999950e-01 8.108222000000000662e+01
2.489932885906040561e+00 -2.511911000000000005e-01 8.050088999999999828e+01
2.513422818791946511e+00 -2.525966000000000045e-01 7.992762000000000455e+01
2.536912751677852462e+00 -2.539893999999999763e-01 7.936230000000000473e+01
2.560402684563758413e+00 -2.553697999999999801e-01 7.880482999999999549e+01
2.583892617449664364e+00 -2.567378000000000160e-01 7.825512000000000512e+01
2.607382550335570759e+00 -2.580934999999999757e-01 7.771305999999999869e+01
2.630872483221476710e+00 -2.594370999999999761e-01 7.717856000000000449e+01
2.654362416107382661e+00 -2.607686000000000170e-01 7.665149999999999864e+01
2.677852348993288611e+00 -2.620882999999999963e-01 7.613178000000000623e+01
2.701342281879194562e+00 -2.633961000000000219e-01 7.561930999999999869e+01
2.724832214765100957e+00 -2.646922999999999915e-01 7.511397999999999797e+01
2.748322147651006908e+00 -2.659769000000000161e-01 7.461567999999999756e+01
2.771812080536912859e+00 -2.672500999999999904e-01 7.412431999999999732e+01
2.795302013422818810e+00 -2.685119000000000256e-01 7.363978000000000179e+01
2.818791946308724761e+00 -2.697625000000000162e-01 7.316196999999999662e+01
2.842281879194631156e+00 -2.710020000000000207e-01 7.269078000000000372e+01
2.865771812080537106e+00 -2.722304999999999864e-01 7.222612999999999772e+01
2.889261744966443057e+00 -2.734481000000000273e-01 7.176788999999999419e+01
2.912751677852349008e+00 -2.746548999999999796e-01 7.131598999999999933e+01
2.936241610738254959e+00 -2.758510000000000129e-01 7.087030000000000030e+01
2.959731543624161354e+00 -2.770366000000000217e-01 7.043076000000000647e+01
2.983221476510067305e+00 -2.782117000000000062e-01 6.999724000000000501e+01
3.006711409395973256e+00 -2.793765000000000276e-01 6.956965999999999894e+01
3.030201342281879207e+00 -2.805309999999999748e-01 6.914791999999999916e+01
3.053691275167785157e+00 -2.816754000000000202e-01 6.873193000000000552e+01
3.077181208053691552e+00 -2.828096999999999972e-01 6.832160000000000366e+01
3.100671140939597503e+00 -2.839342000000000255e-01 6.791683999999999344e+01
3.124161073825503454e+00 -2.850486999999999882e-01 6.751754999999999995e+01
3.147651006711409405e+00 -2.861536000000000080e-01 6.712363999999999464e+01
3.171140939597315356e+00 -2.872488000000000263e-01 6.673503999999999792e+01
3.194630872483221751e+00 -2.883344999999999936e-01 6.635165000000000646e+01
3.218120805369127702e+00 -2.894108000000000236e-01 6.597338999999999487e+01
3.241610738255033652e+00 -2.904777000000000053e-01 6.560017000000000564e+01
3.265100671140939603e+00 -2.915354000000000001e-01 6.523192000000000235e+01
3.288590604026845554e+00 -2.925840000000000107e-01 6.486853999999999587e+01
3.312080536912751949e+00 -2.936234999999999817e-01 6.450996000000000663e+01
3.335570469798657900e+00 -2.946540999999999744e-01 6.415610999999999819e+01
3.359060402684563851e+00 -2.956757999999999886e-01 6.380689999999999884e+01
3.382550335570469802e+00 -2.966887999999999748e-01 6.346224999999999739e+01
3.406040268456375752e+00 -2.976930999999999883e-01 6.312210000000000321e+01
3.429530201342282147e+00 -2.986888999999999794e-01 6.278636999999999802e+01
3.453020134228188098e+00 -2.996761000000000008e-01 6.245497999999999905e+01
3.476510067114094049e+00 -3.006550000000000056e-01 6.212787000000000148e+01
3.500000000000000000e+00 -3.016254999999999908e-01 6.180496000000000123e+01
