0.000000000000000000e+00 -1.754121000000000152e-02 1.847501000000000033e+02
1.458333333333333426e-01 -3.523980000000000168e-02 1.582521999999999878e+02
2.916666666666666852e-01 -5.272335000000000216e-02 1.522124000000000024e+02
4.375000000000000000e-01 -6.988914999999999711e-02 1.469150999999999954e+02
5.833333333333333703e-01 -8.664611999999999314e-02 1.165861000000000018e+02
7.291666666666667407e-01 -1.029170999999999975e-01 9.332165000000000532e+01
8.750000000000000000e-01 -1.186399999999999955e-01 7.677788999999999930e+01
1.020833333333333481e+00 -1.337683000000000066e-01 6.469814999999999827e+01
1.166666666666666741e+00 -1.482700999999999880e-01 5.563427999999999685e+01
1.312500000000000000e+00 -1.621267000000000125e-01 4.866295000000000215e+01
1.458333333333333481e+00 -1.753312999999999955e-01 4.318307000000000073e+01
1.604166666666666741e+00 -1.878868999999999956e-01 3.879292000000000229e+01
1.750000000000000000e+00 -1.998041999999999874e-01 3.521688999999999936e+01
1.895833333333333481e+00 -2.111002999999999907e-01 3.226129999999999853e+01
2.041666666666666963e+00 -2.217966000000000104e-01 2.978689999999999927e+01
2.187500000000000000e+00 -2.319178000000000073e-01 2.793622999999999834e+01
2.333333333333333481e+00 -2.414905999999999997e-01 2.793622999999999834e+01
2.479166666666666963e+00 -2.505427000000000071e-01 2.793622999999999834e+01
2.625000000000000000e+00 -2.591023000000000076e-01 2.793622999999999834e+01
2.770833333333333481e+00 -2.671973000000000265e-01 2.793622999999999834e+01
2.916666666666666963e+00 -2.748550000000000160e-01 2.793622999999999834e+01
3.062500000000000000e+00 -2.821019000000000165e-01 2.793622999999999834e+01
3.208333333333333481e+00 -2.889634999999999843e-01 2.793622999999999834e+01
3.354166666666666963e+00 -2.954636999999999958e-01 2.793622999999999834e+01
3.500000000000000000e+00 -3.016254999999999908e-01 2.793622999999999834e+01
