0.000000000000000000e+00 -1.754121000000000152e-02 6.761124999999999545e+02
2.348993288590604106e-02 -2.040200000000000000e-02 6.071571999999999889e+02
4.697986577181208212e-02 -2.325961000000000001e-02 5.542011999999999716e+02
7.046979865771813012e-02 -2.611354999999999926e-02 5.129329999999999927e+02
9.395973154362416424e-02 -2.896336999999999870e-02 4.915128000000000270e+02
1.174496644295301984e-01 -3.180859999999999937e-02 4.872654999999999745e+02
1.409395973154362602e-01 -3.464877999999999708e-02 4.845914000000000215e+02
1.644295302013422944e-01 -3.748346000000000316e-02 4.825230999999999995e+02
1.879194630872483285e-01 -4.031218000000000301e-02 4.808267999999999915e+02
2.114093959731543626e-01 -4.313452000000000258e-02 4.793833000000000197e+02
2.348993288590603967e-01 -4.595002000000000114e-02 4.781190000000000282e+02
2.583892617449664586e-01 -4.875825999999999771e-02 4.769846000000000004e+02
2.818791946308725205e-01 -5.155880999999999659e-02 4.759449000000000183e+02
3.053691275167785268e-01 -5.435127000000000014e-02 4.749744999999999777e+02
3.288590604026845887e-01 -5.713523999999999686e-02 4.740541999999999803e+02
3.523489932885905951e-01 -5.991028999999999799e-02 4.731696000000000026e+02
3.758389261744966570e-01 -6.267604000000000231e-02 4.723093999999999824e+02
3.993288590604027188e-01 -6.543211999999999640e-02 4.714644999999999868e+02
4.228187919463087252e-01 -6.817815000000000680e-02 4.706281999999999925e+02
4.463087248322147871e-01 -7.091376000000000623e-02 4.697948999999999842e+02
4.697986577181207934e-01 -7.363860999999999324e-02 4.689603000000000179e+02
4.932885906040268553e-01 -7.635234999999999939e-02 4.681207999999999743e+02
5.167785234899329172e-01 -7.905463000000000073e-02 4.672739000000000260e+02
5.402684563758389791e-01 -8.174513999999999392e-02 4.664177000000000248e+02
5.637583892617450410e-01 -8.442355999999999472e-02 4.655505999999999744e+02
5.872483221476509918e-01 -8.708957999999999977e-02 4.646716999999999871e+02
6.107382550335570537e-01 -8.974292000000000380e-02 4.637801999999999794e+02
6.342281879194631156e-01 -9.238327999999999818e-02 4.628761000000000081e+02
6.577181208053691774e-01 -9.501038000000000538e-02 4.619590999999999781e+02
6.812080536912752393e-01 -9.762398999999999383e-02 4.610296999999999912e+02
7.046979865771811902e-01 -1.002238000000000018e-01 4.600881999999999721e+02
7.281879194630872520e-01 -1.028096000000000010e-01 4.591354999999999791e+02
7.516778523489933139e-01 -1.053811999999999943e-01 4.581721999999999753e+02
7.751677852348993758e-01 -1.079383000000000009e-01 4.571992999999999938e+02
7.986577181208054377e-01 -1.104808000000000040e-01 4.562178000000000111e+02
8.221476510067113885e-01 -1.130083999999999950e-01 4.552289000000000101e+02
8.456375838926174504e-01 -1.155208999999999958e-01 4.542337999999999738e+02
8.691275167785235123e-01 -1.180181000000000008e-01 4.532337999999999738e+02
8.926174496644295742e-01 -1.204998999999999931e-01 4.522300000000000182e+02
9.161073825503356360e-01 -1.229661999999999977e-01 4.512237999999999829e+02
9.395973154362415869e-01 -1.254166999999999921e-01 4.502164999999999964e+02
9.630872483221476488e-01 -1.278514000000000039e-01 4.492092000000000098e+02
9.865771812080537106e-01 -1.302700999999999998e-01 4.482035000000000196e+02
1.010067114093959662e+00 -1.326726000000000016e-01 4.472003000000000270e+02
1.033557046979865834e+00 -1.350589000000000095e-01 4.462010000000000218e+02
1.057046979865771785e+00 -1.374287999999999899e-01 4.452067000000000121e+02
1.080536912751677958e+00 -1.397824000000000011e-01 4.442183999999999742e+02
1.104026845637583909e+00 -1.421194000000000068e-01 4.432370999999999981e+02
1.127516778523490082e+00 -1.444398000000000071e-01 4.422638999999999783e+02
1.151006711409396033e+00 -1.467434999999999989e-01 4.412996999999999730e+02
1.174496644295301984e+00 -1.490305000000000102e-01 4.403451999999999771e+02
1.197986577181208157e+00 -1.513008000000000131e-01 4.394014000000000237e+02
1.221476510067114107e+00 -1.535542000000000018e-01 4.384687000000000126e+02
1.244966442953020280e+00 -1.557907000000000042e-01 4.375480000000000018e+02
1.268456375838926231e+00 -1.580103999999999953e-01 4.366397000000000048e+02
1.291946308724832182e+00 -1.602130999999999972e-01 4.357443999999999846e+02
1.315436241610738355e+00 -1.623989999999999878e-01 4.348625999999999863e+02
1.338926174496644306e+00 -1.645678999999999892e-01 4.339945000000000164e+02
1.362416107382550479e+00 -1.667198000000000013e-01 4.331404999999999745e+02
1.385906040268456429e+00 -1.688547999999999993e-01 4.323009000000000128e+02
1.409395973154362380e+00 -1.709729000000000110e-01 4.314759000000000242e+02
1.432885906040268553e+00 -1.730741000000000085e-01 4.306657000000000153e+02
1.456375838926174504e+00 -1.751583999999999919e-01 4.298704000000000178e+02
1.479865771812080677e+00 -1.772257999999999889e-01 4.290899999999999750e+02
1.503355704697986628e+00 -1.792764000000000024e-01 4.283245999999999754e+02
1.526845637583892579e+00 -1.813102000000000047e-01 4.275742000000000189e+02
1.550335570469798752e+00 -1.833272999999999986e-01 4.268387000000000171e+02
1.573825503355704702e+00 -1.853277000000000119e-01 4.261181000000000267e+02
1.597315436241610875e+00 -1.873113999999999890e-01 4.254121999999999844e+02
1.620805369127516826e+00 -1.892784999999999884e-01 4.247210000000000036e+02
1.644295302013422777e+00 -1.912291999999999881e-01 4.240441999999999894e+02
1.667785234899328950e+00 -1.931633000000000100e-01 4.233817999999999984e+02
1.691275167785234901e+00 -1.950811000000000073e-01 4.227334999999999923e+02
1.714765100671141074e+00 -1.969825000000000048e-01 4.220991999999999962e+02
1.738255033557047025e+00 -1.988677000000000084e-01 4.214784999999999968e+02
1.761744966442952975e+00 -2.007366999999999901e-01 4.208713999999999942e+02
1.785234899328859148e+00 -2.025896000000000086e-01 4.202774000000000001e+02
1.808724832214765099e+00 -2.044266000000000139e-01 4.196965000000000146e+02
1.832214765100671272e+00 -2.062476000000000032e-01 4.191283000000000243e+02
1.855704697986577223e+00 -2.080528000000000100e-01 4.185724999999999909e+02
1.879194630872483174e+00 -2.098422000000000065e-01 4.180289999999999964e+02
1.902684563758389347e+00 -2.116161000000000014e-01 4.174974000000000274e+02
1.926174496644295298e+00 -2.133742999999999890e-01 4.169775000000000205e+02
1.949664429530201470e+00 -2.151172000000000084e-01 4.164689000000000192e+02
1.973154362416107421e+00 -2.168447000000000013e-01 4.159714999999999918e+02
1.996644295302013594e+00 -2.185570000000000013e-01 4.154850000000000136e+02
2.020134228187919323e+00 -2.202541000000000082e-01 4.150090000000000146e+02
2.043624161073825718e+00 -2.219362000000000001e-01 4.145434000000000196e+02
2.067114093959731669e+00 -2.236034000000000077e-01 4.140878000000000156e+02
2.090604026845637620e+00 -2.252558000000000060e-01 4.136419999999999959e+02
2.114093959731543571e+00 -2.268934999999999980e-01 4.132056999999999789e+02
2.137583892617449521e+00 -2.285165999999999864e-01 4.127787000000000148e+02
2.161073825503355916e+00 -2.301253000000000049e-01 4.123607999999999834e+02
2.184563758389261867e+00 -2.317195999999999978e-01 4.119517000000000166e+02
2.208053691275167818e+00 -2.332995999999999959e-01 4.115511000000000195e+02
2.231543624161073769e+00 -2.348655000000000048e-01 4.111587999999999852e+02
2.255033557046980164e+00 -2.364173999999999998e-01 4.107746000000000208e+02
2.278523489932886115e+00 -2.379554000000000114e-01 4.103983000000000061e+02
2.302013422818792066e+00 -2.394795999999999869e-01 4.100296999999999912e+02
2.325503355704698016e+00 -2.409901000000000126e-01 4.096684999999999945e+02
2.348993288590603967e+00 -2.424871000000000110e-01 4.093145000000000095e+02
2.372483221476510362e+00 -2.439707000000000126e-01 4.089674999999999727e+02
2.395973154362416313e+00 -2.454408999999999896e-01 4.086272999999999911e+02
2.419463087248322264e+00 -2.468980000000000063e-01 4.082937999999999761e+02
2.442953020134228215e+00 -2.483419000000000043e-01 4.079667999999999779e+02
2.466442953020134166e+00 -2.497729999999999950e-01 4.076460000000000150e+02
2.489932885906040561e+00 -2.511911000000000005e-01 4.073312999999999988e+02
2.513422818791946511e+00 -2.525966000000000045e-01 4.070224999999999795e+02
2.536912751677852462e+00 -2.539893999999999763e-01 4.067194999999999823e+02
2.560402684563758413e+00 -2.553697999999999801e-01 4.064220000000000255e+02
2.583892617449664364e+00 -2.567378000000000160e-01 4.061299999999999955e+02
2.607382550335570759e+00 -2.580934999999999757e-01 4.058432999999999993e+02
2.630872483221476710e+00 -2.594370999999999761e-01 4.055618000000000052e+02
2.654362416107382661e+00 -2.607686000000000170e-01 4.052851999999999748e+02
2.677852348993288611e+00 -2.620882999999999963e-01 4.050135000000000218e+02
2.701342281879194562e+00 -2.633961000000000219e-01 4.047465000000000259e+02
2.724832214765100957e+00 -2.646922999999999915e-01 4.044841000000000122e+02
2.748322147651006908e+00 -2.659769000000000161e-01 4.042260999999999740e+02
2.771812080536912859e+00 -2.672500999999999904e-01 4.039725000000000250e+02
2.795302013422818810e+00 -2.685119000000000256e-01 4.037232000000000198e+02
2.818791946308724761e+00 -2.697625000000000162e-01 4.034778999999999769e+02
2.842281879194631156e+00 -2.710020000000000207e-01 4.032366999999999848e+02
2.865771812080537106e+00 -2.722304999999999864e-01 4.029993999999999801e+02
2.889261744966443057e+00 -2.734481000000000273e-01 4.027658000000000129e+02
2.912751677852349008e+00 -2.746548999999999796e-01 4.025360000000000014e+02
2.936241610738254959e+00 -2.758510000000000129e-01 4.023097000000000207e+02
2.959731543624161354e+00 -2.770366000000000217e-01 4.020869999999999891e+02
2.983221476510067305e+00 -2.782117000000000062e-01 4.018675999999999817e+02
3.006711409395973256e+00 -2.793765000000000276e-01 4.016515999999999735e+02
3.030201342281879207e+00 -2.805309999999999748e-01 4.014388000000000147e+02
3.053691275167785157e+00 -2.816754000000000202e-01 4.012291999999999916e+02
3.077181208053691552e+00 -2.828096999999999972e-01 4.010226999999999862e+02
3.100671140939597503e+00 -2.839342000000000255e-01 4.008190999999999917e+02
3.124161073825503454e+00 -2.850486999999999882e-01 4.006184999999999832e+02
3.147651006711409405e+00 -2.861536000000000080e-01 4.004207999999999856e+02
3.171140939597315356e+00 -2.872488000000000263e-01 4.002257999999999925e+02
3.194630872483221751e+00 -2.883344999999999936e-01 4.000335000000000036e+02
3.218120805369127702e+00 -2.894108000000000236e-01 3.998439000000000192e+02
3.241610738255033652e+00 -2.904777000000000053e-01 3.996567999999999756e+02
3.265100671140939603e+00 -2.915354000000000001e-01 3.994723000000000184e+02
3.288590604026845554e+00 -2.925840000000000107e-01 3.992903000000000020e+02
3.312080536912751949e+00 -2.936234999999999817e-01 3.991105999999999767e+02
3.335570469798657900e+00 -2.946540999999999744e-01 3.989332999999999743e+02
3.359060402684563851e+00 -2.956757999999999886e-01 3.987583000000000197e+02
3.382550335570469802e+00 -2.966887999999999748e-01 3.985855999999999995e+02
3.406040268456375752e+00 -2.976930999999999883e-01 3.984150000000000205e+02
3.429530201342282147e+00 -2.986888999999999794e-01 3.982466000000000008e+02
3.453020134228188098e+00 -2.996761000000000008e-01 3.980803000000000225e+02
3.476510067114094049e+00 -3.006550000000000056e-01 3.979159999999999968e+02
3.500000000000000000e+00 -3.016254999999999908e-01 3.977536999999999807e+02
