0.000000000000000000e+00 0.000000000000000000e+00 4.667644192424625693e+00
0.000000000000000000e+00 0.000000000000000000e+00 3.069387366782843074e+01
0.000000000000000000e+00 0.000000000000000000e+00 4.340673262433409718e+01
1.000000000000000000e+01 -4.363210895486274721e-02 4.664571024096956009e+00
1.000000000000000000e+01 -6.767153652553557774e-03 3.052151467943491170e+01
1.000000000000000000e+01 -3.202712621093197192e-03 4.320478130802061401e+01
1.200000000000000000e+01 -5.331393822172619812e-02 4.666354451760001076e+00
1.200000000000000000e+01 -8.311539697391545287e-03 3.052945915810656174e+01
1.200000000000000000e+01 -3.904122825072549232e-03 4.314599273280591518e+01
1.400000000000000000e+01 -6.314786069734244778e-02 4.667454229449617742e+00
1.400000000000000000e+01 -9.926885492149066167e-03 3.053748630586742152e+01
1.400000000000000000e+01 -4.613406433805620349e-03 4.308324444488324190e+01
1.600000000000000000e+01 -7.320364618416209945e-02 4.667730606619278078e+00
1.600000000000000000e+01 -1.159674289964252730e-02 3.054543192231403381e+01
1.600000000000000000e+01 -5.357052752633732415e-03 4.300233498481641448e+01
1.800000000000000000e+01 -8.336451801190757072e-02 4.667620143439497937e+00
1.800000000000000000e+01 -1.335336115122879100e-02 3.055302881406511872e+01
1.800000000000000000e+01 -6.118517051360266266e-03 4.290893953104087899e+01
2.000000000000000000e+01 -9.352538983970086484e-02 4.667509680260235605e+00
2.000000000000000000e+01 -1.516239124145257397e-02 3.056028972687505174e+01
2.000000000000000000e+01 -6.892447426738689854e-03 4.280310571856735891e+01
2.200000000000000000e+01 -1.039012988555852723e-01 4.666646561123608983e+00
2.200000000000000000e+01 -1.705002236752089020e-02 3.056704677846724039e+01
2.200000000000000000e+01 -7.674634344947687224e-03 4.268647551031605758e+01
2.400000000000000000e+01 -1.144707922612828305e-01 4.665105873397757286e+00
2.400000000000000000e+01 -1.893765349340471860e-02 3.057380383007160063e+01
2.400000000000000000e+01 -8.456438404970583259e-03 4.254925752640204450e+01
2.600000000000000000e+01 -1.253497563737827059e-01 4.662292282818758515e+00
2.600000000000000000e+01 -2.106357313189551050e-02 3.057851054495884213e+01
2.600000000000000000e+01 -9.238163993463234178e-03 4.240781979930828527e+01
2.800000000000000000e+01 -1.363121596281109682e-01 4.659135493614106061e+00
2.800000000000000000e+01 -2.319100868448039157e-02 3.058320421628913621e+01
2.800000000000000000e+01 -9.987271790290744994e-03 4.224053653093203309e+01
3.000000000000000000e+01 -1.474829791450913141e-01 4.654768739275569445e+00
3.000000000000000000e+01 -2.531844423652040987e-02 3.058789788764558537e+01
3.000000000000000000e+01 -1.072178843381847019e-02 4.206169158921609608e+01
3.200000000000000000e+01 -1.590099658279069961e-01 4.648334248728582807e+00
3.200000000000000000e+01 -2.744587978795951302e-02 3.059259155903029281e+01
3.200000000000000000e+01 -1.145630507821026635e-02 4.188284664838659666e+01
3.400000000000000000e+01 -1.705369525110292106e-01 4.641899758183283708e+00
3.400000000000000000e+01 -2.991552228939347788e-02 3.059355256163856396e+01
3.400000000000000000e+01 -1.206508652218876189e-02 4.166808296007189227e+01
3.600000000000000000e+01 -1.820639391944866292e-01 4.635465267639826692e+00
3.600000000000000000e+01 -3.239153980581941511e-02 3.059444402794520457e+01
3.600000000000000000e+01 -1.258356387978698879e-02 4.142752212292060676e+01
3.800000000000000000e+01 -1.940177591370196297e-01 4.622596986531448238e+00
3.800000000000000000e+01 -3.486755732079004771e-02 3.059533549431267829e+01
3.800000000000000000e+01 -1.310204123889466277e-02 4.118696128651354371e+01
4.000000000000000000e+01 -2.060772330222321869e-01 4.608136150668974196e+00
4.000000000000000000e+01 -3.778812661162073150e-02 3.058883611589631357e+01
4.000000000000000000e+01 -1.362051859962300215e-02 4.094640045082866209e+01
4.200000000000000000e+01 -2.181367069080533960e-01 4.593675314808816523e+00
4.200000000000000000e+01 -4.083682940206304068e-02 3.058020646869072934e+01
4.200000000000000000e+01 -1.413899596208572328e-02 4.070583961584282662e+01
4.400000000000000000e+01 -2.301961807945334115e-01 4.579214478951086242e+00
4.400000000000000000e+01 -4.388553218939213879e-02 3.057157682163750323e+01
4.400000000000000000e+01 -1.430618637908951177e-02 4.041445497471458737e+01
4.600000000000000000e+01 -2.422556546817206946e-01 4.564753643096016056e+00
4.600000000000000000e+01 -4.693423497337986111e-02 3.056294717474926870e+01
4.600000000000000000e+01 -1.433781031907898143e-02 4.010345672579651932e+01
4.800000000000000000e+01 -2.540933681863294380e-01 4.546927926196531189e+00
4.800000000000000000e+01 -4.998581287593092948e-02 3.055417290538430564e+01
4.800000000000000000e+01 -1.436943426207237112e-02 3.979245847729668384e+01
5.000000000000000000e+01 -2.647875270277830762e-01 4.511750483272424894e+00
5.000000000000000000e+01 -5.410853037264426457e-02 3.049151882064019858e+01
5.000000000000000000e+01 -1.424475348447128142e-02 3.947042314572976096e+01
5.200000000000000000e+01 -2.754816858701902849e-01 4.476573040350412036e+00
5.200000000000000000e+01 -5.823124786962126376e-02 3.042886473648499290e+01
5.200000000000000000e+01 -1.330859071883691395e-02 3.909108695834643044e+01
5.400000000000000000e+01 -2.861758447136144579e-01 4.441395597430587650e+00
5.400000000000000000e+01 -6.235396536695276409e-02 3.036621065296021271e+01
5.400000000000000000e+01 -1.237242795804303387e-02 3.871175077085449345e+01
5.600000000000000000e+01 -2.968700035581227636e-01 4.406218154513093843e+00
5.600000000000000000e+01 -6.647668286473897015e-02 3.030355657010876413e+01
5.600000000000000000e+01 -1.143626520231461052e-02 3.833241458317373684e+01
5.800000000000000000e+01 -3.075641624037830368e-01 4.371040711598043416e+00
5.800000000000000000e+01 -7.059940036308848255e-02 3.024090248797442015e+01
5.800000000000000000e+01 -1.050010245187941657e-02 3.795307839522264004e+01
6.000000000000000000e+01 -3.182583212506668868e-01 4.335863268685570482e+00
6.000000000000000000e+01 -7.472211786212110129e-02 3.017824840660247787e+01
6.000000000000000000e+01 -8.830078850219741718e-03 3.756687858556112758e+01
6.200000000000000000e+01 -3.289524800988458120e-01 4.300685825775814486e+00
6.200000000000000000e+01 -7.884483536196636166e-02 3.011559432603919717e+01
6.200000000000000000e+01 -5.948656576140923247e-03 3.716934885885584094e+01
6.400000000000000000e+01 -3.396466389483978054e-01 4.265508382868905102e+00
6.400000000000000000e+01 -8.290201049511339293e-02 3.000692214360722687e+01
6.400000000000000000e+01 -3.067234295749439541e-03 3.677181913053274798e+01
6.600000000000000000e+01 -3.503407977993993616e-01 4.230330939964983550e+00
6.600000000000000000e+01 -8.689260899311622433e-02 2.985150567570275726e+01
6.600000000000000000e+01 -1.858120083893070873e-04 3.637428940042983072e+01
6.800000000000000000e+01 nan nan
6.800000000000000000e+01 -9.034827675285937720e-02 2.966528819313451493e+01
6.800000000000000000e+01 2.695610286621387408e-03 3.597675966838141193e+01
7.000000000000000000e+01 nan nan
7.000000000000000000e+01 -9.341648235665177269e-02 2.945676085441192527e+01
7.000000000000000000e+01 5.577032590003793214e-03 3.557922993421512814e+01
7.200000000000000000e+01 nan nan
7.200000000000000000e+01 -9.592628210067374872e-02 2.922508551307139513e+01
7.200000000000000000e+01 8.458454902509128862e-03 3.518170019775455160e+01
7.400000000000000000e+01 nan nan
7.400000000000000000e+01 -9.751740803947839265e-02 2.895803271918736499e+01
7.400000000000000000e+01 1.140543894973295065e-02 3.481514480944829160e+01
7.600000000000000000e+01 nan nan
7.600000000000000000e+01 -9.746879964163106258e-02 2.863548813708462859e+01
7.600000000000000000e+01 1.444860011979656571e-02 3.449402786537664412e+01
7.800000000000000000e+01 nan nan
7.800000000000000000e+01 -9.522911784379270439e-02 2.823990087779393932e+01
7.800000000000000000e+01 1.709645316050803152e-02 3.419121729718384728e+01
8.000000000000000000e+01 nan nan
8.000000000000000000e+01 -9.298943609310918179e-02 2.784431362042451497e+01
8.000000000000000000e+01 1.932249227573651709e-02 3.390794056586136662e+01
8.200000000000000000e+01 nan nan
8.200000000000000000e+01 -9.074975439178478709e-02 2.744872636506314478e+01
8.200000000000000000e+01 2.131392821525716214e-02 3.363136869701027365e+01
8.400000000000000000e+01 nan nan
8.400000000000000000e+01 -8.851007274206001973e-02 2.705313911179825581e+01
8.400000000000000000e+01 2.265923960617834132e-02 3.337304313001835254e+01
8.600000000000000000e+01 nan nan
8.600000000000000000e+01 -8.015186645176591851e-02 2.631163463029856331e+01
8.600000000000000000e+01 2.335846025426940170e-02 3.312878625596805904e+01
8.800000000000000000e+01 nan nan
8.800000000000000000e+01 -6.910504679183090970e-02 2.541812656578665042e+01
8.800000000000000000e+01 2.258659450693048520e-02 3.291789239443215820e+01
9.000000000000000000e+01 nan nan
9.000000000000000000e+01 -5.805822708147216626e-02 2.452461850145483524e+01
9.000000000000000000e+01 2.125130053121897927e-02 3.271977661418848271e+01
9.200000000000000000e+01 nan nan
9.200000000000000000e+01 -4.701140731740374723e-02 2.363111043727091953e+01
9.200000000000000000e+01 1.991600659608616652e-02 3.252166083151174547e+01
9.400000000000000000e+01 nan nan
9.400000000000000000e+01 -3.596458749622147288e-02 2.273760237319985933e+01
9.400000000000000000e+01 1.858071270314883700e-02 3.232354504626228930e+01
9.600000000000000000e+01 nan nan
9.600000000000000000e+01 -2.491776761441059224e-02 2.184409430920312190e+01
9.600000000000000000e+01 1.724541885402878713e-02 3.212542925829690432e+01
9.800000000000000000e+01 nan nan
9.800000000000000000e+01 -1.002350090359815406e-02 2.064243385102502515e+01
9.800000000000000000e+01 1.591012505035121344e-02 3.192731346747043375e+01
1.000000000000000000e+02 nan nan
1.000000000000000000e+02 6.841998362851209325e-03 1.928289206090154906e+01
1.000000000000000000e+02 1.439165240131906609e-02 3.174704683105784753e+01
