0.000000000000000000e+00 0.000000000000000000e+00 2.932767340898453412e+01
0.000000000000000000e+00 0.000000000000000000e+00 1.928552960501259861e+02
0.000000000000000000e+00 0.000000000000000000e+00 2.727325446578888091e+02
1.000000000000000000e+01 -1.278785736699234343e+00 2.928045277314205208e+01
1.000000000000000000e+01 -1.297752840922745010e+00 1.917679414899802737e+02
1.000000000000000000e+01 -8.694200487814783829e-01 2.714622548596104821e+02
1.200000000000000000e+01 -1.563141729240318023e+00 2.927787145697068638e+01
1.200000000000000000e+01 -1.594338239221287035e+00 1.918156234011385948e+02
1.200000000000000000e+01 -1.058385317893024702e+00 2.710922015614319207e+02
1.400000000000000000e+01 -1.851904463453107663e+00 2.926794952595187738e+01
1.400000000000000000e+01 -1.904698175798304804e+00 1.918632311819653182e+02
1.400000000000000000e+01 -1.248849160760788779e+00 2.706971277420121851e+02
1.600000000000000000e+01 -2.146932374024028256e+00 2.924952916810917358e+01
1.600000000000000000e+01 -2.225677153847996248e+00 1.919097033189526371e+02
1.600000000000000000e+01 -1.447430865323965810e+00 2.701877623414466711e+02
1.800000000000000000e+01 -2.444874761419329801e+00 2.922543672790620661e+01
1.800000000000000000e+01 -2.563449303503831267e+00 1.919532256391608200e+02
1.800000000000000000e+01 -1.649581678558807551e+00 2.695997718640480798e+02
2.000000000000000000e+01 -2.742803044294170878e+00 2.919828567434890232e+01
2.000000000000000000e+01 -2.911421161600223240e+00 1.919938900729655131e+02
2.000000000000000000e+01 -1.853653742290753303e+00 2.689334567712040212e+02
2.200000000000000000e+01 -3.046532074851933558e+00 2.916270631723497075e+01
2.200000000000000000e+01 -3.274600343270540392e+00 1.920305011686743910e+02
2.200000000000000000e+01 -2.058390928059855796e+00 2.681991369265314233e+02
2.400000000000000000e+01 -3.355336346683654991e+00 2.911904740417703863e+01
2.400000000000000000e+01 -3.637939806713488267e+00 1.920664248989236853e+02
2.400000000000000000e+01 -2.260785423682971640e+00 2.673353104540465210e+02
2.600000000000000000e+01 -3.672001575579457722e+00 2.906299291382118710e+01
2.600000000000000000e+01 -4.046953745924701806e+00 1.920878217898470552e+02
2.600000000000000000e+01 -2.461565982811106501e+00 2.664448198548149094e+02
2.800000000000000000e+01 -3.990431015188900421e+00 2.900096428845088070e+01
2.800000000000000000e+01 -4.456382822930469167e+00 1.921082584221519198e+02
2.800000000000000000e+01 -2.650673052979187982e+00 2.653918816723440273e+02
3.000000000000000000e+01 -4.313401441156749172e+00 2.892694919345370863e+01
3.000000000000000000e+01 -4.865937381119090688e+00 1.921278217282772971e+02
3.000000000000000000e+01 -2.833569285546506222e+00 2.642662116866989095e+02
3.200000000000000000e+01 -4.644099992673495159e+00 2.883475247100196981e+01
3.200000000000000000e+01 -5.275617420481157893e+00 1.921465111726103032e+02
3.200000000000000000e+01 -3.014814742327957653e+00 2.631404167986038374e+02
3.400000000000000000e+01 -4.973866492887911939e+00 2.873867305763803870e+01
3.400000000000000000e+01 -5.750510073953432055e+00 1.921389259404726602e+02
3.400000000000000000e+01 -3.158739630453910152e+00 2.617892307060920416e+02
3.600000000000000000e+01 -5.302700941801339773e+00 2.863870407239189575e+01
3.600000000000000000e+01 -6.226643874930743117e+00 1.921296894403430997e+02
3.600000000000000000e+01 -3.275461389308282456e+00 2.602761890108949956e+02
3.800000000000000000e+01 -5.635174700182104424e+00 2.849272783217557148e+01
3.800000000000000000e+01 -6.702805413217942210e+00 1.921192716819272164e+02
3.800000000000000000e+01 -3.390615803676777062e+00 2.587630970554249075e+02
4.000000000000000000e+01 -5.966713498626737611e+00 2.833230173387313400e+01
4.000000000000000000e+01 -7.262701299715199177e+00 1.920580546877301913e+02
4.000000000000000000e+01 -3.504202873586550027e+00 2.572499560573991744e+02
4.200000000000000000e+01 -6.296060846810344280e+00 2.816784299057422913e+01
4.200000000000000000e+01 -7.846433484134622383e+00 1.919808253919006802e+02
4.200000000000000000e+01 -3.616222599064339516e+00 2.557367672345051517e+02
4.400000000000000000e+01 -6.623216744734887307e+00 2.799935787505965834e+01
4.400000000000000000e+01 -8.429835056469372034e+00 1.919018192561415219e+02
4.400000000000000000e+01 -3.632791505217350281e+00 2.539055226688831226e+02
4.600000000000000000e+01 -6.948181192402484996e+00 2.782685054469173380e+01
4.600000000000000000e+01 -9.012906016688619459e+00 1.918210371015848352e+02
4.600000000000000000e+01 -3.612804883740637241e+00 2.519515488798522540e+02
4.800000000000000000e+01 -7.259241901149548148e+00 2.763154115288942236e+01
4.800000000000000000e+01 -9.596152904566318753e+00 1.917375445206827465e+02
4.800000000000000000e+01 -3.592694672923901766e+00 2.499975766135584365e+02
5.000000000000000000e+01 -7.506240332996267917e+00 2.733632707332985134e+01
5.000000000000000000e+01 -1.036632127261072789e+01 1.913032042686474767e+02
5.000000000000000000e+01 -3.532698618817333269e+00 2.479748202904166021e+02
5.200000000000000000e+01 -7.748511382173802531e+00 2.703879547656947580e+01
5.200000000000000000e+01 -1.113324368341071313e+01 1.908657692338710774e+02
5.200000000000000000e+01 -3.268810047468696300e+00 2.455947906275924595e+02
5.400000000000000000e+01 -7.986055048683882163e+00 2.673899749845956819e+01
5.400000000000000000e+01 -1.189692013704532947e+01 1.904252573075596615e+02
5.400000000000000000e+01 -3.009384052027625156e+00 2.432144862524387747e+02
5.600000000000000000e+01 -8.218871332528399520e+00 2.643698346664302790e+01
5.600000000000000000e+01 -1.265735063360015111e+01 1.899816862304054723e+02
5.600000000000000000e+01 -2.754420632509845923e+00 2.408339134402809236e+02
5.800000000000000000e+01 -8.446960233709182475e+00 2.613280289736481166e+01
5.800000000000000000e+01 -1.341453517316701571e+01 1.895350735937064712e+02
5.800000000000000000e+01 -2.503919788931408874e+00 2.384530784655847810e+02
6.000000000000000000e+01 -8.670321752228185019e+00 2.582650449005068793e+01
6.000000000000000000e+01 -1.416847375584496938e+01 1.890854368404556283e+02
6.000000000000000000e+01 -2.084248805741480748e+00 2.360304573453695696e+02
6.200000000000000000e+01 -8.888955888087329171e+00 2.551813611951383365e+01
6.200000000000000000e+01 -1.491916638173987941e+01 1.886327932663862441e+02
6.200000000000000000e+01 -1.389260598663544899e+00 2.335377744737412797e+02
6.400000000000000000e+01 -9.102862641288673728e+00 2.520774482563094665e+01
6.400000000000000000e+01 -1.563026649470150709e+01 1.878900450301707963e+02
6.400000000000000000e+01 -7.086665519973339711e-01 2.310430668534961285e+02
6.600000000000000000e+01 -9.312042011834229527e+00 2.489537680030789346e+01
6.600000000000000000e+01 -1.629779861148853826e+01 1.868531211110475567e+02
6.600000000000000000e+01 -4.246666572790807476e-02 2.285463967744706224e+02
6.800000000000000000e+01 nan nan
6.800000000000000000e+01 -1.684024143742182744e+01 1.856302006915063316e+02
6.800000000000000000e+01 6.093390601471859735e-01 2.260478264764940093e+02
7.000000000000000000e+01 nan nan
7.000000000000000000e+01 -1.728973619783480942e+01 1.842729442496929835e+02
7.000000000000000000e+01 1.246750625620127506e+00 2.235474181519555543e+02
7.200000000000000000e+01 nan nan
7.200000000000000000e+01 -1.761461970882361427e+01 1.827798228614480536e+02
7.200000000000000000e+01 1.869768030669838543e+00 2.210452339484011759e+02
7.400000000000000000e+01 nan nan
7.400000000000000000e+01 -1.774316422624113088e+01 1.810814853964647000e+02
7.400000000000000000e+01 2.494939842496762150e+00 2.187357779292895827e+02
7.600000000000000000e+01 nan nan
7.600000000000000000e+01 -1.753678900354515235e+01 1.790653939232722109e+02
7.600000000000000000e+01 3.131479333696715273e+00 2.167097451420238201e+02
7.800000000000000000e+01 nan nan
7.800000000000000000e+01 -1.689712425102434423e+01 1.766301488049440138e+02
7.800000000000000000e+01 3.672826829415784644e+00 2.147983557058013560e+02
8.000000000000000000e+01 nan nan
8.000000000000000000e+01 -1.626859318134999199e+01 1.741929363050200834e+02
8.000000000000000000e+01 4.116654543941420386e+00 2.130100982343251985e+02
8.200000000000000000e+01 nan nan
8.200000000000000000e+01 -1.565119579451902965e+01 1.717537949019546772e+02
8.200000000000000000e+01 4.503891392019393258e+00 2.112641183960928970e+02
8.400000000000000000e+01 nan nan
8.400000000000000000e+01 -1.504493209050863989e+01 1.693127630282845359e+02
8.400000000000000000e+01 4.751393616683202481e+00 2.096351758555911431e+02
8.600000000000000000e+01 nan nan
8.600000000000000000e+01 -1.325077678421627780e+01 1.647889832321847337e+02
8.600000000000000000e+01 4.862164014506330290e+00 2.080975089677298513e+02
8.800000000000000000e+01 nan nan
8.800000000000000000e+01 -1.103654584372638503e+01 1.593250025017557618e+02
8.800000000000000000e+01 4.671567675447660051e+00 2.067764537032961130e+02
9.000000000000000000e+01 nan nan
9.000000000000000000e+01 -8.946350282201480653e+00 1.538327987944464326e+02
9.000000000000000000e+01 4.368936287080854797e+00 2.055379916449250004e+02
9.200000000000000000e+01 nan nan
9.200000000000000000e+01 -6.980190099955910554e+00 1.483144808575031277e+02
9.200000000000000000e+01 4.069629249668262894e+00 2.042990921007742884e+02
9.400000000000000000e+01 nan nan
9.400000000000000000e+01 -5.138065297369212026e+00 1.427721450561137715e+02
9.400000000000000000e+01 3.773646563431641621e+00 2.030597617628648379e+02
9.600000000000000000e+01 nan nan
9.600000000000000000e+01 -3.419975874891377998e+00 1.372078767141844651e+02
9.600000000000000000e+01 3.480988228590015332e+00 2.018200073205327101e+02
9.800000000000000000e+01 nan nan
9.800000000000000000e+01 -1.300050443540078149e+00 1.296937213851262527e+02
9.800000000000000000e+01 3.191654245359623054e+00 2.005798354604993960e+02
1.000000000000000000e+02 nan nan
1.000000000000000000e+02 8.289627287010945533e-01 1.211551481629804385e+02
1.000000000000000000e+02 2.870740008980901870e+00 1.994519197793266017e+02
