8.045549820685608811e-05 2.791823000000000121e+01
3.219205197322390247e-04 2.791845999999999961e+01
7.246900468867852009e-04 2.791883999999999943e+01
1.289253364780919417e-03 2.791936000000000107e+01
2.016292855974198897e-03 2.792004000000000019e+01
2.906676477468680877e-03 2.792085000000000150e+01
3.961459522747507248e-03 2.792182000000000031e+01
5.181870498041867175e-03 2.792292000000000129e+01
6.569313075517899461e-03 2.792416000000000054e+01
8.132108529481539214e-03 2.792554000000000158e+01
9.861744540379342380e-03 2.792704000000000164e+01
1.176558329631503287e-02 2.792867000000000033e+01
1.384408303621285051e-02 2.793040999999999840e+01
1.610033052143330923e-02 2.793225999999999942e+01
1.853674671964536044e-02 2.793421000000000021e+01
2.115582028455020164e-02 2.793625000000000114e+01
2.396014728038283262e-02 2.793837999999999866e+01
2.695228217105156629e-02 2.794058000000000064e+01
3.013483715177459749e-02 2.794283000000000072e+01
3.351036321610881968e-02 2.794512999999999892e+01
3.708132972127260729e-02 2.794744000000000028e+01
4.085006574695944359e-02 2.794977000000000089e+01
4.481875021131193071e-02 2.795210000000000150e+01
4.907728177951930365e-02 2.795455000000000112e+01
5.346641035174126005e-02 2.795680000000000121e+01
5.806185227087142658e-02 2.795898000000000039e+01
6.286433061779542197e-02 2.796105999999999980e+01
6.787407516174809308e-02 2.796299000000000134e+01
7.309067701789868921e-02 2.796474999999999866e+01
7.851310098582542363e-02 2.796630000000000038e+01
8.413931670565383270e-02 2.796761000000000053e+01
8.996649497893614844e-02 2.796863000000000099e+01
9.601418268380944310e-02 2.796936000000000178e+01
1.022324960365867397e-01 2.796967000000000070e+01
1.086370947052624908e-01 2.796956000000000131e+01
1.152204092050000128e-01 2.796896999999999878e+01
1.219742727005284633e-01 2.796784999999999854e+01
1.288891384440167265e-01 2.796613999999999933e+01
1.359543737365953575e-01 2.796379999999999910e+01
1.431583571355667106e-01 2.796077000000000012e+01
1.504886671531533437e-01 2.795699000000000112e+01
1.579307413908750124e-01 2.795240000000000080e+01
1.654704832559916183e-01 2.794695000000000107e+01
1.730927214167042594e-01 2.794059999999999988e+01
1.807816936445580391e-01 2.793327999999999989e+01
1.885217404999242896e-01 2.792494999999999905e+01
1.962964130154186693e-01 2.791557999999999851e+01
2.040898614074281303e-01 2.790510000000000090e+01
2.118859395909263033e-01 2.789349999999999952e+01
2.196691967506702592e-01 2.788072000000000017e+01
2.272594903011630196e-01 2.786639999999999873e+01
2.351377352718414804e-01 2.785153999999999996e+01
2.427936153995980118e-01 2.783509000000000100e+01
2.503805332648589288e-01 2.781737000000000037e+01
2.578871550736165363e-01 2.779836999999999847e+01
2.652984277073350827e-01 2.777806999999999960e+01
2.726053031530199511e-01 2.775647000000000020e+01
2.797975764657107955e-01 2.773357999999999990e+01
2.868520776378797876e-01 2.770939999999999870e+01
2.937925852447654251e-01 2.768390000000000128e+01
