8.045549820685608811e-05 2.615237999999999943e+02
3.219205197322390247e-04 2.615237999999999943e+02
7.246900468867852009e-04 2.615228000000000179e+02
1.289253364780919417e-03 2.615196000000000254e+02
2.016292855974198897e-03 2.615120999999999754e+02
2.906676477468680877e-03 2.614979999999999905e+02
3.961459522747507248e-03 2.614741999999999962e+02
5.181870498041867175e-03 2.614370000000000118e+02
6.569313075517899461e-03 2.613820999999999799e+02
8.132108529481539214e-03 2.613041999999999803e+02
9.861744540379342380e-03 2.611981000000000108e+02
1.176558329631503287e-02 2.610570999999999913e+02
1.384408303621285051e-02 2.608740999999999985e+02
1.610033052143330923e-02 2.606406999999999812e+02
1.853674671964536044e-02 2.603478999999999814e+02
2.115582028455020164e-02 2.599855000000000018e+02
2.396014728038283262e-02 2.595421999999999798e+02
2.695228217105156629e-02 2.590054000000000087e+02
3.013483715177459749e-02 2.583611000000000217e+02
3.351036321610881968e-02 2.575939999999999941e+02
3.708132972127260729e-02 2.566870999999999867e+02
4.085006574695944359e-02 2.556217000000000041e+02
4.481875021131193071e-02 2.543778000000000077e+02
4.907728177951930365e-02 2.529011000000000138e+02
5.346641035174126005e-02 2.512240999999999929e+02
5.806185227087142658e-02 2.492976999999999919e+02
6.286433061779542197e-02 2.470977000000000032e+02
6.787407516174809308e-02 2.446005000000000109e+02
7.309067701789868921e-02 2.417852000000000032e+02
7.851310098582542363e-02 2.386348000000000127e+02
8.413931670565383270e-02 2.351387000000000000e+02
8.996649497893614844e-02 2.312946000000000026e+02
9.601418268380944310e-02 2.270939999999999941e+02
1.022324960365867397e-01 2.225883000000000038e+02
1.086370947052624908e-01 2.177947000000000060e+02
1.152204092050000128e-01 2.127573999999999899e+02
1.219742727005284633e-01 2.075312999999999874e+02
1.288891384440167265e-01 2.021831999999999994e+02
1.359543737365953575e-01 1.967999000000000080e+02
1.431583571355667106e-01 1.915287999999999897e+02
1.504886671531533437e-01 1.867940000000000111e+02
1.579307413908750124e-01 1.838271000000000015e+02
1.654704832559916183e-01 1.826653000000000020e+02
1.730927214167042594e-01 1.820550000000000068e+02
1.807816936445580391e-01 1.815877999999999872e+02
1.885217404999242896e-01 1.811642999999999972e+02
1.962964130154186693e-01 1.807521999999999878e+02
2.040898614074281303e-01 1.803380999999999972e+02
2.118859395909263033e-01 1.799161000000000001e+02
2.196691967506702592e-01 1.794829000000000008e+02
2.272594903011630196e-01 1.790452999999999975e+02
2.351377352718414804e-01 1.785781000000000063e+02
2.427936153995980118e-01 1.781054000000000030e+02
2.503805332648589288e-01 1.776194000000000131e+02
2.578871550736165363e-01 1.771202000000000112e+02
2.652984277073350827e-01 1.766086999999999989e+02
2.726053031530199511e-01 1.760852999999999895e+02
2.797975764657107955e-01 1.755507000000000062e+02
2.868520776378797876e-01 1.750071000000000083e+02
2.937925852447654251e-01 1.744524999999999864e+02
