0.000000000000000000e+00 8.200252425777232190e+01
3.263380748762493167e-03 8.200170650132139372e+01
1.338525722630191581e-02 8.199732674572737778e+01
3.072364457371412269e-02 8.199719375946939692e+01
5.620067488556251822e-02 8.215937207381489316e+01
9.064793290350570132e-02 9.243942023908391548e+01
1.348751160033436758e-01 9.150782667213829313e+01
1.897334869345535246e-01 8.980641584172904857e+01
2.551687901473042586e-01 8.694258633870698816e+01
3.295190054504583688e-01 8.255973704722420337e+01
4.094784402059432615e-01 7.663615700448305290e+01
4.899298655387405166e-01 6.795147562935947860e+01
5.656153063578672757e-01 5.949895226556869687e+01
6.887877205129157021e-01 4.701593231477517065e+01
7.677756766139690603e-01 3.967567796119704582e+01
8.103382502794337361e-01 3.536399787683922114e+01
