0.000000000000000000e+00 8.200252425777232190e+01
2.303302652063355695e-03 8.200198103950329198e+01
9.534404607020216874e-03 8.199923189739463680e+01
2.182900190396786996e-02 8.199426993759756499e+01
4.008098439520539624e-02 8.202048293515220223e+01
6.494556797611282517e-02 8.235632116118256363e+01
9.737973998975020529e-02 9.232000513278737230e+01
1.384023543983381177e-01 9.141115771535903889e+01
1.892550579650772169e-01 8.981041086053181743e+01
2.506170766761817159e-01 8.714341327383056068e+01
3.220233724622675875e-01 8.300050291561232996e+01
4.009792655380459148e-01 7.722708320334159282e+01
4.829805098267577756e-01 6.859110861820698801e+01
6.337753052723372749e-01 5.218596881373684937e+01
7.412353405286395969e-01 4.193399744319502531e+01
8.010480904515516754e-01 3.610869754556136257e+01
