0.000000000000000000e+00 4.666925664455879641e+00
0.000000000000000000e+00 4.371696689842148231e+01
0.000000000000000000e+00 3.059501632440693086e+01
0.000000000000000000e+00 8.716222475571314021e+01
5.000000000000000000e+00 3.059492798615586295e+01
5.000000000000000000e+00 4.371499659208069488e+01
5.000000000000000000e+00 4.665659733290657307e+00
5.000000000000000000e+00 8.716192220113946121e+01
1.000000000000000000e+01 8.715775668413060373e+01
1.000000000000000000e+01 3.059489871401028793e+01
1.000000000000000000e+01 4.368454231583027791e+01
1.000000000000000000e+01 4.665659980077620617e+00
1.500000000000000000e+01 4.354492301659714570e+01
1.500000000000000000e+01 3.059475683513420563e+01
1.500000000000000000e+01 8.713785289569679549e+01
1.500000000000000000e+01 4.665661000689031113e+00
2.000000000000000000e+01 4.665663858968170707e+00
2.000000000000000000e+01 4.313738986236350570e+01
2.000000000000000000e+01 8.706659421255268683e+01
2.000000000000000000e+01 3.059431988607039088e+01
2.500000000000000000e+01 4.219974961264525604e+01
2.500000000000000000e+01 3.059321246457373533e+01
2.500000000000000000e+01 8.675723929716775729e+01
2.500000000000000000e+01 4.665670313441317774e+00
3.000000000000000000e+01 3.059053136044844834e+01
3.000000000000000000e+01 4.036288363127612655e+01
3.000000000000000000e+01 8.349414183667431644e+01
3.000000000000000000e+01 4.665683071757398714e+00
3.500000000000000000e+01 3.727722991419776122e+01
3.500000000000000000e+01 4.665706263580914559e+00
3.500000000000000000e+01 3.058313025774241467e+01
3.500000000000000000e+01 7.555885237974004554e+01
4.000000000000000000e+01 4.665745772565790261e+00
4.000000000000000000e+01 3.054515731851849480e+01
4.000000000000000000e+01 3.306986197290492413e+01
4.000000000000000000e+01 6.955536297884239616e+01
4.500000000000000000e+01 6.590347913472712094e+01
4.500000000000000000e+01 4.665809288019027612e+00
4.500000000000000000e+01 2.830410841468152583e+01
4.500000000000000000e+01 3.066704765574736768e+01
5.000000000000000000e+01 3.062490701662635217e+01
5.000000000000000000e+01 6.381581618419747315e+01
5.000000000000000000e+01 2.409756857552076426e+01
5.000000000000000000e+01 4.665906249754445234e+00
5.500000000000000000e+01 6.260806168062139676e+01
5.500000000000000000e+01 3.061561489789709256e+01
5.500000000000000000e+01 2.063726846733113618e+01
5.500000000000000000e+01 4.666046304480141238e+00
6.000000000000000000e+01 6.187007792156188657e+01
6.000000000000000000e+01 1.797053005176657692e+01
6.000000000000000000e+01 4.666238064205034952e+00
6.000000000000000000e+01 3.061054539055956880e+01
7.000000000000000000e+01 3.060262623484101852e+01
7.000000000000000000e+01 6.103721317570180105e+01
7.000000000000000000e+01 4.666802846078800471e+00
7.000000000000000000e+01 1.446254555159426403e+01
8.000000000000000000e+01 3.059474356412909302e+01
8.000000000000000000e+01 6.055704937964412693e+01
8.000000000000000000e+01 1.248560574146027413e+01
8.000000000000000000e+01 4.667616704533263494e+00
9.000000000000000000e+01 1.132709268552231485e+01
9.000000000000000000e+01 4.668644029621892955e+00
9.000000000000000000e+01 3.058657451591523824e+01
9.000000000000000000e+01 6.021534323582005754e+01
