0.000000000000000000e+00 4.666925664455879641e+00
0.000000000000000000e+00 4.371696689842148231e+01
0.000000000000000000e+00 3.059501632440693086e+01
0.000000000000000000e+00 8.716222475571314021e+01
5.000000000000000000e+00 3.059492877931361932e+01
5.000000000000000000e+00 4.371593913374854168e+01
5.000000000000000000e+00 4.665659723449395280e+00
5.000000000000000000e+00 8.716205829134443661e+01
1.000000000000000000e+01 8.715993698792759403e+01
1.000000000000000000e+01 3.059491435778371127e+01
1.000000000000000000e+01 4.370054695076311191e+01
1.000000000000000000e+01 4.665659855364047814e+00
1.500000000000000000e+01 4.363036128173739314e+01
1.500000000000000000e+01 3.059484425230803240e+01
1.500000000000000000e+01 8.715024090496127940e+01
1.500000000000000000e+01 4.665660382596569455e+00
2.000000000000000000e+01 4.665661853843627860e+00
2.000000000000000000e+01 4.342307915356649772e+01
2.000000000000000000e+01 8.711875432316183776e+01
2.000000000000000000e+01 3.059462733097238996e+01
2.500000000000000000e+01 4.294029311308406704e+01
2.500000000000000000e+01 3.059409134059164614e+01
2.500000000000000000e+01 8.702237088663028430e+01
2.500000000000000000e+01 4.665665183296719754e+00
3.000000000000000000e+01 3.059288020682914677e+01
3.000000000000000000e+01 4.196105944920755348e+01
3.000000000000000000e+01 8.661078850690904574e+01
3.000000000000000000e+01 4.665671833063474772e+00
3.500000000000000000e+01 4.017845464871544436e+01
3.500000000000000000e+01 4.665684062162647194e+00
3.500000000000000000e+01 3.059013276575536011e+01
3.500000000000000000e+01 8.293386526981910833e+01
4.000000000000000000e+01 4.665705426970526482e+00
4.000000000000000000e+01 3.058290692993374904e+01
4.000000000000000000e+01 3.728698859086098594e+01
4.000000000000000000e+01 7.559174181573001761e+01
4.500000000000000000e+01 6.985020766067582088e+01
4.500000000000000000e+01 4.665741243303730634e+00
4.500000000000000000e+01 3.054964126575388761e+01
4.500000000000000000e+01 3.333041963685961662e+01
5.000000000000000000e+01 3.068267448163292244e+01
5.000000000000000000e+01 6.616745618032862808e+01
5.000000000000000000e+01 2.868536560207994057e+01
5.000000000000000000e+01 4.665799094684746962e+00
5.500000000000000000e+01 6.398533606785112937e+01
5.500000000000000000e+01 3.062772065719834202e+01
5.500000000000000000e+01 2.445506615640082870e+01
5.500000000000000000e+01 4.665888798668649251e+00
6.000000000000000000e+01 6.269882676980575553e+01
6.000000000000000000e+01 2.085212489285645887e+01
6.000000000000000000e+01 4.666021904678171239e+00
6.000000000000000000e+01 3.061730041452980799e+01
7.000000000000000000e+01 3.060770689877074702e+01
7.000000000000000000e+01 6.139117764715097536e+01
7.000000000000000000e+01 4.666464648638839918e+00
7.000000000000000000e+01 1.586941358373884370e+01
8.000000000000000000e+01 3.059952124021923581e+01
8.000000000000000000e+01 6.074176612590683533e+01
8.000000000000000000e+01 1.307474493725240272e+01
8.000000000000000000e+01 4.667196561956481915e+00
9.000000000000000000e+01 1.150758315752057470e+01
9.000000000000000000e+01 4.668222137795193127e+00
9.000000000000000000e+01 3.059072066563626535e+01
9.000000000000000000e+01 6.031481072135568411e+01
