0.000000000000000000e+00 -1.563030027158618385e-02 1.283783359295742610e-04
1.458333333333333426e-01 -3.142434559514364206e-02 1.511432414721229633e-03
2.916666666666666852e-01 -4.704757873489031489e-02 2.877782745473553283e-03
4.375000000000000000e-01 -6.241412097111689178e-02 4.217710609132521715e-03
5.833333333333333703e-01 -7.744700208380113360e-02 5.522513425769953743e-03
7.291666666666667407e-01 -9.208009116065034305e-02 6.784801269343873620e-03
8.750000000000000000e-01 -1.062592450613829009e-01 7.998546407003065406e-03
1.020833333333333481e+00 -1.199427637789464846e-01 9.159232937210409764e-03
1.166666666666666741e+00 -1.331007244882979057e-01 1.026372618393842084e-02
1.312500000000000000e+00 -1.457143847629602806e-01 1.131016893676489721e-02
1.458333333333333481e+00 -1.577748645132039385e-01 1.229791892890480520e-02
1.604166666666666741e+00 -1.692815571395704932e-01 1.322718904611303037e-02
1.750000000000000000e+00 -1.802408280193219803e-01 1.409909615090393364e-02
1.895833333333333481e+00 -1.906643265301176948e-01 1.491527322200997263e-02
2.041666666666666963e+00 -2.005680872797027392e-01 1.567782968700906499e-02
2.187500000000000000e+00 -2.099711349098355162e-01 1.638919645691877536e-02
2.333333333333333481e+00 -2.188944883831989430e-01 1.705198763874365975e-02
2.479166666666666963e+00 -2.273602623163136216e-01 1.766895753827041338e-02
2.625000000000000000e+00 -2.353913719028650209e-01 1.824284184306379508e-02
2.770833333333333481e+00 -2.430108315736964897e-01 1.877640084850012991e-02
2.916666666666666963e+00 -2.502413600044501307e-01 1.927225792096215473e-02
3.062500000000000000e+00 -2.571049755537880288e-01 1.973304665199981933e-02
3.208333333333333481e+00 -2.636232042189020075e-01 2.016115422896735954e-02
3.354166666666666963e+00 -2.698163733369796646e-01 2.055892461355957046e-02
3.500000000000000000e+00 -2.757041136686789740e-01 2.092859133293734075e-02
