0.000000000000000000e+00 -1.753999894282065250e-02 -2.069588439568628702e-05
1.458333333333333426e-01 -3.518794357531679351e-02 -1.449091943783238634e-03
2.916666666666666852e-01 -5.260186283291498621e-02 -2.856562153983339958e-03
4.375000000000000000e-01 -6.966670063326475815e-02 -4.231006215851512708e-03
5.833333333333333703e-01 -8.628191029909186571e-02 -5.561859337425978378e-03
7.291666666666667407e-01 -1.023643121116583621e-01 -6.840472683756509964e-03
8.750000000000000000e-01 -1.178491472391968581e-01 -8.060216284799012754e-03
1.020833333333333481e+00 -1.326904276496060076e-01 -9.216480515152336572e-03
1.166666666666666741e+00 -1.468592140746043662e-01 -1.030654110840045767e-02
1.312500000000000000e+00 -1.603418700354232174e-01 -1.132932143350484644e-02
1.458333333333333481e+00 -1.731375762455736322e-01 -1.228514838010807964e-02
1.604166666666666741e+00 -1.852558527411852229e-01 -1.317537726804729470e-02
1.750000000000000000e+00 -1.967143652857142599e-01 -1.400228329297883989e-02
1.895833333333333481e+00 -2.075364504650498432e-01 -1.476863618559598468e-02
2.041666666666666963e+00 -2.177495184434394548e-01 -1.547765350102611737e-02
2.187500000000000000e+00 -2.273835669546442340e-01 -1.613276348060593834e-02
2.333333333333333481e+00 -2.364696914044182030e-01 -1.673743382342054997e-02
2.479166666666666963e+00 -2.450395866409318668e-01 -1.729514167912105105e-02
2.625000000000000000e+00 -2.531245503865252044e-01 -1.780931548262393305e-02
2.770833333333333481e+00 -2.607550873249598888e-01 -1.828326567864563268e-02
2.916666666666666963e+00 -2.679604176392863524e-01 -1.872004001209598423e-02
3.062500000000000000e+00 -2.747684683149669849e-01 -1.912257093276242825e-02
3.208333333333333481e+00 -2.812057746924914170e-01 -1.949364927980662410e-02
3.354166666666666963e+00 -2.872971881326579213e-01 -1.983579436173016353e-02
3.500000000000000000e+00 -2.930658686634807220e-01 -2.015137858507271007e-02
