0.000000000000000000e+00 -5.129999999999995675e-03 -2.074710331842137823e+00
2.000000000000000111e-01 -3.069500000000000006e-02 -3.395528827985824005e+00
4.000000000000000222e-01 -5.756999999999999618e-02 -4.668098246644810878e+00
5.999999999999999778e-01 -8.064999999999999947e-02 -5.247087176461223024e+00
8.000000000000000444e-01 -1.092250000000000165e-01 -6.314598015810226173e+00
1.000000000000000000e+00 -1.269800000000000095e-01 -7.333859777674549107e+00
1.199999999999999956e+00 -1.477249999999999952e-01 -7.834443956578293289e+00
1.399999999999999911e+00 -1.677250000000000130e-01 -7.930942111547707896e+00
1.600000000000000089e+00 -1.864349999999999896e-01 -8.642616004447054578e+00
1.800000000000000044e+00 -2.030600000000000183e-01 -9.348258762660774934e+00
2.000000000000000000e+00 -2.186339999999999950e-01 -9.558142249719233874e+00
2.200000000000000178e+00 -2.334100000000000064e-01 -1.061479704663416790e+01
2.399999999999999911e+00 -2.458550000000000180e-01 -1.095857172371267119e+01
2.600000000000000089e+00 -2.580624999999999725e-01 -1.146820260464481578e+01
2.799999999999999822e+00 -2.696149999999999936e-01 -1.240604404825370644e+01
3.000000000000000000e+00 -2.805900000000000061e-01 -1.273775645596105477e+01
