0.000000000000000000e+00 5.913863227365307243e-03 5.495181793693356687e-01 -1.759306613638183733e-02 -4.408613590284915507e-02 5.495192016631011978e-01 -1.760233616704423576e-02 5.591386235757977302e-02 5.495171570755702506e-01 -1.758379610571944238e-02
1.458333333333333426e-01 6.046241541710557429e-03 5.485112203027634470e-01 -3.524047182038531761e-02 -4.394850542193823317e-02 5.484678279064626460e-01 -3.596393096966228609e-02 5.604098850535935150e-02 5.485546126990643589e-01 -3.451701267110834220e-02
2.916666666666666852e-01 6.305965601070597122e-03 5.468436629809384497e-01 -5.265349274719829942e-02 -4.367348779783276208e-02 5.467117733119686296e-01 -5.408067285568726734e-02 5.628541899997396153e-02 5.469755526499082698e-01 -5.122631263870933149e-02
4.375000000000000000e-01 6.686942854354217119e-03 5.445531211674453642e-01 -6.971710377984999263e-02 -4.326764404695270655e-02 5.442910773755351705e-01 -7.183147852688399893e-02 5.664152975566114773e-02 5.448151649593555579e-01 -6.760272903281598633e-02
5.833333333333333703e-01 7.180808916891715660e-03 5.416892930824841468e-01 -8.633079638509905118e-02 -4.274000393812282111e-02 5.412588432309239916e-01 -8.911057278256472036e-02 5.710162177190625243e-02 5.421197429340441909e-01 -8.355101998763339588e-02
7.291666666666667407e-01 7.777492623217697500e-03 5.383108087994998847e-01 -1.024114521125493588e-01 -4.210145333625432001e-02 5.376776833800089861e-01 -1.058305020061989093e-01 5.765643858268970634e-02 5.389439342189908944e-01 -9.899240221889979430e-02
8.750000000000000000e-01 8.465818970414394629e-03 5.344816453012048996e-01 -1.178943913335032539e-01 -4.136407908394489075e-02 5.336160071554006956e-01 -1.219232783377129231e-01 5.829571702477368000e-02 5.353472834470091035e-01 -1.138655043292935987e-01
1.020833333333333481e+00 9.234088104510507558e-03 5.302676683189122553e-01 -1.327336766264043955e-01 -4.054053989981584033e-02 5.291442079891468531e-01 -1.373406543687399617e-01 5.900871610883684504e-02 5.313911286486776575e-01 -1.281266988840688015e-01
1.166666666666666741e+00 1.007058562304404339e-02 5.257339336473403346e-01 -1.469003667690627346e-01 -3.964351287732920115e-02 5.243319535851338475e-01 -1.520523433024295046e-01 5.978468412341729488e-02 5.271359137095468217e-01 -1.417483902356959646e-01
1.312500000000000000e+00 1.096398410109311779e-02 5.209423441450499181e-01 -1.603810261296871598e-01 -3.868525404376381427e-02 5.192453598649656721e-01 -1.660443640136942955e-01 6.061322224595005331e-02 5.226393284251341642e-01 -1.547176882456800240e-01
1.458333333333333481e+00 1.190363659566254229e-02 5.159505231811887249e-01 -1.731746359988578232e-01 -3.767728370656240472e-02 5.139460894423014681e-01 -1.793158563475204526e-01 6.148455689788748235e-02 5.179549569200758707e-01 -1.670334156501951661e-01
1.604166666666666741e+00 1.287977209491143922e-02 5.108102555281236468e-01 -1.852909149005487477e-01 -3.663016938738888895e-02 5.084894459677536949e-01 -1.918772293026777820e-01 6.238971357721176392e-02 5.131310650884937097e-01 -1.787046004984197412e-01
1.750000000000000000e+00 1.388359497018950596e-02 5.055676652182721220e-01 -1.967474309795088083e-01 -3.555342172633173259e-02 5.029247396396951952e-01 -2.037471684412986428e-01 6.332061166671074104e-02 5.082105907968490488e-01 -1.897476935177190016e-01
1.895833333333333481e+00 1.490732240842426726e-02 5.002628272270611687e-01 -2.075677171580025404e-01 -3.445545223923902195e-02 4.972947998790850366e-01 -2.149506225986591301e-01 6.427009705608754953e-02 5.032308545750372453e-01 -2.001848117173459229e-01
2.041666666666666963e+00 1.594416561542860364e-02 4.949297708268746154e-01 -2.177789856147348546e-01 -3.334359383735616827e-02 4.916359502601406195e-01 -2.255163956593547736e-01 6.523192506821337555e-02 4.982235913936086669e-01 -2.100415755701149356e-01
2.187500000000000000e+00 1.698825730100611206e-02 4.895976745797381846e-01 -2.274113372079129003e-01 -3.222417745328297334e-02 4.859792459378894924e-01 -2.354762761239053148e-01 6.620069205529519052e-02 4.932161032215868213e-01 -2.193463982919204858e-01
2.333333333333333481e+00 1.803463882449066885e-02 4.842905384525882373e-01 -2.364958608531733397e-01 -3.110255460339634778e-02 4.803503820747220820e-01 -2.448631417584840597e-01 6.717183225237767508e-02 4.882306948304543370e-01 -2.281285799478626197e-01
2.479166666666666963e+00 1.907908841792898408e-02 4.790280258983090067e-01 -2.450642562421346815e-01 -2.998327105604546572e-02 4.747701793024698969e-01 -2.537103897833662969e-01 6.814144789190343388e-02 4.832858724941481721e-01 -2.364181227009030661e-01
2.625000000000000000e+00 2.011810795048531858e-02 4.738262038367482276e-01 -2.531478177355130366e-01 -2.887009501972924094e-02 4.692558323388820174e-01 -2.620510572650636694e-01 6.910631092069986769e-02 4.783965753346144378e-01 -2.442445782059623205e-01
2.770833333333333481e+00 2.114880277546875298e-02 4.686976893079038420e-01 -2.607770557148214596e-01 -2.776613599969017868e-02 4.638206612748202451e-01 -2.699172615214195936e-01 7.006374155062768116e-02 4.735747173409874389e-01 -2.516368499082233257e-01
2.916666666666666963e+00 2.216881347310440536e-02 4.636526068155680802e-01 -2.679811847392964963e-01 -2.667392782439056628e-02 4.584754304124486479e-01 -2.773397886435634563e-01 7.101155477059938048e-02 4.688297832186875680e-01 -2.586225808350294808e-01
3.062500000000000000e+00 2.317622627539921154e-02 4.586984040139417962e-01 -2.747881323009022658e-01 -2.559552182120427080e-02 4.532280310144348179e-01 -2.843480280559677609e-01 7.194797437200269041e-02 4.641687770134487745e-01 -2.652282365458367708e-01
3.208333333333333481e+00 2.416954304881734072e-02 4.538407529108212102e-01 -2.812243389330935095e-01 -2.453251668692282839e-02 4.480843723106415211e-01 -2.909697717034875897e-01 7.287160278455750984e-02 4.595971335110008993e-01 -2.714789061626994848e-01
3.354166666666666963e+00 2.514756342801898262e-02 4.490836191718936554e-01 -2.873147499876869682e-01 -2.348619443654867411e-02 4.430487109355065178e-01 -2.972312755157633379e-01 7.378132129258663241e-02 4.551185274082808485e-01 -2.773982244596105984e-01
3.500000000000000000e+00 2.610940378755195052e-02 4.444294999778074517e-01 -2.930825310490152713e-01 -2.245749271712560793e-02 4.381235679624900792e-01 -3.031568441929538560e-01 7.467630029222950550e-02 4.507354319931248243e-01 -2.830082179050766311e-01
