0.000000000000000000e+00 -4.999999999999997502e-03 2.412453874235030715e-01
2.000000000000000111e-01 -2.305000000000000104e-02 -5.428021217028923262e-01
2.000000000000000111e-01 -2.399999999999999356e-02 -7.237361622705175135e-01
4.000000000000000222e-01 -4.719999999999999196e-02 -1.326849630829279425e+00
4.000000000000000222e-01 -4.664999999999999702e-02 -1.628406365108660436e+00
5.999999999999999778e-01 -6.899999999999999190e-02 -2.533076567946802804e+00
5.999999999999999778e-01 -7.005000000000000115e-02 -2.955255995937939417e+00
8.000000000000000444e-01 -9.164999999999999536e-02 -3.437746770784945394e+00
8.000000000000000444e-01 -9.174999999999999822e-02 -3.437746770784928962e+00
8.000000000000000444e-01 -9.285000000000000198e-02 -3.558369464496684564e+00
8.499999999999999778e-01 -9.785000000000000642e-02 -3.437746770784945394e+00
9.000000000000000222e-01 -9.975000000000000533e-02 -4.071015912771625445e+00
9.000000000000000222e-01 -1.001500000000000029e-01 -4.191638606483381935e+00
1.000000000000000000e+00 -1.102999999999999953e-01 -4.734440728186274150e+00
1.000000000000000000e+00 -1.093999999999999972e-01 -4.493195340762745182e+00
1.199999999999999956e+00 -1.300000000000000044e-01 -5.458176890456774899e+00
1.199999999999999956e+00 -1.291499999999999870e-01 -5.156620156177393888e+00
1.399999999999999911e+00 -1.486500000000000044e-01 -6.121601705871404953e+00
1.399999999999999911e+00 -1.536500000000000088e-01 -6.242224399583160555e+00
1.600000000000000089e+00 -1.668499999999999983e-01 -6.483469787006672647e+00
1.600000000000000089e+00 -1.744499999999999940e-01 -6.604092480718419367e+00
1.600000000000000089e+00 -1.709499999999999909e-01 -6.724715174430167863e+00
1.800000000000000044e+00 -1.856999999999999762e-01 -7.357984316416865234e+00
1.800000000000000044e+00 -1.885499999999999954e-01 -7.538918356984505742e+00
1.800000000000000044e+00 -1.881499999999999839e-01 -7.418295663272734153e+00
2.000000000000000000e+00 -2.006999999999999895e-01 -7.961097784975625480e+00
2.200000000000000178e+00 -2.153999999999999804e-01 -8.564211253534388391e+00
2.399999999999999911e+00 -2.287500000000000089e-01 -8.865767987813770290e+00
2.600000000000000089e+00 -2.418500000000000094e-01 -9.348258762660790921e+00
2.799999999999999822e+00 -2.533999999999999586e-01 -1.025292896549891708e+01
3.000000000000000000e+00 -2.647499999999999853e-01 -1.043386300606655759e+01
