0.000000000000000000e+00 -5.171249066720114834e-03 3.774803106168806571e-02
3.333333333333333148e-01 -4.290550213686392805e-02 -1.640641914158365466e+00
6.666666666666666297e-01 -7.949391774481461004e-02 -3.239449696360987119e+00
1.000000000000000000e+00 -1.141114348412269469e-01 -4.710238961858247642e+00
1.333333333333333259e+00 -1.462113337274351665e-01 -6.023003331998782350e+00
1.666666666666666519e+00 -1.755133888465735814e-01 -7.165427354245163194e+00
2.000000000000000000e+00 -2.019181287811967485e-01 -8.137906187926310153e+00
2.333333333333333037e+00 -2.256274668775493097e-01 -8.954972420678577905e+00
2.666666666666666519e+00 -2.467322863268502364e-01 -9.629396165925033557e+00
3.000000000000000000e+00 -2.655269785784991066e-01 -1.018083168405048866e+01
