0.000000000000000000e+00 -1.761009166913345483e-02 -1.054740823291991543e-02 -1.051982216111475854e-02
2.500000000000000139e-02 -2.064283729266366135e-02 -1.520278813735396473e-01 -1.520957919332619479e-01
5.000000000000000278e-02 -2.367171723414383464e-02 -2.933371145994696505e-01 -2.935674246685657796e-01
7.500000000000001110e-02 -2.669637241254808196e-02 -4.344414977734897820e-01 -4.349152527097979726e-01
1.000000000000000056e-01 -2.971563328870870102e-02 -5.752954830769032579e-01 -5.761076799093974854e-01
1.250000000000000000e-01 -3.272912319325770730e-02 -7.158647070051176176e-01 -7.171241437965897303e-01
1.500000000000000222e-01 -3.573651422566084118e-02 -8.561190948052481708e-01 -8.579482058017704471e-01
1.750000000000000167e-01 -3.873662861731025364e-02 -9.960091993950094258e-01 -9.985437109206727335e-01
2.000000000000000111e-01 -4.172913399948147833e-02 -1.135504882634860824e+00 -1.138893672292681236e+00
2.250000000000000056e-01 -4.471371800381000738e-02 -1.274578622880819800e+00 -1.278983503508731134e+00
2.500000000000000000e-01 -4.768924844324375772e-02 -1.413180443781947293e+00 -1.418775648186294980e+00
2.750000000000000222e-01 -5.065541949518784226e-02 -1.551283350023992202e+00 -1.558255435307164039e+00
3.000000000000000444e-01 -5.361167060612716251e-02 -1.688853873429526864e+00 -1.697401332683641684e+00
3.250000000000000111e-01 -5.655745354702752803e-02 -1.825859286342114807e+00 -1.836192208741931564e+00
3.500000000000000333e-01 -5.949250615598144359e-02 -1.962276481977489606e+00 -1.974616365331167245e+00
3.750000000000000000e-01 -6.241576745755764155e-02 -2.098057025953324217e+00 -2.112635930147993779e+00
4.000000000000000222e-01 -6.532699430435497112e-02 -2.233179023208621050e+00 -2.250239641152329551e+00
4.250000000000000444e-01 -6.822569281178597622e-02 -2.367613035173020908e+00 -2.387408155539799459e+00
4.500000000000000111e-01 -7.111138374704703558e-02 -2.501330514902496471e+00 -2.524122618155108189e+00
4.750000000000000333e-01 -7.398360287205656138e-02 -2.634303829532485430e+00 -2.660364674910255189e+00
5.000000000000000000e-01 -7.684190124546025347e-02 -2.766506280116607819e+00 -2.796116484854722195e+00
5.250000000000000222e-01 -7.968584548392011746e-02 -2.897912118869890641e+00 -2.931360730906755308e+00
5.500000000000000444e-01 -8.251501798310664770e-02 -3.028496563833147359e+00 -3.066080629247548206e+00
5.750000000000000666e-01 -8.532901709896603681e-02 -3.158235810993601955e+00 -3.200259937392300635e+00
6.000000000000000888e-01 -8.812770461968645608e-02 -3.287115925844683595e+00 -3.333892222199404731e+00
6.250000000000000000e-01 -9.091021631641353629e-02 -3.415097356357620129e+00 -3.466943880513458698e+00
6.500000000000000222e-01 -9.367644618358308972e-02 -3.542168104548727214e+00 -3.599409505919232366e+00
6.750000000000000444e-01 -9.642605749014308836e-02 -3.668308351387351340e+00 -3.731275077200036261e+00
7.000000000000000666e-01 -9.915872980771316125e-02 -3.793499280190103740e+00 -3.862527135874562756e+00
7.250000000000000888e-01 -1.018741589734683400e-01 -3.917723074718006515e+00 -3.993152786872264937e+00
7.500000000000000000e-01 -1.045720570211261941e-01 -4.040962915218164753e+00 -4.123139698106282225e+00
7.750000000000000222e-01 -1.072521520815503115e-01 -4.163202972507395572e+00 -4.252476098991064823e+00
8.000000000000000444e-01 -1.099141882545288662e-01 -4.284428400196001796e+00 -4.381150777950461261e+00
8.250000000000000666e-01 -1.125579254533492363e-01 -4.404625325155796745e+00 -4.509153078966938288e+00
8.500000000000000888e-01 -1.151831392238174406e-01 -4.523780836337929934e+00 -4.636472897222892797e+00
8.750000000000000000e-01 -1.177896205393865331e-01 -4.641882972047092437e+00 -4.763100673885668712e+00
9.000000000000000222e-01 -1.203771755740957461e-01 -4.758920705780924187e+00 -4.889027390089793812e+00
9.250000000000000444e-01 -1.229456254549836508e-01 -4.874883930742209159e+00 -5.014244560168898524e+00
9.500000000000000666e-01 -1.254948059956795536e-01 -4.989763443133939269e+00 -5.138744224192705268e+00
9.750000000000000888e-01 -1.280245674128124289e-01 -5.103550924341317518e+00 -5.262518939859245570e+00
1.000000000000000000e+00 -1.305347740268988921e-01 -5.216238922109727838e+00 -5.385561773798394292e+00
1.025000000000000133e+00 -1.330253039493064504e-01 -5.327820830820644282e+00 -5.507866292336876413e+00
1.050000000000000044e+00 -1.354960487568593885e-01 -5.438290870966699053e+00 -5.629426551775866372e+00
1.074999999999999956e+00 -1.379469131556265715e-01 -5.547644067926471578e+00 -5.750237088232807103e+00
1.100000000000000089e+00 -1.403778146353567013e-01 -5.655876230133014104e+00 -5.870292907095010726e+00
1.125000000000000000e+00 -1.427886831159953518e-01 -5.762983926728233897e+00 -5.989589472131580550e+00
1.150000000000000133e+00 -1.451794605876449706e-01 -5.868964464793465119e+00 -6.108122694311830081e+00
1.175000000000000044e+00 -1.475501007452819924e-01 -5.973815866239736927e+00 -6.225888920372032231e+00
1.200000000000000178e+00 -1.499005686194736231e-01 -6.077536844438357733e+00 -6.342884921173183699e+00
1.225000000000000089e+00 -1.522308402042814868e-01 -6.180126780669431774e+00 -6.459107879890588322e+00
1.250000000000000000e+00 -1.545409020834632996e-01 -6.281585700460330379e+00 -6.574555380073108246e+00
1.275000000000000133e+00 -1.568307510560336127e-01 -6.381914249882509438e+00 -6.689225393608730919e+00
1.300000000000000044e+00 -1.591003937621594533e-01 -6.481113671870588178e+00 -6.803116268630652108e+00
1.325000000000000178e+00 -1.613498463103189839e-01 -6.579185782623372170e+00 -6.916226717396016355e+00
1.350000000000000089e+00 -1.635790067729846475e-01 -6.676128734998376224e+00 -7.028551013873758357e+00
1.375000000000000000e+00 -1.657881678678208015e-01 -6.771954045857167870e+00 -7.140098359902569136e+00
1.400000000000000133e+00 -1.679772401228775969e-01 -6.866660695575124151e+00 -7.250863476864042312e+00
1.425000000000000044e+00 -1.701462738399966423e-01 -6.960252560669359490e+00 -7.360846412435450681e+00
1.450000000000000178e+00 -1.722953269727007242e-01 -7.052733975998543237e+00 -7.470047518438438949e+00
1.475000000000000089e+00 -1.744244647766096112e-01 -7.144109712676280921e+00 -7.578467439120014859e+00
1.500000000000000000e+00 -1.765337594658014930e-01 -7.234384956370204733e+00 -7.686107099576810597e+00
1.525000000000000133e+00 -1.786232898755602816e-01 -7.323565286016636477e+00 -7.792967694341125018e+00
1.550000000000000044e+00 -1.806931411318964953e-01 -7.411656652973648285e+00 -7.899050676141750493e+00
1.575000000000000178e+00 -1.827434043281827569e-01 -7.498665360637128074e+00 -8.004357744856129386e+00
1.600000000000000089e+00 -1.847741762091953954e-01 -7.584598044536721595e+00 -8.108890836663793067e+00
1.625000000000000000e+00 -1.867855588628141716e-01 -7.669461652929173923e+00 -8.212652113413541954e+00
1.650000000000000133e+00 -1.887776594195831881e-01 -7.753263427900969340e+00 -8.315643952212029788e+00
1.675000000000000044e+00 -1.907505897603094525e-01 -7.836010886992792912e+00 -8.417868935243687289e+00
1.700000000000000178e+00 -1.927044662318263268e-01 -7.917711805352851684e+00 -8.519329839827191719e+00
1.725000000000000089e+00 -1.946394093710229756e-01 -7.998374198426298598e+00 -8.620029628715263570e+00
1.750000000000000000e+00 -1.965555436372064257e-01 -8.078006305184350921e+00 -8.719971440641646865e+00
1.775000000000000133e+00 -1.984529971528367909e-01 -8.156616571895487056e+00 -8.819158581118868412e+00
1.800000000000000044e+00 -2.003319014526431519e-01 -8.234213636439632111e+00 -8.917594513489843777e+00
1.825000000000000178e+00 -2.021923912411094371e-01 -8.310806313163960013e+00 -9.015282850234603629e+00
1.850000000000000089e+00 -2.040346041582951631e-01 -8.386403578277350945e+00 -9.112227344532701778e+00
1.875000000000000000e+00 -2.058586805539281139e-01 -8.461014555780755231e+00 -9.208431882082493303e+00
1.900000000000000133e+00 -2.076647632697021240e-01 -8.534648503926948848e+00 -9.303900473175470864e+00
1.925000000000000044e+00 -2.094529974296830410e-01 -8.607314802204605542e+00 -9.398637245025383891e+00
1.950000000000000178e+00 -2.112235302387119595e-01 -8.679022938838569345e+00 -9.492646434349683915e+00
1.975000000000000089e+00 -2.129764399466098357e-01 -8.749781413258244100e+00 -9.585931320193690652e+00
2.000000000000000000e+00 -2.147120208327759905e-01 -8.819602169878821840e+00 -9.678498591869836076e+00
2.024999999999999911e+00 -2.164303524554892777e-01 -8.888493760226360507e+00 -9.770351572987383548e+00
2.050000000000000266e+00 -2.181315884873343824e-01 -8.956465992697411949e+00 -9.861494869225248650e+00
2.075000000000000178e+00 -2.198158837890479000e-01 -9.023528729365958512e+00 -9.951933162369110519e+00
2.100000000000000089e+00 -2.214833942530063382e-01 -9.089691876389776937e+00 -1.004167120434518878e+01
2.125000000000000000e+00 -2.231342766536673072e-01 -9.154965374863385463e+00 -1.013071381148219530e+01
2.149999999999999911e+00 -2.247686885047941729e-01 -9.219359192106583833e+00 -1.021906585899705711e+01
2.175000000000000266e+00 -2.263867879232719094e-01 -9.282883313376338208e+00 -1.030673227569947414e+01
2.200000000000000178e+00 -2.279887334993443704e-01 -9.345547733990422046e+00 -1.039371803891077661e+01
2.225000000000000089e+00 -2.295746841730776644e-01 -9.407362451849767382e+00 -1.048002816959103178e+01
2.250000000000000000e+00 -2.311447991168692762e-01 -9.468337460348244861e+00 -1.056566772767018136e+01
2.274999999999999911e+00 -2.326992376238170568e-01 -9.528482741656796762e+00 -1.065064180757704015e+01
2.300000000000000266e+00 -2.342381590017587056e-01 -9.587808260370213276e+00 -1.073495553396149838e+01
2.325000000000000178e+00 -2.357617224727989458e-01 -9.646323957504167268e+00 -1.081861405760407280e+01
2.350000000000000089e+00 -2.372700870781415949e-01 -9.704039744830403436e+00 -1.090162255150773873e+01
2.375000000000000000e+00 -2.387634115880403474e-01 -9.760965499538004408e+00 -1.098398620716617557e+01
2.400000000000000355e+00 -2.402418544166911030e-01 -9.817111059209114643e+00 -1.106571023100362616e+01
2.425000000000000266e+00 -2.417055735418889295e-01 -9.872486217097570460e+00 -1.114679984098082244e+01
2.450000000000000178e+00 -2.431547264292718002e-01 -9.927100717698204235e+00 -1.122726026336114913e+01
2.475000000000000089e+00 -2.445894699609797440e-01 -9.980964252596525199e+00 -1.130709672963266854e+01
2.500000000000000000e+00 -2.460099603685624303e-01 -1.003408645658720211e+01 -1.138631447358022442e+01
2.525000000000000355e+00 -2.474163531699706819e-01 -1.008647690405041963e+01 -1.146491872850262972e+01
2.550000000000000266e+00 -2.488088031104653541e-01 -1.013814510557601700e+01 -1.154291472457018841e+01
2.575000000000000178e+00 -2.501874641072903693e-01 -1.018910050482451446e+01 -1.162030768631705513e+01
2.600000000000000089e+00 -2.515524891979558086e-01 -1.023935247561532336e+01 -1.169710283026411801e+01
2.625000000000000000e+00 -2.529040304919777937e-01 -1.028891031923225796e+01 -1.177330536266728700e+01
2.650000000000000355e+00 -2.542422391259324677e-01 -1.033778326193702135e+01 -1.184892047738711618e+01
2.675000000000000266e+00 -2.555672652216793295e-01 -1.038598045268084213e+01 -1.192395335387410604e+01
2.700000000000000178e+00 -2.568792578476201682e-01 -1.043351096100576392e+01 -1.199840915526639051e+01
2.725000000000000089e+00 -2.581783033442619502e-01 -1.048038464542399417e+01 -1.207229483993207708e+01
2.750000000000000000e+00 -2.594646720360332948e-01 -1.052660871635953654e+01 -1.214561197587630481e+01
2.775000000000000355e+00 -2.607384477762619834e-01 -1.057219281757873297e+01 -1.221836740931202492e+01
2.800000000000000266e+00 -2.619997750899428213e-01 -1.061714568354914334e+01 -1.229056622126616993e+01
2.825000000000000178e+00 -2.632487972957477940e-01 -1.066147596138033826e+01 -1.236221346846856584e+01
2.850000000000000089e+00 -2.644856564828236278e-01 -1.070519220968947849e+01 -1.243331418203449878e+01
2.875000000000000000e+00 -2.657104934897721038e-01 -1.074830289760144986e+01 -1.250387336623138701e+01
2.900000000000000355e+00 -2.669234478857079873e-01 -1.079081640387631147e+01 -1.257389599732578489e+01
2.925000000000000266e+00 -2.681246579532931551e-01 -1.083274101615780260e+01 -1.264338702250763369e+01
2.950000000000000178e+00 -2.693142606736496636e-01 -1.087408493033627899e+01 -1.271235135888819556e+01
2.975000000000000089e+00 -2.704923917130528377e-01 -1.091485625002045978e+01 -1.278079389256858001e+01
3.000000000000000000e+00 -2.716591854113218352e-01 -1.095506298611155671e+01 -1.284871947777571144e+01
3.025000000000000355e+00 -2.728147747718136507e-01 -1.099471305647485231e+01 -1.291613293606298285e+01
3.050000000000000266e+00 -2.739592914529389578e-01 -1.103381428570265932e+01 -1.298303905557231630e+01
3.075000000000000178e+00 -2.750928657611209083e-01 -1.107237440496398229e+01 -1.304944259035505816e+01
3.100000000000000089e+00 -2.762156266451170072e-01 -1.111040105193584360e+01 -1.311534825974924701e+01
3.125000000000000000e+00 -2.773277016916342874e-01 -1.114790177081129663e+01 -1.318076074781015627e+01
3.150000000000000355e+00 -2.784292171221602885e-01 -1.118488401237990537e+01 -1.324568470279205101e+01
3.175000000000000266e+00 -2.795202977909476694e-01 -1.122135513417618036e+01 -1.331012473667866658e+01
3.200000000000000178e+00 -2.806010671840862836e-01 -1.125732240069177870e+01 -1.337408542475995077e+01
3.225000000000000089e+00 -2.816716474195966602e-01 -1.129279298364763484e+01 -1.343757130525286314e+01
3.250000000000000000e+00 -2.827321592484903778e-01 -1.132777396232226508e+01 -1.350058687896455645e+01
3.275000000000000355e+00 -2.837827220567366582e-01 -1.136227232393216013e+01 -1.356313660899489726e+01
3.300000000000000266e+00 -2.848234538680816108e-01 -1.139629496406171327e+01 -1.362522492047765077e+01
3.325000000000000178e+00 -2.858544713476693366e-01 -1.142984868713838154e+01 -1.368685620035713058e+01
3.350000000000000089e+00 -2.868758898064143192e-01 -1.146294020695070870e+01 -1.374803479719964194e+01
3.375000000000000000e+00 -2.878878232060747555e-01 -1.149557614720565191e+01 -1.380876502103683912e+01
3.400000000000000355e+00 -2.888903841649870796e-01 -1.152776304212305369e+01 -1.386905114324074439e+01
3.425000000000000266e+00 -2.898836839644146068e-01 -1.155950733706364630e+01 -1.392889739642723690e+01
3.450000000000000178e+00 -2.908678325554689414e-01 -1.159081538918879062e+01 -1.398830797438758822e+01
3.475000000000000089e+00 -2.918429385665681774e-01 -1.162169346814904536e+01 -1.404728703204622775e+01
3.500000000000000000e+00 -2.928091093113884269e-01 -1.165214775679949533e+01 -1.410583868544325803e+01
