0.000000000000000000e+00 -3.165294999999999914e-02 2.963576999999999878e-02 1.570583000000000062e+00
1.458333333333333426e-01 -7.653888000000000358e-02 5.275610000000000022e-02 1.570014000000000021e+00
2.916666666666666852e-01 -1.210462999999999956e-01 7.565871000000000401e-02 1.569053999999999949e+00
4.375000000000000000e-01 -1.649720000000000075e-01 9.823650999999999911e-02 1.567717999999999945e+00
5.833333333333333703e-01 -2.081319000000000086e-01 1.203927999999999943e-01 1.566030999999999951e+00
7.291666666666667407e-01 -2.503651000000000071e-01 1.420434999999999892e-01 1.564017999999999908e+00
8.750000000000000000e-01 -2.915366999999999820e-01 1.631186000000000025e-01 1.561711999999999989e+00
1.020833333333333481e+00 -3.315391999999999784e-01 1.835625999999999924e-01 1.559145000000000003e+00
1.166666666666666741e+00 -3.702912999999999899e-01 2.033342999999999956e-01 1.556349999999999900e+00
1.312500000000000000e+00 -4.077369000000000132e-01 2.224056000000000088e-01 1.553361999999999910e+00
1.458333333333333481e+00 -4.438422000000000200e-01 2.407604999999999884e-01 1.550210000000000088e+00
1.604166666666666741e+00 -4.785930999999999935e-01 2.583931999999999896e-01 1.546926999999999941e+00
1.750000000000000000e+00 -5.119919000000000553e-01 2.753066000000000124e-01 1.543538000000000077e+00
1.895833333333333481e+00 -5.440544000000000491e-01 2.915104000000000029e-01 1.540070000000000050e+00
2.041666666666666963e+00 -5.748069000000000095e-01 3.070202000000000209e-01 1.536545000000000050e+00
2.187500000000000000e+00 -6.042838000000000376e-01 3.218554000000000137e-01 1.532982999999999985e+00
2.333333333333333481e+00 -6.325258000000000269e-01 3.360387000000000235e-01 1.529401999999999928e+00
2.479166666666666963e+00 -6.595771999999999746e-01 3.495946999999999805e-01 1.525816000000000061e+00
2.625000000000000000e+00 -6.854852999999999641e-01 3.625493000000000188e-01 1.522238999999999898e+00
2.770833333333333481e+00 -7.102983999999999964e-01 3.749290000000000123e-01 1.518680999999999948e+00
2.916666666666666963e+00 -7.340657000000000432e-01 3.867604000000000042e-01 1.515152999999999972e+00
3.062500000000000000e+00 -7.568356000000000527e-01 3.980697000000000263e-01 1.511660999999999921e+00
3.208333333333333481e+00 -7.786558999999999564e-01 4.088828999999999936e-01 1.508213000000000026e+00
3.354166666666666963e+00 -7.995731000000000366e-01 4.192249000000000114e-01 1.504814000000000096e+00
3.500000000000000000e+00 -8.196320999999999746e-01 4.291198999999999986e-01 1.501467000000000107e+00
