0.000000000000000000e+00 -1.569561688466940969e-02 -7.258679530550363190e-02 -7.260946709636278973e-02
1.000000000000000056e-01 -2.658276416518264018e-02 -6.191701536023993535e-01 -6.199228003887126137e-01
2.000000000000000111e-01 -3.740235004660983492e-02 -1.162140885753511821e+00 -1.165012663869022136e+00
3.000000000000000444e-01 -4.812559699645734684e-02 -1.699658292842898932e+00 -1.706703910957922066e+00
4.000000000000000222e-01 -5.872487661143519638e-02 -2.229973696034798447e+00 -2.243866213396106701e+00
5.000000000000000000e-01 -6.917543585579827292e-02 -2.751499915042688649e+00 -2.775472373816289640e+00
6.000000000000000888e-01 -7.945374442496501433e-02 -3.262759964431822812e+00 -3.300536523070654926e+00
7.000000000000000666e-01 -8.953991878534436899e-02 -3.762485700787191689e+00 -3.818208351749529772e+00
8.000000000000000444e-01 -9.941576582661060257e-02 -4.249545405162434619e+00 -4.327694767860604586e+00
9.000000000000000222e-01 -1.090665820018012766e-01 -4.723017378116249887e+00 -4.828335292913408239e+00
1.000000000000000000e+00 -1.184801505568183200e-01 -5.182149132965972349e+00 -5.319561531508184338e+00
1.100000000000000089e+00 -1.276468953616202162e-01 -5.626361242291735287e+00 -5.800905094511263016e+00
1.200000000000000178e+00 -1.365597396517101714e-01 -6.055237892153381374e+00 -6.271993476128842282e+00
1.300000000000000044e+00 -1.452139253886603476e-01 -6.468514745414051248e+00 -6.732544368975651672e+00
1.400000000000000133e+00 -1.536068059451101697e-01 -6.866064983320749882e+00 -7.182358858879161367e+00
1.500000000000000000e+00 -1.617374964123965975e-01 -7.247879516474887041e+00 -7.621308475110733838e+00
1.600000000000000089e+00 -1.696071701018632694e-01 -7.614071572926513376e+00 -8.049349876528406611e+00
1.700000000000000178e+00 -1.772180214794989439e-01 -7.964830409185870153e+00 -8.466481762547692469e+00
1.800000000000000044e+00 -1.845736087724734742e-01 -8.300428351025145091e+00 -8.872761451279199463e+00
1.900000000000000133e+00 -1.916785062889332925e-01 -8.621201534830600366e+00 -9.268291160326155520e+00
2.000000000000000000e+00 -1.985381171770570774e-01 -8.927537374195349429e+00 -9.653211070341416900e+00
2.100000000000000089e+00 -2.051585039269499533e-01 -9.219863249737965560e+00 -1.002769294155226731e+01
2.200000000000000178e+00 -2.115461668158574449e-01 -9.498635092841615446e+00 -1.039193294046028093e+01
2.300000000000000266e+00 -2.177081986038055250e-01 -9.764334459728722493e+00 -1.074615249285132279e+01
2.400000000000000355e+00 -2.236517276374029028e-01 -1.001745150804141815e+01 -1.109058383049949192e+01
2.500000000000000000e+00 -2.293841210675961195e-01 -1.025848528305660068e+01 -1.142547314184496621e+01
2.600000000000000089e+00 -2.349128231621998020e-01 -1.048793646356177867e+01 -1.175107513513522939e+01
2.700000000000000178e+00 -2.402452851307174952e-01 -1.070630285739422582e+01 -1.206765004749538406e+01
2.800000000000000266e+00 -2.453889071499465724e-01 -1.091407572501096013e+01 -1.237546110061744109e+01
2.900000000000000355e+00 -2.503509911458130510e-01 -1.111173683034225412e+01 -1.267477235698055260e+01
3.000000000000000000e+00 -2.551387029575849508e-01 -1.129975612331599244e+01 -1.296584693158836288e+01
3.100000000000000089e+00 -2.597589812556447830e-01 -1.147859081739080800e+01 -1.324894734017398790e+01
3.200000000000000178e+00 -2.642187605543580009e-01 -1.164868083603260729e+01 -1.352432724925484919e+01
3.300000000000000266e+00 -2.685245848454261841e-01 -1.181045248933380165e+01 -1.379224069252118667e+01
3.400000000000000355e+00 -2.726828426520657711e-01 -1.196431499709935231e+01 -1.405293479237842114e+01
3.500000000000000000e+00 -2.766996972489610407e-01 -1.211066083174872077e+01 -1.430665072733449072e+01
