0.000000000000000000e+00 -1.567746700868944201e-02 -5.859116130839040273e-03
1.458333333333333426e-01 -3.155324789241427397e-02 -7.457515617075362035e-01
2.916666666666666852e-01 -4.725967725023281357e-02 -1.477053627465162222e+00
4.375000000000000000e-01 -6.271170724881387770e-02 -2.194749814807566590e+00
5.833333333333333703e-01 -7.783294804038751180e-02 -2.894334565049876851e+00
7.291666666666667407e-01 -9.255759632459162334e-02 -3.571967511103549153e+00
8.750000000000000000e-01 -1.068315381998906216e-01 -4.224523552271355342e+00
1.020833333333333481e+00 -1.206129316798570383e-01 -4.849637251692206164e+00
1.166666666666666741e+00 -1.338713140824816517e-01 -5.445653383326564345e+00
1.312500000000000000e+00 -1.465876309832286339e-01 -6.011606741434014189e+00
1.458333333333333481e+00 -1.587520588452062675e-01 -6.547086314910450788e+00
1.604166666666666741e+00 -1.703636036596821168e-01 -7.052211048016100214e+00
1.750000000000000000e+00 -1.814276932590478952e-01 -7.527489095076250081e+00
1.895833333333333481e+00 -1.919554721718164381e-01 -7.973724965264398890e+00
2.041666666666666963e+00 -2.019624007250722109e-01 -8.392003995022124130e+00
2.187500000000000000e+00 -2.114669468369750061e-01 -8.783543965025435440e+00
2.333333333333333481e+00 -2.204895849244243589e-01 -9.149676379523423719e+00
2.479166666666666963e+00 -2.290522908908880495e-01 -9.491756170263698777e+00
2.625000000000000000e+00 -2.371776464371860293e-01 -9.811241706421673925e+00
2.770833333333333481e+00 -2.448883277064499986e-01 -1.010948822998773444e+01
2.916666666666666963e+00 -2.522070113330321384e-01 -1.038786005707704874e+01
3.062500000000000000e+00 -2.591555724864700871e-01 -1.064769459328435808e+01
3.208333333333333481e+00 -2.657554818602865798e-01 -1.089024871889843382e+01
3.354166666666666963e+00 -2.720271060712948774e-01 -1.111670628422606200e+01
3.500000000000000000e+00 -2.779900089654743223e-01 -1.132820206242410954e+01
