0.000000000000000000e+00 3.489380634212719493e-03 -2.152249254207434515e+00
3.333333333333333148e-01 -3.776429430477336313e-02 -3.944875151199672025e+00
6.666666666666666297e-01 -7.777842005190846453e-02 -5.642002297356762952e+00
1.000000000000000000e+00 -1.154817817652374345e-01 -7.183926865720589916e+00
1.333333333333333259e+00 -1.501835430665305615e-01 -8.536508542439111835e+00
1.666666666666666519e+00 -1.815392487052510662e-01 -9.688832721664336844e+00
2.000000000000000000e+00 -2.095478455592355294e-01 -1.064941168807237304e+01
2.333333333333333037e+00 -2.343281839559567814e-01 -1.143498799584827097e+01
2.666666666666666519e+00 -2.562141900152051233e-01 -1.207009013863254765e+01
3.000000000000000000e+00 -2.754906724288900266e-01 -1.257717945194217180e+01
