0.000000000000000000e+00 -5.902992297952892528e-03 -1.529555442951450496e-02
3.333333333333333148e-01 -4.355527831622235668e-02 -1.808340165493238727e+00
6.666666666666666297e-01 -8.002197701273144892e-02 -3.520283234239051762e+00
1.000000000000000000e+00 -1.144665364180032369e-01 -5.097348727245530675e+00
1.333333333333333259e+00 -1.463424661218392375e-01 -6.506528617177394835e+00
1.666666666666666519e+00 -1.753771928497988020e-01 -7.734530703780883698e+00
2.000000000000000000e+00 -2.014777073513743522e-01 -8.781849594550344307e+00
2.333333333333333037e+00 -2.248369970470110446e-01 -9.664321731006401350e+00
2.666666666666666519e+00 -2.456414526826968814e-01 -1.039895201874491093e+01
3.000000000000000000e+00 -2.641023149898364397e-01 -1.100407791497903531e+01
