0.000000000000000000e+00 1.718111032406517604e-03 -2.149561018059407580e+00
3.333333333333333148e-01 -4.346365715613256103e-02 -4.023011047003011598e+00
6.666666666666666297e-01 -8.696426865245177051e-02 -5.777449224206849365e+00
1.000000000000000000e+00 -1.274500270787049527e-01 -7.343584353175474533e+00
1.333333333333333259e+00 -1.641646842833005826e-01 -8.687824662472689141e+00
1.666666666666666519e+00 -1.967930632744016861e-01 -9.804988173200344548e+00
2.000000000000000000e+00 -2.254841930603657951e-01 -1.071307436802187141e+01
2.333333333333333037e+00 -2.505583933183866407e-01 -1.143859830939933531e+01
2.666666666666666519e+00 -2.723226732375181869e-01 -1.200839723373556467e+01
3.000000000000000000e+00 -2.913614476233453709e-01 -1.245376829928052587e+01
