0.000000000000000000e+00 -3.098716225790459303e-03 5.495849978408701153e-01 -1.567746700868944201e-02 -5.309871596434621172e-02 5.495849630161948607e-01 -1.568258005206752195e-02 4.690128351276528357e-02 5.495850326655453699e-01 -1.567235396531136207e-02
1.458333333333333426e-01 -2.999749295593174409e-03 5.487755311868933727e-01 -3.155324789241427397e-02 -5.299550067612820298e-02 5.487389374271084419e-01 -3.220402035070900337e-02 4.699600208494184722e-02 5.488121249466781926e-01 -3.090247543411954803e-02
2.916666666666666852e-01 -2.796201479680478393e-03 5.474285353048580216e-01 -4.725967725023281357e-02 -5.277946889388170082e-02 5.473194273186975378e-01 -4.854850386689108649e-02 4.718706593452073883e-02 5.475376432910185054e-01 -4.597085063357454759e-02
4.375000000000000000e-01 -2.492049676591237550e-03 5.455685195473848337e-01 -6.271170724881387770e-02 -5.245490575064341160e-02 5.453527057955279700e-01 -6.462650158452155902e-02 4.747080639746092956e-02 5.457843332992416974e-01 -6.079691291310619639e-02
5.833333333333333703e-01 -2.092855648072308727e-03 5.432287160362517797e-01 -7.783294804038751180e-02 -5.202781771375467046e-02 5.428741359757977003e-01 -8.035759385308929859e-02 4.784210641761004607e-02 5.435832960967059702e-01 -7.530830222768572502e-02
7.291666666666667407e-01 -1.605455683951651381e-03 5.404487955272362365e-01 -9.255759632459162334e-02 -5.150559574768792670e-02 5.399261427407233693e-01 -9.567253704381137314e-02 4.829468437978461093e-02 5.409714483137489927e-01 -8.944265560537188742e-02
8.750000000000000000e-01 -1.037609560264465131e-03 5.372729478060802588e-01 -1.068315381998906216e-01 -5.089663472582031667e-02 5.365559769364086629e-01 -1.105144123916750321e-01 4.882141560529137253e-02 5.379899186757519658e-01 -1.031486640081062250e-01
1.020833333333333481e+00 -3.976467372574020269e-04 5.337482776220163760e-01 -1.206129316798570383e-01 -5.020994895108642220e-02 5.328140457190544410e-01 -1.248392490969061908e-01 4.941465547657161728e-02 5.346825095249782001e-01 -1.163866142628078998e-01
1.166666666666666741e+00 3.058580650301175735e-04 5.299221863545957589e-01 -1.338713140824816517e-01 -4.945481830545180729e-02 5.287509985254951195e-01 -1.386150896063792215e-01 5.006653443551203897e-02 5.310933741836962874e-01 -1.291275385585841096e-01
1.312500000000000000e+00 1.064372300930828928e-03 5.258414798874476714e-01 -1.465876309832286339e-01 -4.864047768405576483e-02 5.244169619430558704e-01 -1.518220016804647521e-01 5.076922228591741748e-02 5.272659978318395835e-01 -1.413532602859925436e-01
1.458333333333333481e+00 1.869633821119846915e-03 5.215509486259088945e-01 -1.587520588452062675e-01 -4.777586906404385908e-02 5.198597974308918346e-01 -1.644497821549848748e-01 5.151513670628355551e-02 5.232420998209260654e-01 -1.530543355354276880e-01
1.604166666666666741e+00 2.713821936020187082e-03 5.170923730255448936e-01 -1.703636036596821168e-01 -4.686945328946062056e-02 5.151241960182056934e-01 -1.764975336545550888e-01 5.229709716150099386e-02 5.190605500328842048e-01 -1.642296736648091449e-01
1.750000000000000000e+00 3.589672857623913207e-03 5.125039172925573983e-01 -1.814276932590478952e-01 -4.592908750328066059e-02 5.102509703983219014e-01 -1.879711329211110338e-01 5.310843321852849047e-02 5.147568641867928951e-01 -1.748842535969847845e-01
1.895833333333333481e+00 4.490551200143274961e-03 5.078203243268261113e-01 -1.919554721718164381e-01 -4.496194557173933959e-02 5.052771683078924880e-01 -1.988824426849846172e-01 5.394304797202588431e-02 5.103634803457598457e-01 -1.850285016586482589e-01
2.041666666666666963e+00 5.410476943061732005e-03 5.030720294314834362e-01 -2.019624007250722109e-01 -4.397449171723286088e-02 5.002354073586364747e-01 -2.092478962907533269e-01 5.479544560335632142e-02 5.059086515043303978e-01 -1.946769051593910949e-01
2.187500000000000000e+00 6.344129656345003955e-03 4.982858434058491937e-01 -2.114669468369750061e-01 -4.297247266067103638e-02 4.951542854356752454e-01 -2.190870571107656206e-01 5.566073197336104256e-02 5.014174013760231974e-01 -2.038468365631844192e-01
2.333333333333333481e+00 7.286818254524018643e-03 4.934850626224676629e-01 -2.204895849244243589e-01 -4.196095183379820737e-02 4.900586533074300921e-01 -2.284215998344947263e-01 5.653458834284623424e-02 4.969114719375052891e-01 -2.125575700143539914e-01
2.479166666666666963e+00 8.234474793206412319e-03 4.886894646833633282e-01 -2.290522908908880495e-01 -4.094431886475462939e-02 4.849695402214811435e-01 -2.372747246148886324e-01 5.741326845116744709e-02 4.924093891452455130e-01 -2.208298571668874666e-01
2.625000000000000000e+00 9.183543195179545010e-03 4.839158245597778851e-01 -2.371776464371860293e-01 -3.992640526966646092e-02 4.799049303626466423e-01 -2.456703309079284470e-01 5.829349166002555094e-02 4.879267187569090725e-01 -2.286849619664436117e-01
2.770833333333333481e+00 1.013099895906120242e-02 4.791783942872964164e-01 -2.448883277064499986e-01 -3.891046944317744227e-02 4.748799150501416544e-01 -2.536323229717722949e-01 5.917246736129983670e-02 4.834768735244511784e-01 -2.361443324411276745e-01
2.916666666666666963e+00 1.107429007770931867e-02 4.744885185922184667e-01 -2.522070113330321384e-01 -3.789925705601133316e-02 4.699065604021943066e-01 -2.611846134787118023e-01 6.004783721142996356e-02 4.790704767822426824e-01 -2.432294091873524744e-01
3.062500000000000000e+00 1.201122646747749406e-02 4.698559368610819575e-01 -2.591555724864700871e-01 -3.689512083127257508e-02 4.649952410720816220e-01 -2.683502900101810695e-01 6.091757376622755626e-02 4.747166326500823486e-01 -2.499608549627591603e-01
3.208333333333333481e+00 1.293999994321705198e-02 4.652880769788745319e-01 -2.657554818602865798e-01 -3.590000097263690293e-02 4.601538347026579157e-01 -2.751519634778121226e-01 6.178000085907099648e-02 4.704223192550912036e-01 -2.563590002427610370e-01
3.354166666666666963e+00 1.385911389190325714e-02 4.607911593449795506e-01 -2.720271060712948774e-01 -3.491550075481839044e-02 4.553888907156173338e-01 -2.816110749631484667e-01 6.263372853862489431e-02 4.661934279743417120e-01 -2.624431371794413437e-01
3.500000000000000000e+00 1.476733300115619027e-02 4.563698010858356913e-01 -2.779900089654743223e-01 -3.394294117374392628e-02 4.507053024702827870e-01 -2.877482180860280736e-01 6.347760717605629988e-02 4.620342997013885955e-01 -2.682317998449205709e-01
