0.000000000000000000e+00 -1.753998894282065429e-02 -1.190937537332504084e-02
1.458333333333333426e-01 -3.518794353761786620e-02 -8.317854099185822969e-01
2.916666666666666852e-01 -5.260187287048837673e-02 -1.643876977692832364e+00
4.375000000000000000e-01 -6.966671063326475288e-02 -2.443448317800327896e+00
5.833333333333333703e-01 -8.628191029909186571e-02 -3.226359483470032430e+00
7.291666666666667407e-01 -1.023642121116583731e-01 -3.989100344537230391e+00
8.750000000000000000e-01 -1.178491472391968581e-01 -4.728853304883842590e+00
1.020833333333333481e+00 -1.326904276496060076e-01 -5.443488004370681033e+00
1.166666666666666741e+00 -1.468592140746043662e-01 -6.131540265462629868e+00
1.312500000000000000e+00 -1.603418700354232174e-01 -6.792134894131661049e+00
1.458333333333333481e+00 -1.731375762455736322e-01 -7.424923057697647266e+00
1.604166666666666741e+00 -1.852558527411852229e-01 -8.029970703815132893e+00
1.750000000000000000e+00 -1.967143652857142599e-01 -8.607684443947501762e+00
1.895833333333333481e+00 -2.075364504650498432e-01 -9.158734249154035112e+00
2.041666666666666963e+00 -2.177495188211971133e-01 -9.683975479355414251e+00
2.187500000000000000e+00 -2.273835669546442340e-01 -1.018439896510669485e+01
2.333333333333333481e+00 -2.364696914044182030e-01 -1.066108474215681667e+01
2.479166666666666963e+00 -2.450395866409318668e-01 -1.111514181167650861e+01
2.625000000000000000e+00 -2.531245503865252044e-01 -1.154770510918262794e+01
2.770833333333333481e+00 -2.607550869465798393e-01 -1.195989634265735546e+01
2.916666666666666963e+00 -2.679604176392863524e-01 -1.235282325717033913e+01
3.062500000000000000e+00 -2.747684683149669849e-01 -1.272756476192193631e+01
3.208333333333333481e+00 -2.812057746924914170e-01 -1.308513072292053536e+01
3.354166666666666963e+00 -2.872971881326579213e-01 -1.342650229551264651e+01
3.500000000000000000e+00 -2.930658686634807220e-01 -1.375261646069773747e+01
