0.000000000000000000e+00 -1.759631999999999863e-02 -1.554328500997824263e-02
2.500000000000000000e-01 -4.764132000000000089e-02 -1.428667397369732139e+00
5.000000000000000000e-01 -7.668875999999999471e-02 -2.826482736345055091e+00
7.500000000000000000e-01 -1.042104999999999976e-01 -4.198421009461089426e+00
1.000000000000000000e+00 -1.298522000000000010e-01 -5.536671656054610757e+00
1.250000000000000000e+00 -1.534322999999999937e-01 -6.836251662181368260e+00
1.500000000000000000e+00 -1.749138000000000082e-01 -8.094014343630503205e+00
1.750000000000000000e+00 -1.943670000000000120e-01 -9.306599302933571849e+00
2.000000000000000000e+00 -2.118935999999999875e-01 -1.048351763948974735e+01
2.250000000000000000e+00 -2.276778000000000135e-01 -1.161643281737987721e+01
2.500000000000000000e+00 -2.418811999999999907e-01 -1.271000871305631996e+01
2.750000000000000000e+00 -2.546806999999999821e-01 -1.376322546164375105e+01
3.000000000000000000e+00 -2.662072999999999801e-01 -1.478617857949237369e+01
3.250000000000000000e+00 -2.766327000000000091e-01 -1.577259417874550174e+01
