0.000000000000000000e+00 -5.172557560943639131e-03 3.774996839144302563e-02
3.333333333333333148e-01 -4.289159609051487743e-02 -1.640628421301147721e+00
6.666666666666666297e-01 -7.946571150379426463e-02 -3.239410822469403151e+00
1.000000000000000000e+00 -1.140704833763385995e-01 -4.710158627597584413e+00
1.333333333333333259e+00 -1.461594862155080055e-01 -6.022859020220340476e+00
1.666666666666666519e+00 -1.754525130929749099e-01 -7.165188918544247443e+00
2.000000000000000000e+00 -2.018500613532990540e-01 -8.137541010099704764e+00
2.333333333333333037e+00 -2.255534703568358446e-01 -8.954436360025342267e+00
2.666666666666666519e+00 -2.466537038672305115e-01 -9.628654845847549382e+00
3.000000000000000000e+00 -2.654447230398139235e-01 -1.017984897992929127e+01
