0.000000000000000000e+00 -3.448194999999999732e-02 3.415757999999999989e-02 1.570500000000000007e+00
1.458333333333333426e-01 -8.372459000000000151e-02 6.091570000000000318e-02 1.569755999999999929e+00
2.916666666666666852e-01 -1.324581999999999982e-01 8.736758000000000024e-02 1.568516999999999939e+00
4.375000000000000000e-01 -1.804151999999999978e-01 1.133654000000000051e-01 1.566807999999999979e+00
5.833333333333333703e-01 -2.273580000000000045e-01 1.387784999999999991e-01 1.564664999999999973e+00
7.291666666666667407e-01 -2.730858999999999925e-01 1.634972000000000092e-01 1.562127999999999961e+00
8.750000000000000000e-01 -3.174379999999999979e-01 1.874341999999999953e-01 1.559242999999999935e+00
1.020833333333333481e+00 -3.602931999999999801e-01 2.105246000000000062e-01 1.556057000000000023e+00
1.166666666666666741e+00 -4.015687000000000006e-01 2.327249000000000123e-01 1.552616999999999914e+00
1.312500000000000000e+00 -4.412154999999999827e-01 2.540104000000000251e-01 1.548967999999999900e+00
1.458333333333333481e+00 -4.792143999999999848e-01 2.743727000000000249e-01 1.545152000000000081e+00
1.604166666666666741e+00 -5.155701000000000311e-01 2.938167999999999891e-01 1.541209000000000051e+00
1.750000000000000000e+00 -5.503071000000000490e-01 3.123583999999999805e-01 1.537171999999999983e+00
1.895833333333333481e+00 -5.834645000000000525e-01 3.300212000000000145e-01 1.533072999999999908e+00
2.041666666666666963e+00 -6.150923000000000362e-01 3.468345999999999929e-01 1.528937999999999908e+00
2.187500000000000000e+00 -6.452482000000000495e-01 3.628323999999999994e-01 1.524788999999999950e+00
2.333333333333333481e+00 -6.739945999999999993e-01 3.780503000000000058e-01 1.520647000000000082e+00
2.479166666666666963e+00 -7.013962999999999726e-01 3.925256999999999774e-01 1.516528000000000098e+00
2.625000000000000000e+00 -7.275192999999999799e-01 4.062961999999999962e-01 1.512445000000000039e+00
2.770833333333333481e+00 -7.524290999999999618e-01 4.193991000000000247e-01 1.508407999999999971e+00
2.916666666666666963e+00 -7.761898999999999882e-01 4.318705999999999934e-01 1.504428000000000099e+00
3.062500000000000000e+00 -7.988640000000000185e-01 4.437459000000000264e-01 1.500512000000000068e+00
3.208333333333333481e+00 -8.205113000000000545e-01 4.550588999999999884e-01 1.496663999999999994e+00
3.354166666666666963e+00 -8.411887999999999588e-01 4.658416000000000223e-01 1.492888999999999911e+00
3.500000000000000000e+00 -8.609510999999999692e-01 4.761245000000000061e-01 1.489190000000000014e+00
