0.000000000000000000e+00 -1.810992204621589274e-02 -2.221173581551321163e+00
3.333333333333333148e-01 -5.995792585052938523e-02 -4.196878715658479919e+00
6.666666666666666297e-01 -9.988011118964480739e-02 -6.057279238650334463e+00
1.000000000000000000e+00 -1.368681499881256591e-01 -7.736783345902008335e+00
1.333333333333333259e+00 -1.703860426079857882e-01 -9.202267427593596949e+00
1.666666666666666519e+00 -2.002281217418118153e-01 -1.044557973034066123e+01
2.000000000000000000e+00 -2.265982145268251868e-01 -1.148251613875441635e+01
2.333333333333333037e+00 -2.496949450075833798e-01 -1.233253676074586025e+01
2.666666666666666519e+00 -2.699184637101023632e-01 -1.302360735120073088e+01
3.000000000000000000e+00 -2.875619176444788594e-01 -1.357932916119155209e+01
