0.000000000000000000e+00 -9.615880000000000338e-27 7.144157999999999902e+02
1.250000000000000000e+00 1.556901999999999939e-02 6.826010999999999740e+02
2.500000000000000000e+00 3.111146999999999871e-02 6.211231999999999971e+02
3.750000000000000000e+00 4.660091999999999707e-02 5.616231999999999971e+02
5.000000000000000000e+00 6.201116999999999740e-02 5.297229999999999563e+02
6.250000000000000000e+00 7.731638000000000399e-02 5.283115000000000236e+02
7.500000000000000000e+00 9.249119999999999564e-02 5.269063999999999623e+02
8.750000000000000000e+00 1.075109000000000065e-01 5.253153999999999542e+02
1.000000000000000000e+01 1.223512999999999962e-01 5.235352000000000317e+02
1.125000000000000000e+01 1.369892000000000054e-01 5.215773000000000366e+02
1.250000000000000000e+01 1.514022999999999897e-01 5.194573000000000320e+02
1.375000000000000000e+01 1.655689999999999940e-01 5.171924999999999955e+02
1.500000000000000000e+01 1.794690999999999925e-01 5.148002000000000180e+02
1.625000000000000000e+01 1.930833999999999884e-01 5.122980999999999767e+02
1.750000000000000000e+01 2.063937000000000133e-01 5.097037000000000262e+02
1.875000000000000000e+01 2.193833000000000033e-01 5.070335000000000036e+02
2.000000000000000000e+01 2.320367999999999875e-01 5.043036000000000172e+02
2.125000000000000000e+01 2.443398999999999988e-01 5.015285000000000082e+02
2.250000000000000000e+01 2.562798000000000020e-01 4.987221999999999866e+02
2.375000000000000000e+01 2.678451000000000026e-01 4.958971000000000231e+02
2.500000000000000000e+01 2.790256999999999876e-01 4.930645000000000095e+02
2.625000000000000000e+01 2.898127999999999815e-01 4.902343999999999937e+02
2.750000000000000000e+01 3.001991999999999994e-01 4.874155999999999835e+02
2.875000000000000000e+01 3.101786999999999739e-01 4.846155999999999722e+02
3.000000000000000000e+01 3.197469000000000006e-01 4.818408999999999764e+02
