0.000000000000000000e+00 2.052302999999999891e-25 5.289615999999999758e+02
1.250000000000000000e+00 1.556537000000000025e-02 5.288219000000000278e+02
2.500000000000000000e+00 3.110417999999999863e-02 5.284095999999999549e+02
3.750000000000000000e+00 4.659002999999999756e-02 5.276733000000000402e+02
5.000000000000000000e+00 6.199672999999999989e-02 5.124101000000000568e+02
6.250000000000000000e+00 7.729845000000000466e-02 4.750806999999999789e+02
7.500000000000000000e+00 9.246986999999999568e-02 4.472309000000000196e+02
8.750000000000000000e+00 1.074862000000000040e-01 4.268924999999999841e+02
1.000000000000000000e+01 1.223235000000000017e-01 4.120699999999999932e+02
1.125000000000000000e+01 1.369583000000000050e-01 4.011648999999999887e+02
1.250000000000000000e+01 1.513683999999999863e-01 3.930072999999999865e+02
1.375000000000000000e+01 1.655323999999999962e-01 3.867798000000000229e+02
1.500000000000000000e+01 1.794298000000000004e-01 3.819216000000000122e+02
1.625000000000000000e+01 1.930416000000000076e-01 3.780484999999999900e+02
1.750000000000000000e+01 2.063495999999999941e-01 3.748949999999999818e+02
1.875000000000000000e+01 2.193372000000000099e-01 3.722749000000000024e+02
2.000000000000000000e+01 2.319886999999999921e-01 3.700559000000000083e+02
2.125000000000000000e+01 2.442901000000000100e-01 3.681422000000000025e+02
2.250000000000000000e+01 2.562285000000000257e-01 3.664635999999999854e+02
2.375000000000000000e+01 2.677923999999999860e-01 3.649673999999999978e+02
2.500000000000000000e+01 2.789718999999999949e-01 3.636139000000000010e+02
2.625000000000000000e+01 2.897581000000000184e-01 3.623727000000000089e+02
2.750000000000000000e+01 3.001437000000000133e-01 3.612200000000000273e+02
2.875000000000000000e+01 3.101226999999999734e-01 3.601374000000000137e+02
3.000000000000000000e+01 3.196904999999999886e-01 3.591102000000000203e+02
