0.000000000000000000e+00 -9.615880000000000338e-27 2.796561000000000163e+01
1.250000000000000000e+00 1.556901999999999939e-02 2.796373000000000175e+01
2.500000000000000000e+00 3.111146999999999871e-02 2.795799999999999841e+01
3.750000000000000000e+00 4.660091999999999707e-02 2.794838999999999984e+01
5.000000000000000000e+00 6.201116999999999740e-02 2.793498999999999910e+01
6.250000000000000000e+00 7.731638000000000399e-02 2.791771999999999920e+01
7.500000000000000000e+00 9.249119999999999564e-02 2.789656000000000091e+01
8.750000000000000000e+00 1.075109000000000065e-01 2.787149000000000143e+01
1.000000000000000000e+01 1.223512999999999962e-01 2.784247999999999834e+01
1.125000000000000000e+01 1.369892000000000054e-01 2.780950999999999951e+01
1.250000000000000000e+01 1.514022999999999897e-01 2.777253999999999934e+01
1.375000000000000000e+01 1.655689999999999940e-01 2.773160999999999987e+01
1.500000000000000000e+01 1.794690999999999925e-01 2.768648999999999916e+01
1.625000000000000000e+01 1.930833999999999884e-01 2.763723999999999847e+01
1.750000000000000000e+01 2.063937000000000133e-01 2.758389000000000024e+01
1.875000000000000000e+01 2.193833000000000033e-01 2.752618000000000009e+01
2.000000000000000000e+01 2.320367999999999875e-01 2.746426999999999907e+01
2.125000000000000000e+01 2.443398999999999988e-01 2.739784999999999826e+01
2.250000000000000000e+01 2.562798000000000020e-01 2.732700000000000173e+01
2.375000000000000000e+01 2.678451000000000026e-01 2.725168000000000035e+01
2.500000000000000000e+01 2.790256999999999876e-01 2.717166999999999888e+01
2.625000000000000000e+01 2.898127999999999815e-01 2.708701999999999899e+01
2.750000000000000000e+01 3.001991999999999994e-01 2.699759999999999849e+01
2.875000000000000000e+01 3.101786999999999739e-01 2.690315999999999974e+01
3.000000000000000000e+01 3.197469000000000006e-01 2.680370999999999881e+01
