0.000000000000000000e+00 -1.754121000000000152e-02 1.847501000000000033e+02
1.250000000000000000e+00 -1.986359000000000041e-03 1.847501000000000033e+02
2.500000000000000000e+00 1.358399000000000065e-02 1.847007999999999868e+02
3.750000000000000000e+00 2.914326000000000069e-02 1.845221999999999980e+02
5.000000000000000000e+00 4.466479000000000282e-02 1.842415000000000020e+02
6.250000000000000000e+00 6.012199000000000015e-02 1.838600999999999885e+02
7.500000000000000000e+00 7.548845999999999334e-02 1.833797000000000139e+02
8.750000000000000000e+00 9.073807999999999874e-02 1.828026000000000124e+02
1.000000000000000000e+01 1.058452000000000004e-01 1.821314999999999884e+02
1.125000000000000000e+01 1.207846000000000058e-01 1.813693000000000097e+02
1.250000000000000000e+01 1.355319000000000107e-01 1.805113000000000056e+02
1.375000000000000000e+01 1.500634000000000134e-01 1.721942999999999984e+02
1.500000000000000000e+01 1.643563000000000107e-01 1.621180999999999983e+02
1.625000000000000000e+01 1.783887000000000111e-01 1.529757999999999925e+02
1.750000000000000000e+01 1.921400000000000052e-01 1.447249999999999943e+02
1.875000000000000000e+01 2.055904000000000065e-01 1.372946000000000026e+02
2.000000000000000000e+01 2.187216999999999911e-01 1.306037000000000035e+02
2.125000000000000000e+01 2.315166999999999919e-01 1.245718999999999994e+02
2.250000000000000000e+01 2.439599000000000073e-01 1.191238000000000028e+02
2.375000000000000000e+01 2.560368000000000088e-01 1.141907000000000068e+02
2.500000000000000000e+01 2.677344999999999864e-01 1.097120000000000033e+02
2.625000000000000000e+01 2.790418000000000065e-01 1.056340000000000003e+02
2.750000000000000000e+01 2.899486000000000008e-01 1.019098999999999933e+02
2.875000000000000000e+01 3.004464000000000024e-01 9.849872000000000583e+01
3.000000000000000000e+01 3.105282999999999793e-01 9.536490000000000578e+01
