0.000000000000000000e+00 0.000000000000000000e+00 5.201307922821929424e+02
1.716750000000000220e+00 2.128587714702587924e-02 5.201132975695476262e+02
3.433500000000000441e+00 4.251645455645166466e-02 5.200347302695819280e+02
5.150250000000000661e+00 6.363669589108296443e-02 5.053025507474926030e+02
6.867000000000000881e+00 8.459209209016520237e-02 4.552650553915748901e+02
8.583750000000000213e+00 1.052488457559127843e-01 4.224297346503193467e+02
1.030050000000000132e+01 1.255624158255897738e-01 4.011788645308750461e+02
1.201725000000000065e+01 1.453973644462772663e-01 3.872009269464543308e+02
1.373400000000000176e+01 1.648417599425534008e-01 3.775721687934143915e+02
1.545075000000000109e+01 1.837775919827752125e-01 3.706673294761002353e+02
1.716750000000000043e+01 2.022257671348339503e-01 3.654565289909316448e+02
1.888425000000000153e+01 2.200020840789277954e-01 3.613940214065589203e+02
2.060100000000000264e+01 2.371417839864090604e-01 3.580712783830089165e+02
2.231775000000000020e+01 2.536771075303819734e-01 3.552298293888051717e+02
2.403450000000000131e+01 2.694376047984622935e-01 3.527540097853141674e+02
2.575125000000000242e+01 2.845398946938237916e-01 3.504964426102877155e+02
2.746800000000000352e+01 2.988228072096842380e-01 3.484204729418149213e+02
2.918475000000000108e+01 3.124081424659314599e-01 3.464379713710570172e+02
3.090150000000000219e+01 3.252198466101526853e-01 3.445276274725547410e+02
3.261824999999999619e+01 3.371770302527549723e-01 3.426797231662146146e+02
3.433500000000000085e+01 3.484168094270669314e-01 3.408393901456215644e+02
