0.000000000000000000e+00 0.000000000000000000e+00 2.769267211008511964e+01
1.716750000000000220e+00 2.128587714702587924e-02 2.769266457906707757e+01
3.433500000000000441e+00 4.251645455645166466e-02 2.769265654006787969e+01
5.150250000000000661e+00 6.363669589108296443e-02 2.769264799906871133e+01
6.867000000000000881e+00 8.459209209016520237e-02 2.769263895373107331e+01
8.583750000000000213e+00 1.052488457559127843e-01 2.769262942319917897e+01
1.030050000000000132e+01 1.255624158255897738e-01 2.769261938535415268e+01
1.201725000000000065e+01 1.453973644462772663e-01 2.769260884563583858e+01
1.373400000000000176e+01 1.648417599425534008e-01 2.769259772417096244e+01
1.545075000000000109e+01 1.837775919827752125e-01 2.769258601054785274e+01
1.716750000000000043e+01 2.022257671348339503e-01 2.769257363944153028e+01
1.888425000000000153e+01 2.200020840789277954e-01 2.769256061931465851e+01
2.060100000000000264e+01 2.371417839864090604e-01 2.769254687573739560e+01
2.231775000000000020e+01 2.536771075303819734e-01 2.769253233013961690e+01
2.403450000000000131e+01 2.694376047984622935e-01 2.769251699068142614e+01
2.575125000000000242e+01 2.845398946938237916e-01 2.769250074177042009e+01
2.746800000000000352e+01 2.988228072096842380e-01 2.769248360022359634e+01
2.918475000000000108e+01 3.124081424659314599e-01 2.769246544493822171e+01
3.090150000000000219e+01 3.252198466101526853e-01 2.769244626046130975e+01
3.261824999999999619e+01 3.371770302527549723e-01 2.769242605667775692e+01
3.433500000000000085e+01 3.484168094270669314e-01 2.769240469924252324e+01
