0.000000000000000000e+00 0.000000000000000000e+00 1.821198947920885018e+02
1.716750000000000220e+00 2.128587714702587924e-02 1.821190800086189086e+02
3.433500000000000441e+00 4.251645455645166466e-02 1.821178693653708933e+02
5.150250000000000661e+00 6.363669589108296443e-02 1.821159162226817045e+02
6.867000000000000881e+00 8.459209209016520237e-02 1.821122746019989620e+02
8.583750000000000213e+00 1.052488457559127843e-01 1.821031980356780764e+02
1.030050000000000132e+01 1.255624158255897738e-01 1.820421911419356036e+02
1.201725000000000065e+01 1.453973644462772663e-01 1.719763501963341241e+02
1.373400000000000176e+01 1.648417599425534008e-01 1.579294556484974521e+02
1.545075000000000109e+01 1.837775919827752125e-01 1.455762211875220089e+02
1.716750000000000043e+01 2.022257671348339503e-01 1.348022779352487532e+02
1.888425000000000153e+01 2.200020840789277954e-01 1.254776367036784279e+02
2.060100000000000264e+01 2.371417839864090604e-01 1.173747575637005269e+02
2.231775000000000020e+01 2.536771075303819734e-01 1.102934241978632599e+02
2.403450000000000131e+01 2.694376047984622935e-01 1.041146601464200074e+02
2.575125000000000242e+01 2.845398946938237916e-01 9.866782430033678963e+01
2.746800000000000352e+01 2.988228072096842380e-01 9.387470814942371078e+01
2.918475000000000108e+01 3.124081424659314599e-01 8.961248460949015282e+01
3.090150000000000219e+01 3.252198466101526853e-01 8.581891894772468277e+01
3.261824999999999619e+01 3.371770302527549723e-01 8.244296588778908585e+01
3.433500000000000085e+01 3.484168094270669314e-01 7.940602755456653483e+01
