0.000000000000000000e+00 8.396953000342161033e+01
2.408260309460123066e-03 8.396724096502848056e+01
9.547704332022077106e-03 8.395445411454267060e+01
2.170115527198354308e-02 8.391233771576871447e+01
3.920547602470089016e-02 8.380644797585907213e+01
6.251255932373381285e-02 8.358199852012096187e+01
9.212489018892019987e-02 8.315776976905571871e+01
1.287069255098906295e-01 8.241485676186032094e+01
1.726136060598041644e-01 8.119665524682532975e+01
2.241464164410486293e-01 7.930273224548071198e+01
2.827853739726409743e-01 1.875987069751530711e+01
3.474690785432663076e-01 7.280347806911015596e+01
4.160082496637914629e-01 6.821668140054018181e+01
5.534618943738689456e-01 5.554500778680348816e+01
6.733430405806213326e-01 4.523741096262251915e+01
7.631564199059778231e-01 3.737714098216243741e+01
