0.000000000000000000e+00 8.396953000342161033e+01
3.353440641678686381e-03 8.396605572601697531e+01
1.334940628045539965e-02 8.394405010996261751e+01
3.036063268265209655e-02 8.386674975952392685e+01
5.482227994582127006e-02 8.366718282403408580e+01
8.724953298877734242e-02 8.324032865384766922e+01
1.280708217399731674e-01 8.243558925852887853e+01
1.776258355614953599e-01 8.104853807795059595e+01
2.354567196343116675e-01 1.665990610416287510e+01
3.004685728698665570e-01 1.596137589637107546e+01
3.703323591323345321e-01 7.142955411599912452e+01
4.420371201562266483e-01 6.633031012642761937e+01
5.122041273204798184e-01 5.965272466200201507e+01
6.372830634054936771e-01 4.846034443189645202e+01
7.306372016406439407e-01 4.093942457765045617e+01
7.981113704960223210e-01 3.460098226564719681e+01
