0.000000000000000000e+00 4.673565324515463359e+00
0.000000000000000000e+00 4.222499119912346544e+01
0.000000000000000000e+00 3.063129046443032877e+01
0.000000000000000000e+00 8.686781185907399561e+01
5.000000000000000000e+00 2.978669910131577581e+01
5.000000000000000000e+00 3.942733176725046462e+01
5.000000000000000000e+00 4.468762093564423665e+00
5.000000000000000000e+00 8.633525955020658671e+01
1.000000000000000000e+01 8.633442267893525468e+01
1.000000000000000000e+01 2.978637719687074537e+01
1.000000000000000000e+01 3.941646811354583235e+01
1.000000000000000000e+01 4.468761358333991573e+00
1.500000000000000000e+01 3.936317719357077038e+01
1.500000000000000000e+01 2.978555723401393607e+01
1.500000000000000000e+01 8.632967659619177425e+01
1.500000000000000000e+01 4.468760087215445154e+00
2.000000000000000000e+01 4.468758201160600407e+00
2.000000000000000000e+01 3.920963068169123034e+01
2.000000000000000000e+01 8.631433784159264633e+01
2.000000000000000000e+01 2.978374313737440815e+01
2.500000000000000000e+01 3.886642261785708286e+01
2.500000000000000000e+01 2.978004659178153446e+01
2.500000000000000000e+01 8.627128648755879681e+01
2.500000000000000000e+01 4.468755583965092093e+00
3.000000000000000000e+01 2.977278923292108104e+01
3.000000000000000000e+01 3.821042368821922963e+01
3.000000000000000000e+01 8.613246434055606926e+01
3.000000000000000000e+01 4.468752080444062358e+00
3.500000000000000000e+01 3.708990261009306977e+01
3.500000000000000000e+01 4.468747481909068675e+00
3.500000000000000000e+01 2.975822258884890914e+01
3.500000000000000000e+01 8.524171275060874109e+01
4.000000000000000000e+01 4.468741612423047016e+00
4.000000000000000000e+01 2.972601590877893685e+01
4.000000000000000000e+01 3.537925771138498021e+01
4.000000000000000000e+01 8.082285451073953197e+01
4.500000000000000000e+01 7.586701704820666237e+01
4.500000000000000000e+01 4.468734374619359961e+00
4.500000000000000000e+01 2.963163128166037552e+01
4.500000000000000000e+01 3.307654134702652016e+01
5.000000000000000000e+01 3.075069604720969352e+01
5.000000000000000000e+01 7.193292817343422030e+01
5.000000000000000000e+01 2.905474171774109848e+01
5.000000000000000000e+01 4.468726048528478323e+00
5.500000000000000000e+01 6.909852586420765874e+01
5.500000000000000000e+01 3.007198952456214514e+01
5.500000000000000000e+01 2.662025712341068839e+01
5.500000000000000000e+01 4.468717573270969190e+00
6.000000000000000000e+01 6.716354999494357969e+01
6.000000000000000000e+01 2.372890936902093983e+01
6.000000000000000000e+01 4.468711088911709872e+00
6.000000000000000000e+01 2.996518274849310970e+01
7.000000000000000000e+01 2.990839566844034181e+01
7.000000000000000000e+01 6.498706597126528095e+01
7.000000000000000000e+01 4.468720557204942878e+00
7.000000000000000000e+01 1.885326242765960814e+01
8.000000000000000000e+01 2.988684648597298477e+01
8.000000000000000000e+01 6.394589910037480962e+01
8.000000000000000000e+01 1.551886350751988886e+01
8.000000000000000000e+01 4.468802951688873648e+00
9.000000000000000000e+01 1.335595782886052163e+01
9.000000000000000000e+01 4.469020691897800823e+00
9.000000000000000000e+01 2.987230438813269373e+01
9.000000000000000000e+01 6.337386039842976260e+01
