0.000000000000000000e+00 4.673565324515463359e+00
0.000000000000000000e+00 4.222499119912346544e+01
0.000000000000000000e+00 3.063129046443032877e+01
0.000000000000000000e+00 8.686781185907399561e+01
5.000000000000000000e+00 2.978666248447417431e+01
5.000000000000000000e+00 3.942676262729558090e+01
5.000000000000000000e+00 4.468761994996252263e+00
5.000000000000000000e+00 8.633522634053316835e+01
1.000000000000000000e+01 8.633340287284148928e+01
1.000000000000000000e+01 2.978615849197208831e+01
1.000000000000000000e+01 3.940452024319822044e+01
1.000000000000000000e+01 4.468760963738996672e+00
1.500000000000000000e+01 3.929863631956684600e+01
1.500000000000000000e+01 2.978475930174750985e+01
1.500000000000000000e+01 8.632350764387342679e+01
1.500000000000000000e+01 4.468759162777183214e+00
2.000000000000000000e+01 4.468756465110209852e+00
2.000000000000000000e+01 3.899766780664171506e+01
2.000000000000000000e+01 8.628943345331617820e+01
2.000000000000000000e+01 2.978145635490044185e+01
2.500000000000000000e+01 3.833732199466628288e+01
2.500000000000000000e+01 2.977427392943523188e+01
2.500000000000000000e+01 8.616832825270279272e+01
2.500000000000000000e+01 4.468752689004578116e+00
3.000000000000000000e+01 2.975875519877264352e+01
3.000000000000000000e+01 3.711957960423900005e+01
3.000000000000000000e+01 8.529073242716022207e+01
3.000000000000000000e+01 4.468747623849027129e+00
3.500000000000000000e+01 3.518127229711717519e+01
3.500000000000000000e+01 4.468741077538941120e+00
3.500000000000000000e+01 2.972134742269895469e+01
3.500000000000000000e+01 8.030940274199791418e+01
4.000000000000000000e+01 4.468733118805047866e+00
4.000000000000000000e+01 2.959322193785227739e+01
4.000000000000000000e+01 3.259219270440485161e+01
4.000000000000000000e+01 7.501299392555625900e+01
4.500000000000000000e+01 7.105712221257620342e+01
4.500000000000000000e+01 4.468724342959366602e+00
4.500000000000000000e+01 2.857429125990328700e+01
4.500000000000000000e+01 3.040782374014575851e+01
5.000000000000000000e+01 3.001963194928913836e+01
5.000000000000000000e+01 6.837678456031387952e+01
5.000000000000000000e+01 2.569439102016377419e+01
5.000000000000000000e+01 4.468716393003950849e+00
5.500000000000000000e+01 6.662825771789270846e+01
5.500000000000000000e+01 2.994666371705979913e+01
5.500000000000000000e+01 2.277748175299217692e+01
5.500000000000000000e+01 4.468712300192335007e+00
6.000000000000000000e+01 6.548940316608420176e+01
6.000000000000000000e+01 2.026371037954040233e+01
6.000000000000000000e+01 4.468716594577013979e+00
6.000000000000000000e+01 2.991765762743719037e+01
7.000000000000000000e+01 2.989062828960194906e+01
7.000000000000000000e+01 6.420517518198948892e+01
7.000000000000000000e+01 4.468773838513331320e+00
7.000000000000000000e+01 1.654685096054138072e+01
8.000000000000000000e+01 2.987576419811240669e+01
8.000000000000000000e+01 6.355587145086204259e+01
8.000000000000000000e+01 1.424809499461301598e+01
8.000000000000000000e+01 4.468923894292618826e+00
9.000000000000000000e+01 1.265086690545454751e+01
9.000000000000000000e+01 4.469245061781192518e+00
9.000000000000000000e+01 2.986188472920320081e+01
9.000000000000000000e+01 6.314472531210725492e+01
