0.000000000000000000e+00 0.000000000000000000e+00 2.775292999999999921e+01
1.000000000000000000e+00 1.242860999999999966e-02 2.774480000000000146e+01
2.000000000000000000e+00 2.484043000000000015e-02 2.771461000000000041e+01
2.500000000000000000e+00 3.103774999999999937e-02 2.768118000000000123e+01
3.000000000000000000e+00 3.722378999999999966e-02 2.764724000000000004e+01
4.000000000000000000e+00 4.954891000000000156e-02 2.758519000000000077e+01
5.000000000000000000e+00 6.183377000000000318e-02 2.746047000000000082e+01
6.000000000000000000e+00 7.403234000000000203e-02 2.733069000000000059e+01
7.000000000000000000e+00 8.614101999999999870e-02 2.718005000000000138e+01
7.500000000000000000e+00 9.215766000000000235e-02 2.709607000000000099e+01
8.000000000000000000e+00 9.814723000000000197e-02 2.700900999999999996e+01
9.000000000000000000e+00 1.100340000000000068e-01 2.682090000000000174e+01
1.000000000000000000e+01 1.217939999999999995e-01 2.659840000000000160e+01
1.250000000000000000e+01 1.505472999999999950e-01 2.597945999999999955e+01
1.500000000000000000e+01 1.782490999999999937e-01 2.527862999999999971e+01
1.750000000000000000e+01 2.047545000000000059e-01 2.446610000000000085e+01
2.000000000000000000e+01 2.299339999999999995e-01 2.362113000000000085e+01
2.250000000000000000e+01 2.536944999999999895e-01 2.278894000000000020e+01
2.500000000000000000e+01 2.759365999999999763e-01 2.198691000000000173e+01
2.750000000000000000e+01 2.966717999999999855e-01 2.123886999999999858e+01
