0.000000000000000000e+00 0.000000000000000000e+00 5.236390000000000100e+02
1.000000000000000000e+00 1.259275999999999972e-02 5.235574000000000296e+02
1.500000000000000000e+00 1.888439999999999910e-02 5.234443999999999733e+02
2.000000000000000000e+00 2.516788999999999832e-02 5.232934999999999945e+02
2.500000000000000000e+00 3.144671999999999745e-02 5.230759000000000469e+02
3.000000000000000000e+00 3.771362000000000325e-02 5.227990999999999531e+02
3.500000000000000000e+00 4.396498000000000073e-02 5.224425999999999704e+02
4.000000000000000000e+00 5.019753999999999883e-02 5.219147000000000389e+02
4.500000000000000000e+00 5.643410000000000093e-02 5.207614999999999554e+02
5.000000000000000000e+00 6.264111999999999458e-02 5.150434000000000196e+02
5.500000000000000000e+00 6.882757000000000458e-02 5.015292000000000030e+02
6.000000000000000000e+00 7.499382999999999744e-02 4.879141999999999939e+02
6.500000000000000000e+00 8.113592999999999500e-02 4.755446000000000026e+02
7.000000000000000000e+00 8.725283999999999818e-02 4.644807999999999879e+02
7.500000000000000000e+00 9.333980000000000055e-02 4.546508999999999787e+02
8.000000000000000000e+00 9.940496000000000054e-02 4.459144999999999754e+02
8.500000000000000000e+00 1.054353999999999986e-01 4.382006999999999834e+02
9.000000000000000000e+00 1.114321000000000061e-01 4.313731999999999971e+02
9.500000000000000000e+00 1.173981999999999942e-01 4.253319999999999936e+02
1.000000000000000000e+01 1.233289000000000052e-01 4.199884000000000128e+02
1.250000000000000000e+01 1.523913000000000073e-01 4.009504999999999768e+02
1.500000000000000000e+01 1.803630999999999984e-01 3.898865000000000123e+02
1.750000000000000000e+01 2.070851999999999971e-01 3.829762999999999806e+02
2.000000000000000000e+01 2.324456000000000022e-01 3.783643000000000143e+02
2.250000000000000000e+01 2.563101999999999880e-01 3.750140000000000100e+02
2.500000000000000000e+01 2.786659000000000219e-01 3.725079999999999814e+02
2.750000000000000000e+01 2.994097000000000008e-01 3.704551999999999907e+02
