0.000000000000000000e+00 0.000000000000000000e+00 7.072386999999999944e+02
1.000000000000000000e+00 1.259275999999999972e-02 6.872875999999999976e+02
1.500000000000000000e+00 1.888439999999999910e-02 6.671002999999999474e+02
2.000000000000000000e+00 2.516788999999999832e-02 6.442486000000000104e+02
2.500000000000000000e+00 3.144671999999999745e-02 6.206733000000000402e+02
3.000000000000000000e+00 3.771362000000000325e-02 5.975697000000000116e+02
3.500000000000000000e+00 4.396498000000000073e-02 5.756308000000000220e+02
4.000000000000000000e+00 5.019753999999999883e-02 5.552963999999999487e+02
4.500000000000000000e+00 5.643410000000000093e-02 5.370789999999999509e+02
5.000000000000000000e+00 6.264111999999999458e-02 5.251367000000000189e+02
5.500000000000000000e+00 6.882757000000000458e-02 5.226413000000000011e+02
6.000000000000000000e+00 7.499382999999999744e-02 5.217605999999999540e+02
6.500000000000000000e+00 8.113592999999999500e-02 5.211263999999999896e+02
7.000000000000000000e+00 8.725283999999999818e-02 5.205480999999999767e+02
7.500000000000000000e+00 9.333980000000000055e-02 5.199785000000000537e+02
8.000000000000000000e+00 9.940496000000000054e-02 5.193703000000000429e+02
8.500000000000000000e+00 1.054353999999999986e-01 5.187631000000000085e+02
9.000000000000000000e+00 1.114321000000000061e-01 5.181214999999999691e+02
9.500000000000000000e+00 1.173981999999999942e-01 5.174582000000000335e+02
1.000000000000000000e+01 1.233289000000000052e-01 5.167766000000000304e+02
1.250000000000000000e+01 1.523913000000000073e-01 5.129960999999999558e+02
1.500000000000000000e+01 1.803630999999999984e-01 5.086951000000000249e+02
1.750000000000000000e+01 2.070851999999999971e-01 5.039990000000000236e+02
2.000000000000000000e+01 2.324456000000000022e-01 4.990475999999999885e+02
2.250000000000000000e+01 2.563101999999999880e-01 4.939041000000000281e+02
2.500000000000000000e+01 2.786659000000000219e-01 4.887370999999999981e+02
2.750000000000000000e+01 2.994097000000000008e-01 4.835740000000000123e+02
