0.000000000000000000e+00 0.000000000000000000e+00 1.823674000000000035e+02
1.000000000000000000e+00 1.259275999999999972e-02 1.823362999999999943e+02
1.500000000000000000e+00 1.888439999999999910e-02 1.822853000000000065e+02
2.000000000000000000e+00 2.516788999999999832e-02 1.822287000000000035e+02
2.500000000000000000e+00 3.144671999999999745e-02 1.821339999999999861e+02
3.000000000000000000e+00 3.771362000000000325e-02 1.820261999999999887e+02
3.500000000000000000e+00 4.396498000000000073e-02 1.819131999999999891e+02
4.000000000000000000e+00 5.019753999999999883e-02 1.817823999999999955e+02
4.500000000000000000e+00 5.643410000000000093e-02 1.815947999999999922e+02
5.000000000000000000e+00 6.264111999999999458e-02 1.814151999999999987e+02
5.500000000000000000e+00 6.882757000000000458e-02 1.812361999999999966e+02
6.000000000000000000e+00 7.499382999999999744e-02 1.809941000000000031e+02
6.500000000000000000e+00 8.113592999999999500e-02 1.807571000000000083e+02
7.000000000000000000e+00 8.725283999999999818e-02 1.805104000000000042e+02
7.500000000000000000e+00 9.333980000000000055e-02 1.802522999999999911e+02
8.000000000000000000e+00 9.940496000000000054e-02 1.799408999999999992e+02
8.500000000000000000e+00 1.054353999999999986e-01 1.796389000000000067e+02
9.000000000000000000e+00 1.114321000000000061e-01 1.793018999999999892e+02
9.500000000000000000e+00 1.173981999999999942e-01 1.789470000000000027e+02
1.000000000000000000e+01 1.233289000000000052e-01 1.785759999999999934e+02
1.250000000000000000e+01 1.523913000000000073e-01 1.722700000000000102e+02
1.500000000000000000e+01 1.803630999999999984e-01 1.534790000000000134e+02
1.750000000000000000e+01 2.070851999999999971e-01 1.377016000000000133e+02
2.000000000000000000e+01 2.324456000000000022e-01 1.247790999999999997e+02
2.250000000000000000e+01 2.563101999999999880e-01 1.141030999999999977e+02
2.500000000000000000e+01 2.786659000000000219e-01 1.052608000000000033e+02
2.750000000000000000e+01 2.994097000000000008e-01 9.781503999999999621e+01
