0.000000000000000000e+00 0.000000000000000000e+00 2.609105000000000132e+02
1.000000000000000000e+00 1.242860999999999966e-02 2.601856000000000222e+02
2.000000000000000000e+00 2.484043000000000015e-02 2.579334000000000060e+02
2.500000000000000000e+00 3.103774999999999937e-02 2.562108999999999810e+02
3.000000000000000000e+00 3.722378999999999966e-02 2.541219000000000108e+02
4.000000000000000000e+00 4.954891000000000156e-02 2.488899999999999864e+02
5.000000000000000000e+00 6.183377000000000318e-02 2.421668999999999983e+02
6.000000000000000000e+00 7.403234000000000203e-02 2.342880000000000109e+02
7.000000000000000000e+00 8.614101999999999870e-02 2.254915000000000020e+02
7.500000000000000000e+00 9.215766000000000235e-02 2.208517999999999972e+02
8.000000000000000000e+00 9.814723000000000197e-02 2.161142999999999859e+02
9.000000000000000000e+00 1.100340000000000068e-01 2.065083999999999946e+02
1.000000000000000000e+01 1.217939999999999995e-01 1.969462000000000046e+02
1.250000000000000000e+01 1.505472999999999950e-01 1.776133000000000095e+02
1.500000000000000000e+01 1.782490999999999937e-01 1.749541000000000111e+02
1.750000000000000000e+01 2.047545000000000059e-01 1.725156000000000063e+02
2.000000000000000000e+01 2.299339999999999995e-01 1.699478000000000009e+02
2.250000000000000000e+01 2.536944999999999895e-01 1.672939000000000078e+02
2.500000000000000000e+01 2.759365999999999763e-01 1.645756000000000085e+02
2.750000000000000000e+01 2.966717999999999855e-01 1.618211000000000013e+02
