1.165476612178796174e-05 1.847762999999999920e+02
4.663429027253187604e-05 1.847762999999999920e+02
1.049853696371796008e-04 1.847762999999999920e+02
1.867851729304285165e-04 1.847762999999999920e+02
2.921407403980943746e-04 1.847762999999999920e+02
4.211942329890111200e-04 1.847762999999999920e+02
5.741141034738739182e-04 1.847762999999999920e+02
7.511065946741869292e-04 1.847761999999999887e+02
9.524047408391802692e-04 1.847761999999999887e+02
1.178280065773090832e-03 1.847761000000000138e+02
1.429033083948717461e-03 1.847761000000000138e+02
1.705002298939465363e-03 1.847759000000000071e+02
2.006558603933675938e-03 1.847758000000000038e+02
2.334112880235041706e-03 1.847755999999999972e+02
2.688107998063937829e-03 1.847753999999999905e+02
3.069027814872528175e-03 1.847752000000000123e+02
3.477394175204811567e-03 1.847749000000000024e+02
3.913772909276670708e-03 1.847744999999999891e+02
4.378764833875405625e-03 1.847740000000000009e+02
4.873020749289796484e-03 1.847735000000000127e+02
5.397231440239773186e-03 1.847727999999999895e+02
5.952136673702862826e-03 1.847720999999999947e+02
6.542808551641052066e-03 1.847711999999999932e+02
7.162468948724216335e-03 1.847701999999999884e+02
7.815380065254520781e-03 1.847691000000000088e+02
8.502579572283962966e-03 1.847676999999999907e+02
9.225558056953880870e-03 1.847661999999999978e+02
9.984541279496625052e-03 1.847644999999999982e+02
1.078104178806675757e-02 1.847624999999999886e+02
1.161629115377660511e-02 1.847603000000000009e+02
1.249154192107533243e-02 1.847578000000000031e+02
1.340815359728429572e-02 1.847549999999999955e+02
1.436754565216182521e-02 1.847518000000000029e+02
1.537123751515665805e-02 1.847483000000000004e+02
1.642077857470776447e-02 1.847443000000000097e+02
1.751786816810057754e-02 1.847399000000000058e+02
1.866427558766522304e-02 1.847349000000000103e+02
1.986183006613862281e-02 1.847293999999999983e+02
2.111252077775201477e-02 1.847232999999999947e+02
2.241837684961384483e-02 1.847164999999999964e+02
2.405064406339358155e-02 1.847074000000000069e+02
2.551175927406592811e-02 1.846987000000000023e+02
2.703957546184878116e-02 1.846890999999999963e+02
2.863722125925716525e-02 1.846784000000000106e+02
3.030771518798254169e-02 1.846665000000000134e+02
3.206012443482454677e-02 1.846533000000000015e+02
3.388824932695611719e-02 1.846387000000000000e+02
3.598342558242204059e-02 1.846209000000000060e+02
3.801319624295253219e-02 1.846026999999999987e+02
4.013936403603159120e-02 1.845824000000000069e+02
4.236700627377067846e-02 1.845600000000000023e+02
4.470152994628669857e-02 1.845350999999999999e+02
4.714859197612573938e-02 1.845074999999999932e+02
4.971665816569487834e-02 1.844767999999999972e+02
5.258604849526034991e-02 1.844404999999999859e+02
5.543956331675922722e-02 1.844021999999999935e+02
5.843590868520206344e-02 1.843597000000000037e+02
6.158352917041162722e-02 1.843123999999999967e+02
6.489074899049629419e-02 1.842597000000000094e+02
6.852428400320910440e-02 1.841982999999999890e+02
