1.165476612178796174e-05 2.615237999999999943e+02
4.663429027253187604e-05 2.615237999999999943e+02
1.049853696371796008e-04 2.615239000000000260e+02
1.867851729304285165e-04 2.615239000000000260e+02
2.921407403980943746e-04 2.615237999999999943e+02
4.211942329890111200e-04 2.615237000000000194e+02
5.741141034738739182e-04 2.615233000000000061e+02
7.511065946741869292e-04 2.615228000000000179e+02
9.524047408391802692e-04 2.615217999999999847e+02
1.178280065773090832e-03 2.615205000000000268e+02
1.429033083948717461e-03 2.615185000000000173e+02
1.705002298939465363e-03 2.615158999999999878e+02
2.006558603933675938e-03 2.615124999999999886e+02
2.334112880235041706e-03 2.615079999999999814e+02
2.688107998063937829e-03 2.615022999999999911e+02
3.069027814872528175e-03 2.614952999999999861e+02
3.477394175204811567e-03 2.614866999999999848e+02
3.913772909276670708e-03 2.614762000000000057e+02
4.378764833875405625e-03 2.614635000000000105e+02
4.873020749289796484e-03 2.614485000000000241e+02
5.397231440239773186e-03 2.614307000000000016e+02
5.952136673702862826e-03 2.614096999999999866e+02
6.542808551641052066e-03 2.613851000000000226e+02
7.162468948724216335e-03 2.613566999999999894e+02
7.815380065254520781e-03 2.613238999999999805e+02
8.502579572283962966e-03 2.612862000000000080e+02
9.225558056953880870e-03 2.612429000000000201e+02
9.984541279496625052e-03 2.611936000000000035e+02
1.078104178806675757e-02 2.611374999999999886e+02
1.161629115377660511e-02 2.610738999999999805e+02
1.249154192107533243e-02 2.610020000000000095e+02
1.340815359728429572e-02 2.609209000000000174e+02
1.436754565216182521e-02 2.608297000000000025e+02
1.537123751515665805e-02 2.607273000000000138e+02
1.642077857470776447e-02 2.606125000000000114e+02
1.751786816810057754e-02 2.604841000000000122e+02
1.866427558766522304e-02 2.603405999999999949e+02
1.986183006613862281e-02 2.601807000000000016e+02
2.111252077775201477e-02 2.600024999999999977e+02
2.241837684961384483e-02 2.598043000000000120e+02
2.405064406339358155e-02 2.595378999999999792e+02
2.551175927406592811e-02 2.592835000000000036e+02
2.703957546184878116e-02 2.590004000000000133e+02
2.863722125925716525e-02 2.586854999999999905e+02
3.030771518798254169e-02 2.583356999999999744e+02
3.206012443482454677e-02 2.579456999999999880e+02
3.388824932695611719e-02 2.575136999999999716e+02
3.598342558242204059e-02 2.569857000000000085e+02
3.801319624295253219e-02 2.564418999999999755e+02
4.013936403603159120e-02 2.558372999999999990e+02
4.236700627377067846e-02 2.551648999999999887e+02
4.470152994628669857e-02 2.544171000000000049e+02
4.714859197612573938e-02 2.535855999999999995e+02
4.971665816569487834e-02 2.526597999999999900e+02
5.258604849526034991e-02 2.515596999999999923e+02
5.543956331675922722e-02 2.503984000000000094e+02
5.843590868520206344e-02 2.491056000000000097e+02
6.158352917041162722e-02 2.476665999999999883e+02
6.489074899049629419e-02 2.460656999999999925e+02
6.852428400320910440e-02 2.442016999999999882e+02
