1.165476612178796174e-05 7.132137000000000171e+02
4.663429027253187604e-05 7.132128999999999905e+02
1.049853696371796008e-04 7.132107999999999493e+02
1.867851729304285165e-04 7.132061999999999671e+02
2.921407403980943746e-04 7.131974000000000160e+02
4.211942329890111200e-04 7.131824000000000296e+02
5.741141034738739182e-04 7.131583000000000538e+02
7.511065946741869292e-04 7.131219999999999573e+02
9.524047408391802692e-04 7.130697000000000116e+02
1.178280065773090832e-03 7.129972000000000207e+02
1.429033083948717461e-03 7.128995999999999640e+02
1.705002298939465363e-03 7.127713999999999714e+02
2.006558603933675938e-03 7.126064999999999827e+02
2.334112880235041706e-03 7.123980999999999995e+02
2.688107998063937829e-03 7.121387999999999465e+02
3.069027814872528175e-03 7.118206000000000131e+02
3.477394175204811567e-03 7.114347000000000207e+02
3.913772909276670708e-03 7.109715999999999667e+02
4.378764833875405625e-03 7.104212999999999738e+02
4.873020749289796484e-03 7.097730000000000246e+02
5.397231440239773186e-03 7.090153999999999996e+02
5.952136673702862826e-03 7.081363000000000056e+02
6.542808551641052066e-03 7.071154999999999973e+02
7.162468948724216335e-03 7.059533000000000129e+02
7.815380065254520781e-03 7.046304999999999836e+02
8.502579572283962966e-03 7.031335000000000264e+02
9.225558056953880870e-03 7.014471999999999525e+02
9.984541279496625052e-03 6.995597999999999956e+02
1.078104178806675757e-02 6.974566999999999553e+02
1.161629115377660511e-02 6.951245000000000118e+02
1.249154192107533243e-02 6.925502999999999929e+02
1.340815359728429572e-02 6.897215999999999667e+02
1.436754565216182521e-02 6.866268999999999778e+02
1.537123751515665805e-02 6.832554000000000087e+02
1.642077857470776447e-02 6.795977000000000317e+02
1.751786816810057754e-02 6.756450999999999567e+02
1.866427558766522304e-02 6.713907000000000380e+02
1.986183006613862281e-02 6.668287000000000262e+02
2.111252077775201477e-02 6.619551000000000158e+02
2.241837684961384483e-02 6.567672999999999774e+02
2.405064406339358155e-02 6.501613999999999578e+02
2.551175927406592811e-02 6.441740999999999531e+02
2.703957546184878116e-02 6.378570999999999458e+02
2.863722125925716525e-02 6.312137999999999920e+02
3.030771518798254169e-02 6.242509000000000015e+02
3.206012443482454677e-02 6.169529999999999745e+02
3.388824932695611719e-02 6.093717000000000326e+02
3.598342558242204059e-02 6.007480000000000473e+02
3.801319624295253219e-02 5.924954999999999927e+02
4.013936403603159120e-02 5.839818000000000211e+02
4.236700627377067846e-02 5.752333999999999605e+02
4.470152994628669857e-02 5.662870000000000346e+02
4.714859197612573938e-02 5.572018000000000484e+02
4.971665816569487834e-02 5.480893999999999551e+02
5.258604849526034991e-02 5.387868999999999460e+02
5.543956331675922722e-02 5.319604000000000497e+02
5.843590868520206344e-02 5.290465000000000373e+02
6.158352917041162722e-02 5.279865999999999531e+02
6.489074899049629419e-02 5.273914999999999509e+02
6.852428400320910440e-02 5.269166000000000167e+02
