1.165476612178796174e-05 2.791816000000000031e+01
4.663429027253187604e-05 2.791816000000000031e+01
1.049853696371796008e-04 2.791816999999999993e+01
1.867851729304285165e-04 2.791817999999999955e+01
2.921407403980943746e-04 2.791818999999999917e+01
4.211942329890111200e-04 2.791820999999999842e+01
5.741141034738739182e-04 2.791823000000000121e+01
7.511065946741869292e-04 2.791825000000000045e+01
9.524047408391802692e-04 2.791827999999999932e+01
1.178280065773090832e-03 2.791831000000000174e+01
1.429033083948717461e-03 2.791834000000000060e+01
1.705002298939465363e-03 2.791836999999999946e+01
2.006558603933675938e-03 2.791841000000000150e+01
2.334112880235041706e-03 2.791844000000000037e+01
2.688107998063937829e-03 2.791847999999999885e+01
3.069027814872528175e-03 2.791852000000000089e+01
3.477394175204811567e-03 2.791856999999999900e+01
3.913772909276670708e-03 2.791861000000000104e+01
4.378764833875405625e-03 2.791865999999999914e+01
4.873020749289796484e-03 2.791871000000000080e+01
5.397231440239773186e-03 2.791875999999999891e+01
5.952136673702862826e-03 2.791880000000000095e+01
6.542808551641052066e-03 2.791884999999999906e+01
7.162468948724216335e-03 2.791890000000000072e+01
7.815380065254520781e-03 2.791894999999999882e+01
8.502579572283962966e-03 2.791899000000000086e+01
9.225558056953880870e-03 2.791903999999999897e+01
9.984541279496625052e-03 2.791908000000000101e+01
1.078104178806675757e-02 2.791911999999999949e+01
1.161629115377660511e-02 2.791914999999999836e+01
1.249154192107533243e-02 2.791919000000000040e+01
1.340815359728429572e-02 2.791920000000000002e+01
1.436754565216182521e-02 2.791921999999999926e+01
1.537123751515665805e-02 2.791923999999999850e+01
1.642077857470776447e-02 2.791923999999999850e+01
1.751786816810057754e-02 2.791922999999999888e+01
1.866427558766522304e-02 2.791921999999999926e+01
1.986183006613862281e-02 2.791917000000000115e+01
2.111252077775201477e-02 2.791912999999999911e+01
2.241837684961384483e-02 2.791907000000000139e+01
2.405064406339358155e-02 2.791901000000000010e+01
2.551175927406592811e-02 2.791891000000000034e+01
2.703957546184878116e-02 2.791878000000000171e+01
2.863722125925716525e-02 2.791862000000000066e+01
3.030771518798254169e-02 2.791844000000000037e+01
3.206012443482454677e-02 2.791823000000000121e+01
3.388824932695611719e-02 2.791797000000000040e+01
3.598342558242204059e-02 2.791766000000000147e+01
3.801319624295253219e-02 2.791731000000000051e+01
4.013936403603159120e-02 2.791691000000000145e+01
4.236700627377067846e-02 2.791644000000000148e+01
4.470152994628669857e-02 2.791590000000000060e+01
4.714859197612573938e-02 2.791528999999999883e+01
4.971665816569487834e-02 2.791459000000000046e+01
5.258604849526034991e-02 2.791375999999999991e+01
5.543956331675922722e-02 2.791284999999999883e+01
5.843590868520206344e-02 2.791180999999999912e+01
6.158352917041162722e-02 2.791063000000000116e+01
6.489074899049629419e-02 2.790928999999999860e+01
6.852428400320910440e-02 2.790773000000000081e+01
