1.165476612178796174e-05 5.289615999999999758e+02
4.663429027253187604e-05 5.289615000000000009e+02
1.049853696371796008e-04 5.289613000000000511e+02
1.867851729304285165e-04 5.289610999999999876e+02
2.921407403980943746e-04 5.289606999999999744e+02
4.211942329890111200e-04 5.289602999999999611e+02
5.741141034738739182e-04 5.289597999999999729e+02
7.511065946741869292e-04 5.289591000000000349e+02
9.524047408391802692e-04 5.289583000000000084e+02
1.178280065773090832e-03 5.289574000000000069e+02
1.429033083948717461e-03 5.289563000000000557e+02
1.705002298939465363e-03 5.289550000000000409e+02
2.006558603933675938e-03 5.289533999999999878e+02
2.334112880235041706e-03 5.289515999999999849e+02
2.688107998063937829e-03 5.289494999999999436e+02
3.069027814872528175e-03 5.289470999999999776e+02
3.477394175204811567e-03 5.289442999999999984e+02
3.913772909276670708e-03 5.289410000000000309e+02
4.378764833875405625e-03 5.289373000000000502e+02
4.873020749289796484e-03 5.289330999999999676e+02
5.397231440239773186e-03 5.289283000000000357e+02
5.952136673702862826e-03 5.289228000000000520e+02
6.542808551641052066e-03 5.289165000000000418e+02
7.162468948724216335e-03 5.289094999999999800e+02
7.815380065254520781e-03 5.289016000000000304e+02
8.502579572283962966e-03 5.288926000000000158e+02
9.225558056953880870e-03 5.288826000000000249e+02
9.984541279496625052e-03 5.288713000000000193e+02
1.078104178806675757e-02 5.288586000000000240e+02
1.161629115377660511e-02 5.288445000000000391e+02
1.249154192107533243e-02 5.288287000000000262e+02
1.340815359728429572e-02 5.288110000000000355e+02
1.436754565216182521e-02 5.287913999999999533e+02
1.537123751515665805e-02 5.287694999999999936e+02
1.642077857470776447e-02 5.287450999999999794e+02
1.751786816810057754e-02 5.287178999999999860e+02
1.866427558766522304e-02 5.286878000000000384e+02
1.986183006613862281e-02 5.286541999999999462e+02
2.111252077775201477e-02 5.286169999999999618e+02
2.241837684961384483e-02 5.285756000000000085e+02
2.405064406339358155e-02 5.285202000000000453e+02
2.551175927406592811e-02 5.284669000000000096e+02
2.703957546184878116e-02 5.284071999999999889e+02
2.863722125925716525e-02 5.283405000000000200e+02
3.030771518798254169e-02 5.282653999999999996e+02
3.206012443482454677e-02 5.281805000000000518e+02
3.388824932695611719e-02 5.280843999999999596e+02
3.598342558242204059e-02 5.279637000000000171e+02
3.801319624295253219e-02 5.278336000000000467e+02
4.013936403603159120e-02 5.276801000000000386e+02
4.236700627377067846e-02 5.274941000000000031e+02
4.470152994628669857e-02 5.272584000000000515e+02
4.714859197612573938e-02 5.269370999999999867e+02
4.971665816569487834e-02 5.264347000000000207e+02
5.258604849526034991e-02 5.253197999999999865e+02
5.543956331675922722e-02 5.221446999999999434e+02
5.843590868520206344e-02 5.149475999999999658e+02
6.158352917041162722e-02 5.058229999999999791e+02
6.489074899049629419e-02 4.962010999999999967e+02
6.852428400320910440e-02 4.860174000000000092e+02
