7.161829688635481953e-05 1.950180000000000007e+02
2.865837548979187290e-04 1.950181000000000040e+02
6.452276743835878804e-04 1.950183000000000106e+02
1.148260723985308892e-03 1.950184999999999889e+02
1.796401004166659843e-03 1.950185999999999922e+02
2.590719364199100139e-03 1.950186999999999955e+02
3.532525312605906773e-03 1.950184999999999889e+02
4.623343042948295338e-03 1.950181000000000040e+02
5.864922290973976528e-03 1.950172000000000025e+02
7.259237267947625874e-03 1.950158999999999878e+02
8.808480628303812232e-03 1.950138000000000034e+02
1.051505147762351287e-02 1.950108999999999924e+02
1.238156122176282785e-02 1.950067999999999984e+02
1.441081063811489385e-02 1.950014999999999930e+02
1.660578286465850054e-02 1.949946999999999946e+02
1.896964720452225597e-02 1.949859999999999900e+02
2.150570943603617377e-02 1.949752000000000010e+02
2.421742162119860931e-02 1.949619999999999891e+02
2.710835218670458110e-02 1.949458999999999946e+02
3.018217606916847456e-02 1.949266000000000076e+02
3.344258509470265928e-02 1.949036999999999864e+02
3.689335752295756776e-02 1.948765999999999963e+02
4.063539459943150967e-02 1.948438999999999908e+02
4.449755521179153683e-02 1.948066000000000031e+02
4.856389112002563319e-02 1.947632999999999868e+02
5.283780081232091613e-02 1.947135000000000105e+02
5.732266975592168606e-02 1.946562999999999874e+02
6.202146419661018484e-02 1.945910000000000082e+02
6.693673120745440019e-02 1.945166999999999859e+02
7.207048004637335581e-02 1.944326000000000079e+02
7.746534765222475027e-02 1.943369000000000142e+02
8.304569103260472929e-02 1.942299999999999898e+02
8.884661570662723273e-02 1.941100999999999885e+02
9.486676505518540359e-02 1.939762000000000057e+02
1.011037023144117641e-01 1.938266999999999882e+02
1.075535542949529744e-01 1.936604000000000099e+02
1.142114193495947089e-01 1.934753000000000043e+02
1.210709912416131628e-01 1.932686999999999955e+02
1.281240845384757354e-01 1.930357999999999947e+02
1.353613299425590888e-01 1.927646000000000015e+02
1.427716787492893380e-01 1.924055999999999926e+02
1.503426035500208258e-01 1.913522000000000105e+02
1.580604928131094933e-01 1.865289999999999964e+02
1.659096632125353077e-01 1.807506999999999948e+02
1.738737454145649064e-01 1.750263999999999953e+02
1.819351910951478857e-01 1.694512000000000000e+02
1.900758628616179557e-01 1.640604999999999905e+02
1.982767422167067695e-01 1.588747999999999934e+02
2.065188146848343786e-01 1.539059000000000026e+02
2.147828755683058033e-01 1.491603000000000065e+02
2.230494325207360296e-01 1.446399999999999864e+02
2.312996888311316668e-01 1.403437000000000126e+02
2.395156417035512186e-01 1.362673000000000059e+02
2.476798866727391302e-01 1.324050000000000011e+02
2.557759148804938931e-01 1.287492000000000019e+02
2.637881055197685565e-01 1.252917000000000058e+02
2.717023276995678693e-01 1.220233999999999952e+02
2.795046423353129694e-01 1.189351000000000056e+02
2.869887302065504131e-01 1.160841999999999956e+02
2.947273121829188103e-01 1.132600999999999942e+02
