0.000000000000000000e+00 3.580895999999999797e-31 2.754669999999999845e+02
1.250000000000000000e+00 1.388787000000000008e-02 2.744422000000000139e+02
2.500000000000000000e+00 2.775682000000000149e-02 2.713050999999999817e+02
3.750000000000000000e+00 4.158797000000000188e-02 2.660622000000000185e+02
5.000000000000000000e+00 5.536258000000000151e-02 2.587950999999999908e+02
6.250000000000000000e+00 6.906213999999999409e-02 2.497365000000000066e+02
7.500000000000000000e+00 8.266840999999999773e-02 2.393092000000000041e+02
8.750000000000000000e+00 9.616347000000000089e-02 2.280884000000000071e+02
1.000000000000000000e+01 1.095297999999999966e-01 2.167245000000000061e+02
1.125000000000000000e+01 1.227503999999999956e-01 2.059824999999999875e+02
1.250000000000000000e+01 1.358087000000000044e-01 1.973625000000000114e+02
1.375000000000000000e+01 1.486887000000000070e-01 1.950180000000000007e+02
1.500000000000000000e+01 1.613750999999999935e-01 1.950180000000000007e+02
1.625000000000000000e+01 1.738532999999999884e-01 1.950180000000000007e+02
1.750000000000000000e+01 1.861092000000000024e-01 1.950180000000000007e+02
1.875000000000000000e+01 1.981295999999999891e-01 1.950180000000000007e+02
2.000000000000000000e+01 2.099022000000000110e-01 1.950180000000000007e+02
2.125000000000000000e+01 2.214152000000000065e-01 1.950180000000000007e+02
2.250000000000000000e+01 2.326577999999999979e-01 1.950180000000000007e+02
2.375000000000000000e+01 2.436201000000000061e-01 1.950180000000000007e+02
2.500000000000000000e+01 2.542929999999999913e-01 1.950180000000000007e+02
2.625000000000000000e+01 2.646682000000000201e-01 1.950180000000000007e+02
2.750000000000000000e+01 2.747384999999999966e-01 1.950180000000000007e+02
2.875000000000000000e+01 2.844972000000000056e-01 1.950180000000000007e+02
3.000000000000000000e+01 2.939388000000000001e-01 1.950180000000000007e+02
