0.000000000000000000e+00 1.873623999999999912e-31 1.958713999999999942e+02
1.250000000000000000e+00 1.388821999999999973e-02 1.958235999999999990e+02
2.500000000000000000e+00 2.775750000000000092e-02 1.956771999999999991e+02
3.750000000000000000e+00 4.158898999999999929e-02 1.954307000000000016e+02
5.000000000000000000e+00 5.536392999999999870e-02 1.950811999999999955e+02
6.250000000000000000e+00 6.906381000000000325e-02 1.946219000000000108e+02
7.500000000000000000e+00 8.267037000000000690e-02 1.940388000000000090e+02
8.750000000000000000e+00 9.616571999999999620e-02 1.932992999999999881e+02
1.000000000000000000e+01 1.095322999999999991e-01 1.923141999999999996e+02
1.125000000000000000e+01 1.227531000000000039e-01 1.907775000000000034e+02
1.250000000000000000e+01 1.358116000000000045e-01 1.874316000000000031e+02
1.375000000000000000e+01 1.486918000000000128e-01 1.804490999999999872e+02
1.500000000000000000e+01 1.613784000000000052e-01 1.719113999999999862e+02
1.625000000000000000e+01 1.738567000000000029e-01 1.635455000000000041e+02
1.750000000000000000e+01 1.861126999999999920e-01 1.557408000000000072e+02
1.875000000000000000e+01 1.981332000000000093e-01 1.485632999999999981e+02
2.000000000000000000e+01 2.099057000000000006e-01 1.419961999999999875e+02
2.125000000000000000e+01 2.214186999999999961e-01 1.359968000000000075e+02
2.250000000000000000e+01 2.326612999999999876e-01 1.305153999999999996e+02
2.375000000000000000e+01 2.436234999999999928e-01 1.255015999999999963e+02
2.500000000000000000e+01 2.542961999999999723e-01 1.209084000000000003e+02
2.625000000000000000e+01 2.646712999999999982e-01 1.166920999999999964e+02
2.750000000000000000e+01 2.747413000000000216e-01 1.128135000000000048e+02
2.875000000000000000e+01 2.844998000000000249e-01 1.092376000000000005e+02
3.000000000000000000e+01 2.939411000000000107e-01 1.059331999999999994e+02
