0.000000000000000000e+00 3.580895999999999797e-31 5.567142999999999802e+02
1.250000000000000000e+00 1.388787000000000008e-02 5.564450000000000500e+02
2.500000000000000000e+00 2.775682000000000149e-02 5.554741999999999962e+02
3.750000000000000000e+00 4.158797000000000188e-02 5.526313999999999851e+02
5.000000000000000000e+00 5.536258000000000151e-02 5.383352999999999611e+02
6.250000000000000000e+00 6.906213999999999409e-02 5.074144999999999754e+02
7.500000000000000000e+00 8.266840999999999773e-02 4.797069000000000187e+02
8.750000000000000000e+00 9.616347000000000089e-02 4.580538000000000238e+02
1.000000000000000000e+01 1.095297999999999966e-01 4.415616999999999734e+02
1.125000000000000000e+01 1.227503999999999956e-01 4.290471999999999753e+02
1.250000000000000000e+01 1.358087000000000044e-01 4.194870000000000232e+02
1.375000000000000000e+01 1.486887000000000070e-01 4.120910999999999831e+02
1.500000000000000000e+01 1.613750999999999935e-01 4.062791000000000281e+02
1.625000000000000000e+01 1.738532999999999884e-01 4.016333999999999946e+02
1.750000000000000000e+01 1.861092000000000024e-01 3.978550000000000182e+02
1.875000000000000000e+01 1.981295999999999891e-01 3.947289000000000101e+02
2.000000000000000000e+01 2.099022000000000110e-01 3.920994000000000028e+02
2.125000000000000000e+01 2.214152000000000065e-01 3.898519999999999754e+02
2.250000000000000000e+01 2.326577999999999979e-01 3.879019000000000119e+02
2.375000000000000000e+01 2.436201000000000061e-01 3.861850999999999772e+02
2.500000000000000000e+01 2.542929999999999913e-01 3.846528999999999883e+02
2.625000000000000000e+01 2.646682000000000201e-01 3.832678999999999974e+02
2.750000000000000000e+01 2.747384999999999966e-01 3.820008000000000266e+02
2.875000000000000000e+01 2.844972000000000056e-01 3.808285000000000196e+02
3.000000000000000000e+01 2.939388000000000001e-01 3.797327000000000226e+02
