0.000000000000000000e+00 1.873623999999999912e-31 2.961776000000000053e+01
1.250000000000000000e+00 1.388821999999999973e-02 2.961621999999999844e+01
2.500000000000000000e+00 2.775750000000000092e-02 2.961138000000000048e+01
3.750000000000000000e+00 4.158898999999999929e-02 2.960323999999999955e+01
5.000000000000000000e+00 5.536392999999999870e-02 2.959194000000000102e+01
6.250000000000000000e+00 6.906381000000000325e-02 2.957738000000000156e+01
7.500000000000000000e+00 8.267037000000000690e-02 2.955953999999999837e+01
8.750000000000000000e+00 9.616571999999999620e-02 2.953841999999999857e+01
1.000000000000000000e+01 1.095322999999999991e-01 2.951399999999999935e+01
1.125000000000000000e+01 1.227531000000000039e-01 2.948626000000000147e+01
1.250000000000000000e+01 1.358116000000000045e-01 2.945526999999999873e+01
1.375000000000000000e+01 1.486918000000000128e-01 2.942079000000000022e+01
1.500000000000000000e+01 1.613784000000000052e-01 2.938291999999999859e+01
1.625000000000000000e+01 1.738567000000000029e-01 2.934170999999999907e+01
1.750000000000000000e+01 1.861126999999999920e-01 2.929691000000000045e+01
1.875000000000000000e+01 1.981332000000000093e-01 2.924860999999999933e+01
2.000000000000000000e+01 2.099057000000000006e-01 2.919681999999999888e+01
2.125000000000000000e+01 2.214186999999999961e-01 2.914135999999999882e+01
2.250000000000000000e+01 2.326612999999999876e-01 2.908230000000000004e+01
2.375000000000000000e+01 2.436234999999999928e-01 2.901946999999999832e+01
2.500000000000000000e+01 2.542961999999999723e-01 2.895294000000000167e+01
2.625000000000000000e+01 2.646712999999999982e-01 2.888260999999999967e+01
2.750000000000000000e+01 2.747413000000000216e-01 2.880827999999999989e+01
2.875000000000000000e+01 2.844998000000000249e-01 2.873009000000000057e+01
3.000000000000000000e+01 2.939411000000000107e-01 2.864780000000000015e+01
