0.000000000000000000e+00 1.873623999999999912e-31 7.168126999999999498e+02
1.250000000000000000e+00 1.388821999999999973e-02 6.947686999999999671e+02
2.500000000000000000e+00 2.775750000000000092e-02 6.471671000000000049e+02
3.750000000000000000e+00 4.158898999999999929e-02 5.978696999999999662e+02
5.000000000000000000e+00 5.536392999999999870e-02 5.671547000000000480e+02
6.250000000000000000e+00 6.906381000000000325e-02 5.609691000000000258e+02
7.500000000000000000e+00 8.267037000000000690e-02 5.586834999999999809e+02
8.750000000000000000e+00 9.616571999999999620e-02 5.568881000000000085e+02
1.000000000000000000e+01 1.095322999999999991e-01 5.551314999999999600e+02
1.125000000000000000e+01 1.227531000000000039e-01 5.533031999999999471e+02
1.250000000000000000e+01 1.358116000000000045e-01 5.513707000000000562e+02
1.375000000000000000e+01 1.486918000000000128e-01 5.493264000000000351e+02
1.500000000000000000e+01 1.613784000000000052e-01 5.471734999999999900e+02
1.625000000000000000e+01 1.738567000000000029e-01 5.449198000000000093e+02
1.750000000000000000e+01 1.861126999999999920e-01 5.425752999999999702e+02
1.875000000000000000e+01 1.981332000000000093e-01 5.401512000000000171e+02
2.000000000000000000e+01 2.099057000000000006e-01 5.376589999999999918e+02
2.125000000000000000e+01 2.214186999999999961e-01 5.351101999999999634e+02
2.250000000000000000e+01 2.326612999999999876e-01 5.325161000000000513e+02
2.375000000000000000e+01 2.436234999999999928e-01 5.298871000000000322e+02
2.500000000000000000e+01 2.542961999999999723e-01 5.272332999999999856e+02
2.625000000000000000e+01 2.646712999999999982e-01 5.245641000000000531e+02
2.750000000000000000e+01 2.747413000000000216e-01 5.218876999999999953e+02
2.875000000000000000e+01 2.844998000000000249e-01 5.192120999999999640e+02
3.000000000000000000e+01 2.939411000000000107e-01 5.165438000000000329e+02
