0.000000000000000000e+00 -1.568701183776691557e-02 6.879185087281279039e+02
2.500000000000000139e-02 -1.840157479193440734e-02 6.154480685918449581e+02
5.000000000000000278e-02 -2.111332361310154504e-02 5.606310186128432633e+02
7.500000000000001110e-02 -2.382206425115448306e-02 5.274469287099053645e+02
1.000000000000000056e-01 -2.652767413443883268e-02 5.234212082066984522e+02
1.250000000000000000e-01 -2.922921949389387444e-02 5.205831312606420624e+02
1.500000000000000222e-01 -3.192655731266469399e-02 5.183902441408075674e+02
1.750000000000000167e-01 -3.461958065874344570e-02 5.166185689944712749e+02
2.000000000000000111e-01 -3.730734960174253434e-02 5.151351828603502554e+02
2.250000000000000056e-01 -3.998974594009591793e-02 5.138547605664789444e+02
2.500000000000000000e-01 -4.266639073194363613e-02 5.127197541753990890e+02
2.750000000000000222e-01 -4.533719625965135919e-02 5.116898017157515710e+02
3.000000000000000444e-01 -4.800123499565576990e-02 5.107357825529961133e+02
3.250000000000000111e-01 -5.065841673860843608e-02 5.098360464660107709e+02
3.500000000000000333e-01 -5.330838483182032128e-02 5.089742150685161732e+02
3.750000000000000000e-01 -5.595078888058332978e-02 5.081376754812311560e+02
4.000000000000000222e-01 -5.858555942063312094e-02 5.073165523785029336e+02
4.250000000000000444e-01 -6.121181800933360451e-02 5.065031617738456475e+02
4.500000000000000111e-01 -6.382950076537081963e-02 5.056913320236608911e+02
4.750000000000000333e-01 -6.643828467099288648e-02 5.048761901599342536e+02
5.000000000000000000e-01 -6.903785406825821425e-02 5.040538786036107695e+02
5.250000000000000222e-01 -7.162790083496214932e-02 5.032213683328042748e+02
5.500000000000000444e-01 -7.420812454594322150e-02 5.023763170359514447e+02
5.750000000000000666e-01 -7.677823261966192081e-02 5.015169588748421461e+02
6.000000000000000888e-01 -7.933819326180921450e-02 5.006419675021430180e+02
6.250000000000000000e-01 -8.188722651719107515e-02 4.997505884778927339e+02
6.500000000000000222e-01 -8.442531425251147137e-02 4.988422836951758086e+02
6.750000000000000444e-01 -8.695219644325166697e-02 4.979168799891843946e+02
7.000000000000000666e-01 -8.946762142404215967e-02 4.969744803632187313e+02
7.250000000000000888e-01 -9.197134594879377567e-02 4.960154283969414450e+02
7.500000000000000000e-01 -9.446313523714881810e-02 4.950402773089290349e+02
7.750000000000000222e-01 -9.694276300753712494e-02 4.940497612942618275e+02
8.000000000000000444e-01 -9.941001149719470853e-02 4.930447704190854097e+02
8.250000000000000666e-01 -1.018646714695094629e-01 4.920263265646784703e+02
8.500000000000000888e-01 -1.043065422090166533e-01 4.909955619394802966e+02
8.750000000000000000e-01 -1.067354315045379032e-01 4.899536982722791549e+02
9.000000000000000222e-01 -1.091511556208319689e-01 4.889020282848368879e+02
9.250000000000000444e-01 -1.115535392592475056e-01 4.878418985038260303e+02
9.500000000000000666e-01 -1.139424155077874840e-01 4.867746913634454131e+02
9.750000000000000888e-01 -1.163176257810970560e-01 4.857018117113226481e+02
1.000000000000000000e+00 -1.186790197508591771e-01 4.846246721768383168e+02
1.025000000000000133e+00 -1.210264552670596294e-01 4.835446802344584398e+02
1.050000000000000044e+00 -1.233597982706631513e-01 4.824632275321721977e+02
1.074999999999999956e+00 -1.256789226981425145e-01 4.813816785407113912e+02
1.100000000000000089e+00 -1.279837103784288721e-01 4.803013619569785533e+02
1.125000000000000000e+00 -1.302740509227081345e-01 4.792235635101874323e+02
1.150000000000000133e+00 -1.325498416076595631e-01 4.781495180322113470e+02
1.175000000000000044e+00 -1.348109872525128650e-01 4.770804033246765812e+02
1.200000000000000178e+00 -1.370574000905034340e-01 4.760173374838837503e+02
1.225000000000000089e+00 -1.392889996351804049e-01 4.749613743794292304e+02
1.250000000000000000e+00 -1.415057125419889317e-01 4.739134991043832201e+02
1.275000000000000133e+00 -1.437074724656852154e-01 4.728746288534533733e+02
1.300000000000000044e+00 -1.458942199139292017e-01 4.718456103520617830e+02
1.325000000000000178e+00 -1.480659020975737539e-01 4.708272199682768928e+02
1.350000000000000089e+00 -1.502224727780168967e-01 4.698201637779551447e+02
1.375000000000000000e+00 -1.523638921120684941e-01 4.688250782269753358e+02
1.400000000000000133e+00 -1.544901264947187713e-01 4.678425327774633615e+02
1.425000000000000044e+00 -1.566011484001436915e-01 4.668730297794367061e+02
1.450000000000000178e+00 -1.586969362214035728e-01 4.659170085353077866e+02
1.475000000000000089e+00 -1.607774741090894077e-01 4.649748458350364899e+02
1.500000000000000000e+00 -1.628427518093196191e-01 4.640468614062489792e+02
1.525000000000000133e+00 -1.648927645013605059e-01 4.631333173240455494e+02
1.550000000000000044e+00 -1.669275126352168237e-01 4.622344245115814374e+02
1.575000000000000178e+00 -1.689470017694145731e-01 4.613503437544461576e+02
1.600000000000000089e+00 -1.709512424093155292e-01 4.604811887917567788e+02
1.625000000000000000e+00 -1.729402498461724280e-01 4.596270310247318776e+02
1.650000000000000133e+00 -1.749140439971621219e-01 4.587879016186882950e+02
1.675000000000000044e+00 -1.768726492466425881e-01 4.579637937666481093e+02
1.700000000000000178e+00 -1.788160942888213090e-01 4.571546680568019383e+02
1.725000000000000089e+00 -1.807444119720451048e-01 4.563604538278713676e+02
1.750000000000000000e+00 -1.826576391448578029e-01 4.555810518404466620e+02
1.775000000000000133e+00 -1.845557055174641692e-01 4.548164090391056220e+02
1.800000000000000044e+00 -1.864388809715820106e-01 4.540662354394959266e+02
1.825000000000000178e+00 -1.883070988502546228e-01 4.533304346596354435e+02
1.850000000000000089e+00 -1.901604105036062420e-01 4.526088219486444473e+02
1.875000000000000000e+00 -1.919988705446820099e-01 4.519011960628111524e+02
1.900000000000000133e+00 -1.938225367091548079e-01 4.512073417349185434e+02
1.925000000000000044e+00 -1.956314697176902151e-01 4.505270327546228373e+02
1.950000000000000178e+00 -1.974257331410390615e-01 4.498600316918443696e+02
1.975000000000000089e+00 -1.992053932679451467e-01 4.492060945882569740e+02
2.000000000000000000e+00 -2.009705189758740906e-01 4.485649688842017326e+02
2.024999999999999911e+00 -2.027211816046701476e-01 4.479363973360382829e+02
2.050000000000000266e+00 -2.044574548331437591e-01 4.473201184176651850e+02
2.075000000000000178e+00 -2.061794145586133276e-01 4.467158679941395576e+02
2.100000000000000089e+00 -2.078871387794629655e-01 4.461233797933783762e+02
2.125000000000000000e+00 -2.095807074806910753e-01 4.455423862422070442e+02
2.149999999999999911e+00 -2.112602025224673274e-01 4.449726197559559182e+02
2.175000000000000266e+00 -2.129257075317214920e-01 4.444138141723589115e+02
2.200000000000000178e+00 -2.145773077967242926e-01 4.438657035601065104e+02
2.225000000000000089e+00 -2.162150901646815448e-01 4.433280250761637262e+02
2.250000000000000000e+00 -2.178391429423154890e-01 4.428005175922775152e+02
2.274999999999999911e+00 -2.194495557993834667e-01 4.422829231185992285e+02
2.300000000000000266e+00 -2.210464196751883992e-01 4.417749875739590948e+02
2.325000000000000178e+00 -2.226298266879374044e-01 4.412764599803616647e+02
2.350000000000000089e+00 -2.241998700470314854e-01 4.407870939827566872e+02
2.375000000000000000e+00 -2.257566439681879256e-01 4.403066478709393436e+02
2.400000000000000355e+00 -2.273002435913295816e-01 4.398348831775120971e+02
2.425000000000000266e+00 -2.288307649013028577e-01 4.393715676659367659e+02
2.450000000000000178e+00 -2.303483046512600774e-01 4.389164730965985655e+02
2.475000000000000089e+00 -2.318528962255417269e-01 4.384694659680383211e+02
2.500000000000000000e+00 -2.333447672160678943e-01 4.380301495281136681e+02
2.525000000000000355e+00 -2.348239507157531547e-01 4.375984011009749679e+02
2.550000000000000266e+00 -2.362905458407466019e-01 4.371740122615526047e+02
2.575000000000000178e+00 -2.377446521316436134e-01 4.367567814446650232e+02
2.600000000000000089e+00 -2.391863694921599337e-01 4.363465112915425266e+02
2.625000000000000000e+00 -2.406157981302217141e-01 4.359430097194876339e+02
2.650000000000000355e+00 -2.420330385013430285e-01 4.355460901484130432e+02
2.675000000000000266e+00 -2.434381912542634696e-01 4.351555708933686333e+02
2.700000000000000178e+00 -2.448313571788005294e-01 4.347712754310560399e+02
2.725000000000000089e+00 -2.462126371558424343e-01 4.343930313999896953e+02
2.750000000000000000e+00 -2.475821321094383298e-01 4.340206731964836990e+02
2.775000000000000355e+00 -2.489399429609212844e-01 4.336540375478480769e+02
2.800000000000000266e+00 -2.502861705850156215e-01 4.332929681417467691e+02
2.825000000000000178e+00 -2.516209157678732100e-01 4.329373119800563927e+02
2.850000000000000089e+00 -2.529442791669808122e-01 4.325869212922133329e+02
2.875000000000000000e+00 -2.542563612728883093e-01 4.322416521906371258e+02
2.900000000000000355e+00 -2.555572623726957149e-01 4.319013653821401704e+02
2.925000000000000266e+00 -2.568470825152610604e-01 4.315659258309480606e+02
2.950000000000000178e+00 -2.581259214780615152e-01 4.312352026803618514e+02
2.975000000000000089e+00 -2.593938787356674935e-01 4.309090688952052233e+02
3.000000000000000000e+00 -2.606510534297751813e-01 4.305874018297485577e+02
3.025000000000000355e+00 -2.618975443407348669e-01 4.302700817132380848e+02
3.050000000000000266e+00 -2.631334498605574224e-01 4.299569931558605163e+02
3.075000000000000178e+00 -2.643588679673201658e-01 4.296480248400126811e+02
3.100000000000000089e+00 -2.655738962009308590e-01 4.293430677339359818e+02
3.125000000000000000e+00 -2.667786316402236402e-01 4.290420169282525080e+02
3.150000000000000355e+00 -2.679731708813146707e-01 4.287447711709243663e+02
3.175000000000000266e+00 -2.691576100171889641e-01 4.284512311618153717e+02
3.200000000000000178e+00 -2.703320446184771519e-01 4.281613015928043069e+02
3.225000000000000089e+00 -2.714965697153639002e-01 4.278748908710232968e+02
3.250000000000000000e+00 -2.726512797806044941e-01 4.275919085971806908e+02
3.275000000000000355e+00 -2.737962687135998552e-01 4.273122680180421753e+02
3.300000000000000266e+00 -2.749316298254958491e-01 4.270358856254293300e+02
3.325000000000000178e+00 -2.760574558252550936e-01 4.267626796545015395e+02
3.350000000000000089e+00 -2.771737835539463402e-01 4.264926761924577931e+02
3.375000000000000000e+00 -2.782808151657395479e-01 4.262255886400548661e+02
3.400000000000000355e+00 -2.793785860394807363e-01 4.259614490896480561e+02
3.425000000000000266e+00 -2.804671863555790456e-01 4.257001849260626614e+02
3.450000000000000178e+00 -2.815467056360914655e-01 4.254417274988547319e+02
3.475000000000000089e+00 -2.826172327359407488e-01 4.251860086123228371e+02
3.500000000000000000e+00 -2.836788558349136458e-01 4.249329638296533744e+02
