0.000000000000000000e+00 -1.568701183776691557e-02 2.723092185021898217e+02
2.500000000000000139e-02 -1.840157479193440734e-02 2.711500231650195474e+02
5.000000000000000278e-02 -2.111332361310154504e-02 2.695817122010680009e+02
7.500000000000001110e-02 -2.382206425115448306e-02 2.674113893019435295e+02
1.000000000000000056e-01 -2.652767413443883268e-02 2.644769415709906752e+02
1.250000000000000000e-01 -2.922921949389387444e-02 2.606394469923347970e+02
1.500000000000000222e-01 -3.192655731266469399e-02 2.558029816448734550e+02
1.750000000000000167e-01 -3.461958065874344570e-02 2.499440797691221405e+02
2.000000000000000111e-01 -3.730734960174253434e-02 2.431336525415840697e+02
2.250000000000000056e-01 -3.998974594009591793e-02 2.355314511786244225e+02
2.500000000000000000e-01 -4.266639073194363613e-02 2.273565697413264388e+02
2.750000000000000222e-01 -4.533719625965135919e-02 2.188436686570583731e+02
3.000000000000000444e-01 -4.800123499565576990e-02 2.102086217894579079e+02
3.250000000000000111e-01 -5.065841673860843608e-02 2.016261865585638873e+02
3.500000000000000333e-01 -5.330838483182032128e-02 1.932279055292167982e+02
3.750000000000000000e-01 -5.595078888058332978e-02 1.851079233972393752e+02
4.000000000000000222e-01 -5.858555942063312094e-02 1.773360277380137688e+02
4.250000000000000444e-01 -6.121181800933360451e-02 1.699904125389680871e+02
4.500000000000000111e-01 -6.382950076537081963e-02 1.633182269271413247e+02
4.750000000000000333e-01 -6.643828467099288648e-02 1.589742759114842272e+02
5.000000000000000000e-01 -6.903785406825821425e-02 1.576228041381633886e+02
5.250000000000000222e-01 -7.162790083496214932e-02 1.568539734621117816e+02
5.500000000000000444e-01 -7.420812454594322150e-02 1.561891659706273572e+02
5.750000000000000666e-01 -7.677823261966192081e-02 1.555515470070222932e+02
6.000000000000000888e-01 -7.933819326180921450e-02 1.549185205316315432e+02
6.250000000000000000e-01 -8.188722651719107515e-02 1.542806967911259619e+02
6.500000000000000222e-01 -8.442531425251147137e-02 1.536331386370326300e+02
6.750000000000000444e-01 -8.695219644325166697e-02 1.529729175424101300e+02
7.000000000000000666e-01 -8.946762142404215967e-02 1.522981380871183319e+02
7.250000000000000888e-01 -9.197134594879377567e-02 1.516075215804711149e+02
7.500000000000000000e-01 -9.446313523714881810e-02 1.509002021831055629e+02
7.750000000000000222e-01 -9.694276300753712494e-02 1.501756124030516446e+02
8.000000000000000444e-01 -9.941001149719470853e-02 1.494334168696929908e+02
8.250000000000000666e-01 -1.018646714695094629e-01 1.486734678575685393e+02
8.500000000000000888e-01 -1.043065422090166533e-01 1.478957750977342869e+02
8.750000000000000000e-01 -1.067354315045379032e-01 1.471004817916665388e+02
9.000000000000000222e-01 -1.091511556208319689e-01 1.462878495311075824e+02
9.250000000000000444e-01 -1.115535392592475056e-01 1.454582417616613839e+02
9.500000000000000666e-01 -1.139424155077874840e-01 1.446121114220582058e+02
9.750000000000000888e-01 -1.163176257810970560e-01 1.437499908220322311e+02
1.000000000000000000e+00 -1.186790197508591771e-01 1.428724827393411090e+02
1.025000000000000133e+00 -1.210264552670596294e-01 1.419802483792188355e+02
1.050000000000000044e+00 -1.233597982706631513e-01 1.410740030463798860e+02
1.074999999999999956e+00 -1.256789226981425145e-01 1.401545048986762652e+02
1.100000000000000089e+00 -1.279837103784288721e-01 1.392225500402091711e+02
1.125000000000000000e+00 -1.302740509227081345e-01 1.382789656498107718e+02
1.150000000000000133e+00 -1.325498416076595631e-01 1.373246010829640511e+02
1.175000000000000044e+00 -1.348109872525128650e-01 1.363603253652928515e+02
1.200000000000000178e+00 -1.370574000905034340e-01 1.353870181965406800e+02
1.225000000000000089e+00 -1.392889996351804049e-01 1.344055676075066970e+02
1.250000000000000000e+00 -1.415057125419889317e-01 1.334168634051321760e+02
1.275000000000000133e+00 -1.437074724656852154e-01 1.324217924415544303e+02
1.300000000000000044e+00 -1.458942199139292017e-01 1.314212355580326630e+02
1.325000000000000178e+00 -1.480659020975737539e-01 1.304160634954792215e+02
1.350000000000000089e+00 -1.502224727780168967e-01 1.294071323639382172e+02
1.375000000000000000e+00 -1.523638921120684941e-01 1.283952814558990667e+02
1.400000000000000133e+00 -1.544901264947187713e-01 1.273813313187580434e+02
1.425000000000000044e+00 -1.566011484001436915e-01 1.263660798546667507e+02
1.450000000000000178e+00 -1.586969362214035728e-01 1.253503009167750264e+02
1.475000000000000089e+00 -1.607774741090894077e-01 1.243347421542734423e+02
1.500000000000000000e+00 -1.628427518093196191e-01 1.233201246985853743e+02
1.525000000000000133e+00 -1.648927645013605059e-01 1.223071390843091564e+02
1.550000000000000044e+00 -1.669275126352168237e-01 1.212964487086731538e+02
1.575000000000000178e+00 -1.689470017694145731e-01 1.202886853874850885e+02
1.600000000000000089e+00 -1.709512424093155292e-01 1.192844506907971009e+02
1.625000000000000000e+00 -1.729402498461724280e-01 1.182843148623561120e+02
1.650000000000000133e+00 -1.749140439971621219e-01 1.172888170429516066e+02
1.675000000000000044e+00 -1.768726492466425881e-01 1.162984652909165817e+02
1.700000000000000178e+00 -1.788160942888213090e-01 1.153137372891085448e+02
1.725000000000000089e+00 -1.807444119720451048e-01 1.143350797551470635e+02
1.750000000000000000e+00 -1.826576391448578029e-01 1.133629104784178736e+02
1.775000000000000133e+00 -1.845557055174641692e-01 1.123976117020868202e+02
1.800000000000000044e+00 -1.864388809715820106e-01 1.114395511800370286e+02
1.825000000000000178e+00 -1.883070988502546228e-01 1.104890572762431304e+02
1.850000000000000089e+00 -1.901604105036062420e-01 1.095464340280639846e+02
1.875000000000000000e+00 -1.919988705446820099e-01 1.086119607944896188e+02
1.900000000000000133e+00 -1.938225367091548079e-01 1.076858910017013500e+02
1.925000000000000044e+00 -1.956314697176902151e-01 1.067684533133413538e+02
1.950000000000000178e+00 -1.974257331410390615e-01 1.058598532861322212e+02
1.975000000000000089e+00 -1.992053932679451467e-01 1.049602751072662130e+02
2.000000000000000000e+00 -2.009705189758740906e-01 1.040698820419566744e+02
2.024999999999999911e+00 -2.027211816046701476e-01 1.031888168763103835e+02
2.050000000000000266e+00 -2.044574548331437591e-01 1.023172019701097923e+02
2.075000000000000178e+00 -2.061794145586133276e-01 1.014551431411057933e+02
2.100000000000000089e+00 -2.078871387794629655e-01 1.006027277190436564e+02
2.125000000000000000e+00 -2.095807074806910753e-01 9.976002894445973368e+01
2.149999999999999911e+00 -2.112602025224673274e-01 9.892710222470634562e+01
2.175000000000000266e+00 -2.129257075317214920e-01 9.810399007904005941e+01
2.200000000000000178e+00 -2.145773077967242926e-01 9.729072213455826557e+01
2.225000000000000089e+00 -2.162150901646815448e-01 9.648731328575941291e+01
2.250000000000000000e+00 -2.178391429423154890e-01 9.569376841910836617e+01
2.274999999999999911e+00 -2.194495557993834667e-01 9.491008106697243818e+01
2.300000000000000266e+00 -2.210464196751883992e-01 9.413623335999056962e+01
2.325000000000000178e+00 -2.226298266879374044e-01 9.337219982340592139e+01
2.350000000000000089e+00 -2.241998700470314854e-01 9.261794542550920539e+01
2.375000000000000000e+00 -2.257566439681879256e-01 9.187342666861172802e+01
2.400000000000000355e+00 -2.273002435913295816e-01 9.113859173581785456e+01
2.425000000000000266e+00 -2.288307649013028577e-01 9.041338392722801132e+01
2.450000000000000178e+00 -2.303483046512600774e-01 8.969773806136375072e+01
2.475000000000000089e+00 -2.318528962255417269e-01 8.899154706522631386e+01
2.500000000000000000e+00 -2.333447672160678943e-01 8.829481104021922988e+01
2.525000000000000355e+00 -2.348239507157531547e-01 8.760741366920704820e+01
2.550000000000000266e+00 -2.362905458407466019e-01 8.692927016328458478e+01
2.575000000000000178e+00 -2.377446521316436134e-01 8.626029051389929236e+01
2.600000000000000089e+00 -2.391863694921599337e-01 8.560038551800793982e+01
2.625000000000000000e+00 -2.406157981302217141e-01 8.494945975199853194e+01
2.650000000000000355e+00 -2.420330385013430285e-01 8.430741486409263530e+01
2.675000000000000266e+00 -2.434381912542634696e-01 8.367415154589662052e+01
2.700000000000000178e+00 -2.448313571788005294e-01 8.304956759921446974e+01
2.725000000000000089e+00 -2.462126371558424343e-01 8.243356058160938460e+01
2.750000000000000000e+00 -2.475821321094383298e-01 8.182602301308742199e+01
2.775000000000000355e+00 -2.489399429609212844e-01 8.122684851113397997e+01
2.800000000000000266e+00 -2.502861705850156215e-01 8.063593101251962025e+01
2.825000000000000178e+00 -2.516209157678732100e-01 8.005316091980803606e+01
2.850000000000000089e+00 -2.529442791669808122e-01 7.947842975451884229e+01
2.875000000000000000e+00 -2.542563612728883093e-01 7.891162776785428434e+01
2.900000000000000355e+00 -2.555572623726957149e-01 7.835264322910484225e+01
2.925000000000000266e+00 -2.568470825152610604e-01 7.780136998684044158e+01
2.950000000000000178e+00 -2.581259214780615152e-01 7.725769368034207218e+01
2.975000000000000089e+00 -2.593938787356674935e-01 7.672150848313621907e+01
3.000000000000000000e+00 -2.606510534297751813e-01 7.619270332617652741e+01
3.025000000000000355e+00 -2.618975443407348669e-01 7.567116894401856086e+01
3.050000000000000266e+00 -2.631334498605574224e-01 7.515679809979694426e+01
3.075000000000000178e+00 -2.643588679673201658e-01 7.464948108072945843e+01
3.100000000000000089e+00 -2.655738962009308590e-01 7.414911330949297508e+01
3.125000000000000000e+00 -2.667786316402236402e-01 7.365558718516216175e+01
3.150000000000000355e+00 -2.679731708813146707e-01 7.316879670936337732e+01
3.175000000000000266e+00 -2.691576100171889641e-01 7.268863907931776680e+01
3.200000000000000178e+00 -2.703320446184771519e-01 7.221500901004036166e+01
3.225000000000000089e+00 -2.714965697153639002e-01 7.174780614614904550e+01
3.250000000000000000e+00 -2.726512797806044941e-01 7.128692741414140244e+01
3.275000000000000355e+00 -2.737962687135998552e-01 7.083227256993316701e+01
3.300000000000000266e+00 -2.749316298254958491e-01 7.038374341887021046e+01
3.325000000000000178e+00 -2.760574558252550936e-01 6.994124153048066717e+01
3.350000000000000089e+00 -2.771737835539463402e-01 6.950462162380381415e+01
3.375000000000000000e+00 -2.782808151657395479e-01 6.907388664414493462e+01
3.400000000000000355e+00 -2.793785860394807363e-01 6.864889485582790485e+01
3.425000000000000266e+00 -2.804671863555790456e-01 6.822954976157274132e+01
3.450000000000000178e+00 -2.815467056360914655e-01 6.781576328679079779e+01
3.475000000000000089e+00 -2.826172327359407488e-01 6.740744318778800448e+01
3.500000000000000000e+00 -2.836788558349136458e-01 6.700450009122373274e+01
