0.000000000000000000e+00 -1.569561688466939234e-02 2.938071683945417689e+01
2.500000000000000139e-02 -1.841040112824040773e-02 2.641853226584763092e+01
5.000000000000000278e-02 -2.112236962846714833e-02 2.419569950075561593e+01
7.500000000000001110e-02 -2.383132841361521731e-02 2.245032223352690437e+01
1.000000000000000056e-01 -2.653715497192299377e-02 2.103364891505808032e+01
1.250000000000000000e-01 -2.923891531688388098e-02 1.985438564170933518e+01
1.500000000000000222e-01 -3.193646649395830150e-02 1.885308641535827689e+01
1.750000000000000167e-01 -3.462970161576823386e-02 1.798919909563502983e+01
2.000000000000000111e-01 -3.731768057673572753e-02 1.723400270019127234e+01
2.250000000000000056e-01 -4.000028522304789613e-02 1.656651907590866557e+01
2.500000000000000000e-01 -4.267713658812790495e-02 1.597102458598941510e+01
2.750000000000000222e-01 -4.534814698679381917e-02 1.543547308694617826e+01
3.000000000000000444e-01 -4.801238875678409679e-02 1.495046076845572181e+01
3.250000000000000111e-01 -5.066977173280188401e-02 1.450852522265930311e+01
3.500000000000000333e-01 -5.331993923885093578e-02 1.410365982781047656e+01
3.750000000000000000e-01 -5.596254086221207763e-02 1.373096752007885613e+01
4.000000000000000222e-01 -5.859750716090146583e-02 1.338641112102707353e+01
4.250000000000000444e-01 -6.122395959756480460e-02 1.306662844260887013e+01
4.500000000000000111e-01 -6.384183431695610034e-02 1.276879350122315060e+01
4.750000000000000333e-01 -6.645080828838920151e-02 1.249051237238029088e+01
5.000000000000000000e-01 -6.905056584216398563e-02 1.222974073537221607e+01
5.250000000000000222e-01 -7.164079884554153121e-02 1.198472164960616126e+01
5.500000000000000444e-01 -7.422120686395126954e-02 1.175393524221150265e+01
5.750000000000000666e-01 -7.679149730756076875e-02 1.153605946063754928e+01
6.000000000000000888e-01 -7.935163839536243935e-02 1.132993767185265988e+01
6.250000000000000000e-01 -8.190085012362913197e-02 1.113455337607893902e+01
6.500000000000000222e-01 -8.443911437585230328e-02 1.094900904441993816e+01
6.750000000000000444e-01 -8.696617112343515976e-02 1.077250860003932509e+01
7.000000000000000666e-01 -8.948176869787610732e-02 1.060434343724858053e+01
7.250000000000000888e-01 -9.198566385090085895e-02 1.044388020467398448e+01
7.500000000000000000e-01 -9.447762180085890471e-02 1.029055073832683043e+01
7.750000000000000222e-01 -9.695741626576298566e-02 1.014384425401126677e+01
8.000000000000000444e-01 -9.942482948328627834e-02 1.000329939567260951e+01
8.250000000000000666e-01 -1.018796522180427933e-01 9.868498428182808979e+00
8.500000000000000888e-01 -1.043216837565867916e-01 9.739062696970099964e+00
8.750000000000000000e-01 -1.067507318904843128e-01 9.614646942106510608e+00
9.000000000000000222e-01 -1.091666128879828362e-01 9.494936638044560340e+00
9.250000000000000444e-01 -1.115691514545845420e-01 9.379643936481219413e+00
9.500000000000000666e-01 -1.139581806831026500e-01 9.268505453231480118e+00
9.750000000000000888e-01 -1.163335419936197129e-01 9.161278399404695350e+00
1.000000000000000000e+00 -1.186950850638543026e-01 9.057740355778237884e+00
1.025000000000000133e+00 -1.210426677504044257e-01 8.957685201881457004e+00
1.050000000000000044e+00 -1.233761560013756364e-01 8.860923576339843066e+00
1.074999999999999956e+00 -1.256954237608922942e-01 8.767279498689307005e+00
1.100000000000000089e+00 -1.280003528660331735e-01 8.676589973839721637e+00
1.125000000000000000e+00 -1.302908329366134210e-01 8.588703922432140203e+00
1.150000000000000133e+00 -1.325667612583415478e-01 8.503480435602639886e+00
1.175000000000000044e+00 -1.348280426599252069e-01 8.420788723728396263e+00
1.200000000000000178e+00 -1.370745893844505237e-01 8.340506736454221581e+00
1.225000000000000089e+00 -1.393063209556793247e-01 8.262520068666930229e+00
1.250000000000000000e+00 -1.415231640396471258e-01 8.186722229426596442e+00
1.275000000000000133e+00 -1.437250523020005555e-01 8.113013347163702704e+00
1.300000000000000044e+00 -1.459119262616049018e-01 8.041299711717128318e+00
1.325000000000000178e+00 -1.480837331408010882e-01 7.971493188999830615e+00
1.350000000000000089e+00 -1.502404267127528670e-01 7.903511676419354259e+00
1.375000000000000000e+00 -1.523819671462819381e-01 7.837277424764471867e+00
1.400000000000000133e+00 -1.545083208486235926e-01 7.772716936380310138e+00
1.425000000000000044e+00 -1.566194603064153812e-01 7.709761512680343820e+00
1.450000000000000178e+00 -1.587153639253832127e-01 7.648346085551688489e+00
1.475000000000000089e+00 -1.607960158689708541e-01 7.588409285936625004e+00
1.500000000000000000e+00 -1.628614058963138156e-01 7.529892904814965426e+00
1.525000000000000133e+00 -1.649115291998663191e-01 7.472742286552009894e+00
1.550000000000000044e+00 -1.669463862429481360e-01 7.416905063576735735e+00
1.575000000000000178e+00 -1.689659825975533547e-01 7.362332189986504183e+00
1.600000000000000089e+00 -1.709703287826109253e-01 7.308976805915274433e+00
1.625000000000000000e+00 -1.729594401030664919e-01 7.256794552817956934e+00
1.650000000000000133e+00 -1.749333364898744692e-01 7.205743208383847964e+00
1.675000000000000044e+00 -1.768920423412682352e-01 7.155782675611365384e+00
1.700000000000000178e+00 -1.788355863654036149e-01 7.106874690671522998e+00
1.725000000000000089e+00 -1.807640014246391647e-01 7.058983495246441642e+00
1.750000000000000000e+00 -1.826773243815905945e-01 7.012073640113388073e+00
1.775000000000000133e+00 -1.845754849887180360e-01 6.966113285311289260e+00
1.800000000000000044e+00 -1.864587530859536935e-01 6.921070116493311275e+00
1.825000000000000178e+00 -1.883270620583370469e-01 6.876914029431087094e+00
1.850000000000000089e+00 -1.901804632702153997e-01 6.833617310211727691e+00
1.875000000000000000e+00 -1.920190113488824679e-01 6.791151359769545870e+00
1.900000000000000133e+00 -1.938427640442666744e-01 6.749490738006639567e+00
1.925000000000000044e+00 -1.956517820912913319e-01 6.708610441662579582e+00
1.950000000000000178e+00 -1.974461290749784104e-01 6.668486062820547566e+00
1.975000000000000089e+00 -1.992258712983213387e-01 6.629094843162746109e+00
2.000000000000000000e+00 -2.009910776530398624e-01 6.590414897145401518e+00
2.024999999999999911e+00 -2.027418194931998319e-01 6.552424495032004970e+00
2.050000000000000266e+00 -2.044781705118214887e-01 6.515104347277008046e+00
2.075000000000000178e+00 -2.062002066204065842e-01 6.478434494622336892e+00
2.100000000000000089e+00 -2.079080058314864698e-01 6.442396070062226698e+00
2.125000000000000000e+00 -2.096016481441723145e-01 6.406971557828438080e+00
2.149999999999999911e+00 -2.112812154327186609e-01 6.372143238722943082e+00
2.175000000000000266e+00 -2.129467913380811983e-01 6.337895345912526679e+00
2.200000000000000178e+00 -2.145984611625186278e-01 6.304211140269801561e+00
2.225000000000000089e+00 -2.162363117671734503e-01 6.271075926862003769e+00
2.250000000000000000e+00 -2.178604314726490243e-01 6.238474759594816454e+00
2.274999999999999911e+00 -2.194709099625363757e-01 6.206393372838085121e+00
2.300000000000000266e+00 -2.210678381898959211e-01 6.174817953353659128e+00
2.325000000000000178e+00 -2.226513082866446724e-01 6.143735063083918035e+00
2.350000000000000089e+00 -2.242214134758283572e-01 6.113132965226569127e+00
2.375000000000000000e+00 -2.257782479867233294e-01 6.082998562960113986e+00
2.400000000000000355e+00 -2.273219069727717701e-01 6.053320327711214865e+00
2.425000000000000266e+00 -2.288524864322424024e-01 6.024086864881510017e+00
2.450000000000000178e+00 -2.303700831316445319e-01 5.995286683272042616e+00
2.475000000000000089e+00 -2.318747305068497577e-01 5.966909929713185790e+00
2.500000000000000000e+00 -2.333666560863797701e-01 5.938945248190090176e+00
2.525000000000000355e+00 -2.348458930146165580e-01 5.911383518702706397e+00
2.550000000000000266e+00 -2.363125404207508107e-01 5.884215034618578422e+00
2.575000000000000178e+00 -2.377666978583333202e-01 5.857430338647394485e+00
2.600000000000000089e+00 -2.392084652439626369e-01 5.831020138086331350e+00
2.625000000000000000e+00 -2.406379427983521557e-01 5.804976428873646732e+00
2.650000000000000355e+00 -2.420552309897129606e-01 5.779290332115389006e+00
2.675000000000000266e+00 -2.434604304793997476e-01 5.753954097195875583e+00
2.700000000000000178e+00 -2.448536420697584315e-01 5.728959050203057402e+00
2.725000000000000089e+00 -2.462349666541034099e-01 5.704297726980046335e+00
2.750000000000000000e+00 -2.476045051688319787e-01 5.679963344030853456e+00
2.775000000000000355e+00 -2.489623585475252421e-01 5.655948438596802852e+00
2.800000000000000266e+00 -2.503086276770622454e-01 5.632245598809070941e+00
2.825000000000000178e+00 -2.516434133556561537e-01 5.608848626600089204e+00
2.850000000000000089e+00 -2.529668162527626829e-01 5.585750462128799221e+00
2.875000000000000000e+00 -2.542789368708014974e-01 5.562944841988758604e+00
2.900000000000000355e+00 -2.555798755086499119e-01 5.540425953070275078e+00
2.925000000000000266e+00 -2.568697322268453931e-01 5.518187543415095320e+00
2.950000000000000178e+00 -2.581486068144448476e-01 5.496223658443549098e+00
2.975000000000000089e+00 -2.594165987575042798e-01 5.474529158655499828e+00
3.000000000000000000e+00 -2.606738072091087655e-01 5.453098294574949989e+00
3.025000000000000355e+00 -2.619203309608924557e-01 5.431924844294542254e+00
3.050000000000000266e+00 -2.631562684160628773e-01 5.411004311697021230e+00
3.075000000000000178e+00 -2.643817175637827588e-01 5.390332459723093272e+00
3.100000000000000089e+00 -2.655967759549560103e-01 5.369903429491840186e+00
3.125000000000000000e+00 -2.668015406793086686e-01 5.349712065200980859e+00
3.150000000000000355e+00 -2.679961083437519265e-01 5.329754497911114441e+00
3.175000000000000266e+00 -2.691805750519656315e-01 5.310026441894778237e+00
3.200000000000000178e+00 -2.703550363851754401e-01 5.290522671107977359e+00
3.225000000000000089e+00 -2.715195873840641205e-01 5.271239395065577149e+00
3.250000000000000000e+00 -2.726743225317826980e-01 5.252172022339153479e+00
3.275000000000000355e+00 -2.738193357380346860e-01 5.233317305811443276e+00
3.300000000000000266e+00 -2.749547203241606286e-01 5.214670239844926947e+00
3.325000000000000178e+00 -2.760805690092271725e-01 5.196228187238663310e+00
3.350000000000000089e+00 -2.771969186844988609e-01 5.177986164719682982e+00
3.375000000000000000e+00 -2.783039714333578885e-01 5.159941532252512175e+00
3.400000000000000355e+00 -2.794017626849518710e-01 5.142089820159007729e+00
3.425000000000000266e+00 -2.804903826293998481e-01 5.124427804041931545e+00
3.450000000000000178e+00 -2.815699207983609620e-01 5.106952970761125421e+00
3.475000000000000089e+00 -2.826404660562814586e-01 5.089660854410294810e+00
3.500000000000000000e+00 -2.837021065923537866e-01 5.072549438768499286e+00
