0.000000000000000000e+00 -1.569561688466939234e-02 5.545948628317465818e+02
2.500000000000000139e-02 -1.841040112824040773e-02 5.378380322159498519e+02
5.000000000000000278e-02 -2.112236962846714833e-02 5.276963867826648311e+02
7.500000000000001110e-02 -2.383132841361521731e-02 5.114897663950762876e+02
1.000000000000000056e-01 -2.653715497192299377e-02 4.812325312637374850e+02
1.250000000000000000e-01 -2.923891531688388098e-02 4.544775468656396811e+02
1.500000000000000222e-01 -3.193646649395830150e-02 4.327348647958328343e+02
1.750000000000000167e-01 -3.462970161576823386e-02 4.153966225642982408e+02
2.000000000000000111e-01 -3.731768057673572753e-02 4.017963108272210775e+02
2.250000000000000056e-01 -4.000028522304789613e-02 3.913018274398365861e+02
2.500000000000000000e-01 -4.267713658812790495e-02 3.833254830079847011e+02
2.750000000000000222e-01 -4.534814698679381917e-02 3.773412666650619940e+02
3.000000000000000444e-01 -4.801238875678409679e-02 3.729018913420886179e+02
3.250000000000000111e-01 -5.066977173280188401e-02 3.696442814448803915e+02
3.500000000000000333e-01 -5.331993923885093578e-02 3.672839797436973868e+02
3.750000000000000000e-01 -5.596254086221207763e-02 3.656029898911657483e+02
4.000000000000000222e-01 -5.859750716090146583e-02 3.644362678935153212e+02
4.250000000000000444e-01 -6.122395959756480460e-02 3.636591098510014035e+02
4.500000000000000111e-01 -6.384183431695610034e-02 3.631775520654014713e+02
4.750000000000000333e-01 -6.645080828838920151e-02 3.629203398512835292e+02
5.000000000000000000e-01 -6.905056584216398563e-02 3.628331946774338803e+02
5.250000000000000222e-01 -7.164079884554153121e-02 3.628745293495751412e+02
5.500000000000000444e-01 -7.422120686395126954e-02 3.630122972775573089e+02
5.750000000000000666e-01 -7.679149730756076875e-02 3.632216730147152930e+02
6.000000000000000888e-01 -7.935163839536243935e-02 3.634833967778806141e+02
6.250000000000000000e-01 -8.190085012362913197e-02 3.637822548453582385e+02
6.500000000000000222e-01 -8.443911437585230328e-02 3.641064907021922750e+02
6.750000000000000444e-01 -8.696617112343515976e-02 3.644468320924134446e+02
7.000000000000000666e-01 -8.948176869787610732e-02 3.647960021717663039e+02
7.250000000000000888e-01 -9.198566385090085895e-02 3.651482957903403985e+02
7.500000000000000000e-01 -9.447762180085890471e-02 3.654992516018056676e+02
7.750000000000000222e-01 -9.695741626576298566e-02 3.658453968538781851e+02
8.000000000000000444e-01 -9.942482948328627834e-02 3.661840471576126674e+02
8.250000000000000666e-01 -1.018796522180427933e-01 3.665131486812681487e+02
8.500000000000000888e-01 -1.043216837565867916e-01 3.668311530495001875e+02
8.750000000000000000e-01 -1.067507318904843128e-01 3.671369177150600080e+02
9.000000000000000222e-01 -1.091666128879828362e-01 3.674296262214604667e+02
9.250000000000000444e-01 -1.115691514545845420e-01 3.677087242677212089e+02
9.500000000000000666e-01 -1.139581806831026500e-01 3.679738679894520601e+02
9.750000000000000888e-01 -1.163335419936197129e-01 3.682248823937453608e+02
1.000000000000000000e+00 -1.186950850638543026e-01 3.684617274875153612e+02
1.025000000000000133e+00 -1.210426677504044257e-01 3.686844708380412499e+02
1.050000000000000044e+00 -1.233761560013756364e-01 3.688932652979333398e+02
1.074999999999999956e+00 -1.256954237608922942e-01 3.690883306500488743e+02
1.100000000000000089e+00 -1.280003528660331735e-01 3.692699388770654991e+02
1.125000000000000000e+00 -1.302908329366134210e-01 3.694384019802905073e+02
1.150000000000000133e+00 -1.325667612583415478e-01 3.695940620223726114e+02
1.175000000000000044e+00 -1.348280426599252069e-01 3.697372830120725666e+02
1.200000000000000178e+00 -1.370745893844505237e-01 3.698684443813060057e+02
1.225000000000000089e+00 -1.393063209556793247e-01 3.699879354192341907e+02
1.250000000000000000e+00 -1.415231640396471258e-01 3.700961510085061832e+02
1.275000000000000133e+00 -1.437250523020005555e-01 3.701934880213064503e+02
1.300000000000000044e+00 -1.459119262616049018e-01 3.702803423072815008e+02
1.325000000000000178e+00 -1.480837331408010882e-01 3.703571064288730099e+02
1.350000000000000089e+00 -1.502404267127528670e-01 3.704241678856836870e+02
1.375000000000000000e+00 -1.523819671462819381e-01 3.704819075594882634e+02
1.400000000000000133e+00 -1.545083208486235926e-01 3.705306983224560895e+02
1.425000000000000044e+00 -1.566194603064153812e-01 3.705709045098813590e+02
1.450000000000000178e+00 -1.587153639253832127e-01 3.706028809499759404e+02
1.475000000000000089e+00 -1.607960158689708541e-01 3.706269725784337083e+02
1.500000000000000000e+00 -1.628614058963138156e-01 3.706435140183715475e+02
1.525000000000000133e+00 -1.649115291998663191e-01 3.706528294231274003e+02
1.550000000000000044e+00 -1.669463862429481360e-01 3.706552321947008863e+02
1.575000000000000178e+00 -1.689659825975533547e-01 3.706510251331720269e+02
1.600000000000000089e+00 -1.709703287826109253e-01 3.706405003382053565e+02
1.625000000000000000e+00 -1.729594401030664919e-01 3.706239392209287189e+02
1.650000000000000133e+00 -1.749333364898744692e-01 3.706016128094125861e+02
1.675000000000000044e+00 -1.768920423412682352e-01 3.705737818274053552e+02
1.700000000000000178e+00 -1.788355863654036149e-01 3.705406968320024816e+02
1.725000000000000089e+00 -1.807640014246391647e-01 3.705025985812661133e+02
1.750000000000000000e+00 -1.826773243815905945e-01 3.704597180256037632e+02
1.775000000000000133e+00 -1.845754849887180360e-01 3.704123314139195600e+02
1.800000000000000044e+00 -1.864587530859536935e-01 3.703605426220422032e+02
1.825000000000000178e+00 -1.883270620583370469e-01 3.703046094491346025e+02
1.850000000000000089e+00 -1.901804632702153997e-01 3.702447269594400154e+02
1.875000000000000000e+00 -1.920190113488824679e-01 3.701810820119780487e+02
1.900000000000000133e+00 -1.938427640442666744e-01 3.701138534073816118e+02
1.925000000000000044e+00 -1.956517820912913319e-01 3.700432122653973579e+02
1.950000000000000178e+00 -1.974461290749784104e-01 3.699693223200245598e+02
1.975000000000000089e+00 -1.992258712983213387e-01 3.698923400994456756e+02
2.000000000000000000e+00 -2.009910776530398624e-01 3.698124151778909550e+02
2.024999999999999911e+00 -2.027418194931998319e-01 3.697296906251306723e+02
2.050000000000000266e+00 -2.044781705118214887e-01 3.696443032219528959e+02
2.075000000000000178e+00 -2.062002066204065842e-01 3.695563834678083595e+02
2.100000000000000089e+00 -2.079080058314864698e-01 3.694660562710694194e+02
2.125000000000000000e+00 -2.096016481441723145e-01 3.693734407069561598e+02
2.149999999999999911e+00 -2.112812154327186609e-01 3.692786507448562361e+02
2.175000000000000266e+00 -2.129467913380811983e-01 3.691817950462479416e+02
2.200000000000000178e+00 -2.145984611625186278e-01 3.690829774325687822e+02
2.225000000000000089e+00 -2.162363117671734503e-01 3.689822971283877564e+02
2.250000000000000000e+00 -2.178604314726490243e-01 3.688798488533261661e+02
2.274999999999999911e+00 -2.194709099625363757e-01 3.687757229896130866e+02
2.300000000000000266e+00 -2.210678381898959211e-01 3.686700059191800847e+02
2.325000000000000178e+00 -2.226513082866446724e-01 3.685627800194511110e+02
2.350000000000000089e+00 -2.242214134758283572e-01 3.684541241884281817e+02
2.375000000000000000e+00 -2.257782479867233294e-01 3.683441135309123524e+02
2.400000000000000355e+00 -2.273219069727717701e-01 3.682328199437748708e+02
2.425000000000000266e+00 -2.288524864322424024e-01 3.681203119955617922e+02
2.450000000000000178e+00 -2.303700831316445319e-01 3.680066552052522297e+02
2.475000000000000089e+00 -2.318747305068497577e-01 3.678919827364698563e+02
2.500000000000000000e+00 -2.333666560863797701e-01 3.677762133492614112e+02
2.525000000000000355e+00 -2.348458930146165580e-01 3.676594748399817831e+02
2.550000000000000266e+00 -2.363125404207508107e-01 3.675418218270268653e+02
2.575000000000000178e+00 -2.377666978583333202e-01 3.674233065693993581e+02
2.600000000000000089e+00 -2.392084652439626369e-01 3.673039790770837385e+02
2.625000000000000000e+00 -2.406379427983521557e-01 3.671838870359400175e+02
2.650000000000000355e+00 -2.420552309897129606e-01 3.670630761260497934e+02
2.675000000000000266e+00 -2.434604304793997476e-01 3.669415900775020987e+02
2.700000000000000178e+00 -2.448536420697584315e-01 3.668194706682611468e+02
2.725000000000000089e+00 -2.462349666541034099e-01 3.666967578147259701e+02
2.750000000000000000e+00 -2.476045051688319787e-01 3.665734899609060449e+02
2.775000000000000355e+00 -2.489623585475252421e-01 3.664497035000105143e+02
2.800000000000000266e+00 -2.503086276770622454e-01 3.663254337661232398e+02
2.825000000000000178e+00 -2.516434133556561537e-01 3.662007141057671902e+02
2.850000000000000089e+00 -2.529668162527626829e-01 3.660755769410153562e+02
2.875000000000000000e+00 -2.542789368708014974e-01 3.659500528606337184e+02
2.900000000000000355e+00 -2.555798755086499119e-01 3.658241714981609221e+02
2.925000000000000266e+00 -2.568697322268453931e-01 3.656979611860264185e+02
2.950000000000000178e+00 -2.581486068144448476e-01 3.655714490091343123e+02
2.975000000000000089e+00 -2.594165987575042798e-01 3.654446610180822859e+02
3.000000000000000000e+00 -2.606738072091087655e-01 3.653176219932307163e+02
3.025000000000000355e+00 -2.619203309608924557e-01 3.651903560548707333e+02
3.050000000000000266e+00 -2.631562684160628773e-01 3.650628859159044737e+02
3.075000000000000178e+00 -2.643817175637827588e-01 3.649352337724120048e+02
3.100000000000000089e+00 -2.655967759549560103e-01 3.648074207043952697e+02
3.125000000000000000e+00 -2.668015406793086686e-01 3.646794669146686374e+02
3.150000000000000355e+00 -2.679961083437519265e-01 3.645513920330520818e+02
3.175000000000000266e+00 -2.691805750519656315e-01 3.644232145781387544e+02
3.200000000000000178e+00 -2.703550363851754401e-01 3.642949525901157699e+02
3.225000000000000089e+00 -2.715195873840641205e-01 3.641666232559862806e+02
3.250000000000000000e+00 -2.726743225317826980e-01 3.640382430784351868e+02
3.275000000000000355e+00 -2.738193357380346860e-01 3.639098280615985459e+02
3.300000000000000266e+00 -2.749547203241606286e-01 3.637813934978817656e+02
3.325000000000000178e+00 -2.760805690092271725e-01 3.636529539887786768e+02
3.350000000000000089e+00 -2.771969186844988609e-01 3.635245996027998672e+02
3.375000000000000000e+00 -2.783039714333578885e-01 3.633961917181165404e+02
3.400000000000000355e+00 -2.794017626849518710e-01 3.632678196127293972e+02
3.425000000000000266e+00 -2.804903826293998481e-01 3.631394958937835895e+02
3.450000000000000178e+00 -2.815699207983609620e-01 3.630112325475755028e+02
3.475000000000000089e+00 -2.826404660562814586e-01 3.628830413364536298e+02
3.500000000000000000e+00 -2.837021065923537866e-01 3.627549331724128479e+02
