0.000000000000000000e+00 -1.568701183776691557e-02 1.936365609380731883e+02
2.500000000000000139e-02 -1.840157479193440734e-02 1.840210011994468573e+02
5.000000000000000278e-02 -2.111332361310154504e-02 1.782031991590342273e+02
7.500000000000001110e-02 -2.382206425115448306e-02 1.743013714613364584e+02
1.000000000000000056e-01 -2.652767413443883268e-02 1.714938189651881260e+02
1.250000000000000000e-01 -2.922921949389387444e-02 1.693660958193996180e+02
1.500000000000000222e-01 -3.192655731266469399e-02 1.676866491228800555e+02
1.750000000000000167e-01 -3.461958065874344570e-02 1.663158325325524629e+02
2.000000000000000111e-01 -3.730734960174253434e-02 1.651642623997515500e+02
2.250000000000000056e-01 -3.998974594009591793e-02 1.641718559946303344e+02
2.500000000000000000e-01 -4.266639073194363613e-02 1.632965291562231016e+02
2.750000000000000222e-01 -4.533719625965135919e-02 1.625076511347330950e+02
3.000000000000000444e-01 -4.800123499565576990e-02 1.617820672212355362e+02
3.250000000000000111e-01 -5.065841673860843608e-02 1.611013181218581281e+02
3.500000000000000333e-01 -5.330838483182032128e-02 1.604494342566480611e+02
3.750000000000000000e-01 -5.595078888058332978e-02 1.598101300373099320e+02
4.000000000000000222e-01 -5.858555942063312094e-02 1.591605974415742537e+02
4.250000000000000444e-01 -6.121181800933360451e-02 1.584482057113796145e+02
4.500000000000000111e-01 -6.382950076537081963e-02 1.574338390298788966e+02
4.750000000000000333e-01 -6.643828467099288648e-02 1.544601153441245174e+02
5.000000000000000000e-01 -6.903785406825821425e-02 1.488529387478961610e+02
5.250000000000000222e-01 -7.162790083496214932e-02 1.430077294113219182e+02
5.500000000000000444e-01 -7.420812454594322150e-02 1.373860162847236666e+02
5.750000000000000666e-01 -7.677823261966192081e-02 1.320461841576935456e+02
6.000000000000000888e-01 -7.933819326180921450e-02 1.269916078323696809e+02
6.250000000000000000e-01 -8.188722651719107515e-02 1.222134910479950918e+02
6.500000000000000222e-01 -8.442531425251147137e-02 1.176981802921271196e+02
6.750000000000000444e-01 -8.695219644325166697e-02 1.134310833361924580e+02
7.000000000000000666e-01 -8.946762142404215967e-02 1.093974827334793360e+02
7.250000000000000888e-01 -9.197134594879377567e-02 1.055830280965219998e+02
7.500000000000000000e-01 -9.446313523714881810e-02 1.019739715513778862e+02
7.750000000000000222e-01 -9.694276300753712494e-02 9.855727930965873895e+01
8.000000000000000444e-01 -9.941001149719470853e-02 9.532067530347563888e+01
8.250000000000000666e-01 -1.018646714695094629e-01 9.225264848614830271e+01
8.500000000000000888e-01 -1.043065422090166533e-01 8.934243789586631124e+01
8.750000000000000000e-01 -1.067354315045379032e-01 8.658000466726572597e+01
9.000000000000000222e-01 -1.091511556208319689e-01 8.395599682464620628e+01
9.250000000000000444e-01 -1.115535392592475056e-01 8.146171141376851210e+01
9.500000000000000666e-01 -1.139424155077874840e-01 7.908905376724597147e+01
9.750000000000000888e-01 -1.163176257810970560e-01 7.683049796621313021e+01
1.000000000000000000e+00 -1.186790197508591771e-01 7.467904756540529831e+01
1.025000000000000133e+00 -1.210264552670596294e-01 7.262819806946349388e+01
1.050000000000000044e+00 -1.233597982706631513e-01 7.067190169796641896e+01
1.074999999999999956e+00 -1.256789226981425145e-01 6.880453298250318994e+01
1.100000000000000089e+00 -1.279837103784288721e-01 6.702085826354247899e+01
1.125000000000000000e+00 -1.302740509227081345e-01 6.531600585990396723e+01
1.150000000000000133e+00 -1.325498416076595631e-01 6.368543856114262525e+01
1.175000000000000044e+00 -1.348109872525128650e-01 6.212492931274404384e+01
1.200000000000000178e+00 -1.370574000905034340e-01 6.063053674747236244e+01
1.225000000000000089e+00 -1.392889996351804049e-01 5.919858432176763330e+01
1.250000000000000000e+00 -1.415057125419889317e-01 5.782564029828357377e+01
1.275000000000000133e+00 -1.437074724656852154e-01 5.650849924610131580e+01
1.300000000000000044e+00 -1.458942199139292017e-01 5.524416527853518488e+01
1.325000000000000178e+00 -1.480659020975737539e-01 5.402983666412006869e+01
1.350000000000000089e+00 -1.502224727780168967e-01 5.286289132733899976e+01
1.375000000000000000e+00 -1.523638921120684941e-01 5.174087385567915476e+01
1.400000000000000133e+00 -1.544901264947187713e-01 5.066148307495656411e+01
1.425000000000000044e+00 -1.566011484001436915e-01 4.962256119176939251e+01
1.450000000000000178e+00 -1.586969362214035728e-01 4.862208332384469855e+01
1.475000000000000089e+00 -1.607774741090894077e-01 4.765814853146395791e+01
1.500000000000000000e+00 -1.628427518093196191e-01 4.672897020808866841e+01
1.525000000000000133e+00 -1.648927645013605059e-01 4.583286879877950781e+01
1.550000000000000044e+00 -1.669275126352168237e-01 4.496826412058263145e+01
1.575000000000000178e+00 -1.689470017694145731e-01 4.413366853354345665e+01
1.600000000000000089e+00 -1.709512424093155292e-01 4.332768083181223773e+01
1.625000000000000000e+00 -1.729402498461724280e-01 4.254897982231155851e+01
1.650000000000000133e+00 -1.749140439971621219e-01 4.179631980630668409e+01
1.675000000000000044e+00 -1.768726492466425881e-01 4.106852467928689521e+01
1.700000000000000178e+00 -1.788160942888213090e-01 4.036448407267025118e+01
1.725000000000000089e+00 -1.807444119720451048e-01 3.968314886122476537e+01
1.750000000000000000e+00 -1.826576391448578029e-01 3.902352682323731159e+01
1.775000000000000133e+00 -1.845557055174641692e-01 3.838468968794533964e+01
1.800000000000000044e+00 -1.864388809715820106e-01 3.776572785544241384e+01
1.825000000000000178e+00 -1.883070988502546228e-01 3.716581097328666061e+01
1.850000000000000089e+00 -1.901604105036062420e-01 3.658414212378940533e+01
1.875000000000000000e+00 -1.919988705446820099e-01 3.601996535545791289e+01
1.900000000000000133e+00 -1.938225367091548079e-01 3.547256351835387278e+01
1.925000000000000044e+00 -1.956314697176902151e-01 3.494125622068505521e+01
1.950000000000000178e+00 -1.974257331410390615e-01 3.442539700159630200e+01
1.975000000000000089e+00 -1.992053932679451467e-01 3.392437196777824937e+01
2.000000000000000000e+00 -2.009705189758740906e-01 3.343759715600315019e+01
2.024999999999999911e+00 -2.027211816046701476e-01 3.296451780518589914e+01
2.050000000000000266e+00 -2.044574548331437591e-01 3.250460573891338356e+01
2.075000000000000178e+00 -2.061794145586133276e-01 3.205735767313274920e+01
2.100000000000000089e+00 -2.078871387794629655e-01 3.162229502644892420e+01
2.125000000000000000e+00 -2.095807074806910753e-01 3.119896124661810433e+01
2.149999999999999911e+00 -2.112602025224673274e-01 3.078692154483627519e+01
2.175000000000000266e+00 -2.129257075317214920e-01 3.038576085789063086e+01
2.200000000000000178e+00 -2.145773077967242926e-01 2.999508361512183896e+01
2.225000000000000089e+00 -2.162150901646815448e-01 2.961451138444338937e+01
2.250000000000000000e+00 -2.178391429423154890e-01 2.924368382517960185e+01
2.274999999999999911e+00 -2.194495557993834667e-01 2.888225630911315989e+01
2.300000000000000266e+00 -2.210464196751883992e-01 2.852989906208241067e+01
2.325000000000000178e+00 -2.226298266879374044e-01 2.818629687967096231e+01
2.350000000000000089e+00 -2.241998700470314854e-01 2.785114871086397059e+01
2.375000000000000000e+00 -2.257566439681879256e-01 2.752416640587198771e+01
2.400000000000000355e+00 -2.273002435913295816e-01 2.720507336628506678e+01
2.425000000000000266e+00 -2.288307649013028577e-01 2.689360593765260177e+01
2.450000000000000178e+00 -2.303483046512600774e-01 2.658951038799286337e+01
2.475000000000000089e+00 -2.318528962255417269e-01 2.629254039040158730e+01
2.500000000000000000e+00 -2.333447672160678943e-01 2.600247091480147432e+01
2.525000000000000355e+00 -2.348239507157531547e-01 2.571907507127292192e+01
2.550000000000000266e+00 -2.362905458407466019e-01 2.544213881591310766e+01
2.575000000000000178e+00 -2.377446521316436134e-01 2.517145668909577338e+01
2.600000000000000089e+00 -2.391863694921599337e-01 2.490683176832429169e+01
2.625000000000000000e+00 -2.406157981302217141e-01 2.464807443543494969e+01
2.650000000000000355e+00 -2.420330385013430285e-01 2.439500259908487578e+01
2.675000000000000266e+00 -2.434381912542634696e-01 2.414744162913187608e+01
2.700000000000000178e+00 -2.448313571788005294e-01 2.390522344182739545e+01
2.725000000000000089e+00 -2.462126371558424343e-01 2.366818649058211577e+01
2.750000000000000000e+00 -2.475821321094383298e-01 2.343617510300679641e+01
2.775000000000000355e+00 -2.489399429609212844e-01 2.320903982387048359e+01
2.800000000000000266e+00 -2.502861705850156215e-01 2.298663676900205033e+01
2.825000000000000178e+00 -2.516209157678732100e-01 2.276882714565769561e+01
2.850000000000000089e+00 -2.529442791669808122e-01 2.255547752561860264e+01
2.875000000000000000e+00 -2.542563612728883093e-01 2.234645956065677197e+01
2.900000000000000355e+00 -2.555572623726957149e-01 2.214164912405001928e+01
2.925000000000000266e+00 -2.568470825152610604e-01 2.194092682781481685e+01
2.950000000000000178e+00 -2.581259214780615152e-01 2.174417757892604541e+01
2.975000000000000089e+00 -2.593938787356674935e-01 2.155129005691011557e+01
3.000000000000000000e+00 -2.606510534297751813e-01 2.136215732759808006e+01
3.025000000000000355e+00 -2.618975443407348669e-01 2.117667626618691656e+01
3.050000000000000266e+00 -2.631334498605574224e-01 2.099474702797764891e+01
3.075000000000000178e+00 -2.643588679673201658e-01 2.081627294909666404e+01
3.100000000000000089e+00 -2.655738962009308590e-01 2.064116144645818451e+01
3.125000000000000000e+00 -2.667786316402236402e-01 2.046932219625983151e+01
3.150000000000000355e+00 -2.679731708813146707e-01 2.030066897818601035e+01
3.175000000000000266e+00 -2.691576100171889641e-01 2.013511775169608242e+01
3.200000000000000178e+00 -2.703320446184771519e-01 1.997258709004197641e+01
3.225000000000000089e+00 -2.714965697153639002e-01 1.981299889210399101e+01
3.250000000000000000e+00 -2.726512797806044941e-01 1.965627732460604449e+01
3.275000000000000355e+00 -2.737962687135998552e-01 1.950234922268467841e+01
3.300000000000000266e+00 -2.749316298254958491e-01 1.935114304440731559e+01
3.325000000000000178e+00 -2.760574558252550936e-01 1.920259082666871819e+01
3.350000000000000089e+00 -2.771737835539463402e-01 1.905661981456581344e+01
3.375000000000000000e+00 -2.782808151657395479e-01 1.891317769313426567e+01
3.400000000000000355e+00 -2.793785860394807363e-01 1.877219626959406895e+01
3.425000000000000266e+00 -2.804671863555790456e-01 1.863361492872913061e+01
3.450000000000000178e+00 -2.815467056360914655e-01 1.849737522751343022e+01
3.475000000000000089e+00 -2.826172327359407488e-01 1.836342070046605102e+01
3.500000000000000000e+00 -2.836788558349136458e-01 1.823169661425858479e+01
