0.000000000000000000e+00 0.000000000000000000e+00 2.931635598928606612e+01
1.716750000000000220e+00 1.902147397604864176e-02 2.924831566774633984e+01
3.433500000000000441e+00 3.800332558533851823e-02 2.925367004707699436e+01
5.150250000000000661e+00 5.690608442089639674e-02 2.926254893635459808e+01
6.867000000000000881e+00 7.569058347827543887e-02 2.927495125294645817e+01
8.583750000000000213e+00 9.431810835752131583e-02 2.929087550667956208e+01
1.030050000000000132e+01 1.126516999415886899e-01 2.931027438929871920e+01
1.201725000000000065e+01 1.306113339803728624e-01 2.933309815049732094e+01
1.373400000000000176e+01 1.483047124059269084e-01 2.935939745480619578e+01
1.545075000000000109e+01 1.656243549671696236e-01 2.938911584922368903e+01
1.716750000000000043e+01 1.825348766944624168e-01 2.942222665064605636e+01
1.888425000000000153e+01 1.990683420406126614e-01 2.945876001303176395e+01
2.060100000000000264e+01 2.150572574226933265e-01 2.949856621674554091e+01
2.231775000000000020e+01 2.305459701192800470e-01 2.954167018519626353e+01
2.403450000000000131e+01 2.455693742796093981e-01 2.958811084621365239e+01
2.575125000000000242e+01 2.599758216732471761e-01 2.963769576019815943e+01
2.746800000000000352e+01 2.738743206541214281e-01 2.969055195269040937e+01
2.918475000000000108e+01 2.871878851715259917e-01 2.974656312042537820e+01
3.090150000000000219e+01 2.998265675641078043e-01 2.980554783643435357e+01
3.261824999999999619e+01 3.119208550110125211e-01 2.986770310242523152e+01
3.433500000000000085e+01 3.233961080098284313e-01 2.993287068286728925e+01
