0.000000000000000000e+00 0.000000000000000000e+00 5.506358921840275116e+02
1.716750000000000220e+00 1.902147397604864176e-02 5.497831163179253053e+02
3.433500000000000441e+00 3.800332558533851823e-02 5.491834368835415034e+02
5.150250000000000661e+00 5.690608442089639674e-02 5.469366211740302788e+02
6.867000000000000881e+00 7.569058347827543887e-02 4.962514020128528500e+02
8.583750000000000213e+00 9.431810835752131583e-02 4.607332169581642916e+02
1.030050000000000132e+01 1.126516999415886899e-01 4.365405469009893409e+02
1.201725000000000065e+01 1.306113339803728624e-01 4.200361532952866241e+02
1.373400000000000176e+01 1.483047124059269084e-01 4.084290549388713316e+02
1.545075000000000109e+01 1.656243549671696236e-01 4.000548528023251720e+02
1.716750000000000043e+01 1.825348766944624168e-01 3.938025720239542693e+02
1.888425000000000153e+01 1.990683420406126614e-01 3.889415759695012866e+02
2.060100000000000264e+01 2.150572574226933265e-01 3.850844786679975300e+02
2.231775000000000020e+01 2.305459701192800470e-01 3.819020840745986902e+02
2.403450000000000131e+01 2.455693742796093981e-01 3.791787410963515867e+02
2.575125000000000242e+01 2.599758216732471761e-01 3.768232499193147191e+02
2.746800000000000352e+01 2.738743206541214281e-01 3.747002357279835678e+02
2.918475000000000108e+01 2.871878851715259917e-01 3.727615876429294985e+02
3.090150000000000219e+01 2.998265675641078043e-01 3.709789270291258845e+02
3.261824999999999619e+01 3.119208550110125211e-01 3.692766960549254236e+02
3.433500000000000085e+01 3.233961080098284313e-01 3.676463700368103105e+02
