0.000000000000000000e+00 0.000000000000000000e+00 1.928539709854861428e+02
1.716750000000000220e+00 1.902147397604864176e-02 1.923992810408855121e+02
3.433500000000000441e+00 3.800332558533851823e-02 1.921654399090613481e+02
5.150250000000000661e+00 5.690608442089639674e-02 1.917768692889321187e+02
6.867000000000000881e+00 7.569058347827543887e-02 1.912367235641262653e+02
8.583750000000000213e+00 9.431810835752131583e-02 1.905492283113059671e+02
1.030050000000000132e+01 1.126516999415886899e-01 1.897207961482525604e+02
1.201725000000000065e+01 1.306113339803728624e-01 1.887425559445562442e+02
1.373400000000000176e+01 1.483047124059269084e-01 1.775414331276340647e+02
1.545075000000000109e+01 1.656243549671696236e-01 1.646187683043606285e+02
1.716750000000000043e+01 1.825348766944624168e-01 1.531209817985821644e+02
1.888425000000000153e+01 1.990683420406126614e-01 1.429397708349811182e+02
2.060100000000000264e+01 2.150572574226933265e-01 1.339931056260564901e+02
2.231775000000000020e+01 2.305459701192800470e-01 1.261026630231774419e+02
2.403450000000000131e+01 2.455693742796093981e-01 1.191110709475577494e+02
2.575125000000000242e+01 2.599758216732471761e-01 1.129325789825365973e+02
2.746800000000000352e+01 2.738743206541214281e-01 1.074222691206924054e+02
2.918475000000000108e+01 2.871878851715259917e-01 1.025049392967943476e+02
3.090150000000000219e+01 2.998265675641078043e-01 9.811834014961249295e+01
3.261824999999999619e+01 3.119208550110125211e-01 9.416395685350914846e+01
3.433500000000000085e+01 3.233961080098284313e-01 9.060072710445969335e+01
