0.000000000000000000e+00 -1.880010467362119853e-02
3.888888888888888395e-01 -6.087609478076350805e-02
7.777777777777776791e-01 -1.009734936298397473e-01
1.166666666666666519e+00 -1.380582341811623925e-01
1.555555555555555358e+00 -1.715930775406608599e-01
1.944444444444444420e+00 -2.013918575277682532e-01
2.333333333333333037e+00 -2.276567301910396857e-01
2.722222222222222321e+00 -2.506971204546395993e-01
3.111111111111110716e+00 -2.708450061327770109e-01
3.500000000000000000e+00 -2.884753559252140609e-01
