0.000000000000000000e+00 9.323804959070987330e-03
3.999999999999999667e-01 -3.644604863851188398e-02
7.999999999999999334e-01 -8.062343440924407689e-02
1.199999999999999956e+00 -1.217632604451293482e-01
1.599999999999999867e+00 -1.590449966561675310e-01
2.000000000000000000e+00 -1.921360115971885163e-01
2.399999999999999911e+00 -2.212057678230437419e-01
2.799999999999999822e+00 -2.465641587114883182e-01
3.199999999999999734e+00 -2.686373546594761352e-01
3.599999999999999645e+00 -2.878917483573957825e-01
