0.000000000000000000e+00 -1.753998894282065429e-02
1.458333333333333426e-01 -3.523639111425147519e-02
2.916666666666666852e-01 -5.271771894239942607e-02
4.375000000000000000e-01 -6.988124515744228993e-02
5.833333333333333703e-01 -8.663585578141250187e-02
7.291666666666667407e-01 -1.029043437885667212e-01
8.750000000000000000e-01 -1.186248117658331436e-01
1.020833333333333481e+00 -1.337505086394910059e-01
1.166666666666666741e+00 -1.482496479877659090e-01
1.312500000000000000e+00 -1.621035353399000456e-01
1.458333333333333481e+00 -1.753053721789348263e-01
1.604166666666666741e+00 -1.878582568813363940e-01
1.750000000000000000e+00 -1.997727822609479398e-01
1.895833333333333481e+00 -2.110661431280215217e-01
2.041666666666666963e+00 -2.217597282048692220e-01
2.187500000000000000e+00 -2.318782268888060771e-01
2.333333333333333481e+00 -2.414483260602037495e-01
2.479166666666666963e+00 -2.504979158142332518e-01
2.625000000000000000e+00 -2.590549839390006159e-01
2.770833333333333481e+00 -2.671474190387619352e-01
2.916666666666666963e+00 -2.748028067783571671e-01
3.062500000000000000e+00 -2.820474377774602193e-01
3.208333333333333481e+00 -2.889068048653780640e-01
3.354166666666666963e+00 -2.954048936324011332e-01
3.500000000000000000e+00 -3.015645967457083465e-01
