0.000000000000000000e+00 9.294289882575286141e-03
3.999999999999999667e-01 -3.640892443903470665e-02
7.999999999999999334e-01 -8.053333315445057594e-02
1.199999999999999956e+00 -1.216457674995830573e-01
1.599999999999999867e+00 -1.589260300792607050e-01
2.000000000000000000e+00 -1.920377333449581059e-01
2.399999999999999911e+00 -2.211391126336433033e-01
2.799999999999999822e+00 -2.465339318355347364e-01
3.199999999999999734e+00 -2.686436121292319346e-01
3.599999999999999645e+00 -2.879292295435043059e-01
