0.000000000000000000e+00 -1.759629999999999875e-02
2.500000000000000000e-01 -4.773924999999999697e-02
5.000000000000000000e-01 -7.700205000000000244e-02
7.500000000000000000e-01 -1.049234000000000000e-01
1.000000000000000000e+00 -1.311770999999999909e-01
1.250000000000000000e+00 -1.555815999999999866e-01
1.500000000000000000e+00 -1.780579999999999941e-01
1.750000000000000000e+00 -1.986358000000000013e-01
2.000000000000000000e+00 -2.174002999999999908e-01
2.250000000000000000e+00 -2.344725000000000004e-01
2.500000000000000000e+00 -2.499908000000000130e-01
2.750000000000000000e+00 -2.640979999999999994e-01
3.000000000000000000e+00 -2.769330999999999876e-01
3.250000000000000000e+00 -2.886269000000000196e-01
3.500000000000000000e+00 -2.992991999999999875e-01
