0.000000000000000000e+00 -1.544776999999999956e-02
1.458333333333333426e-01 -3.105420999999999876e-02
2.916666666666666852e-01 -4.650891000000000053e-02
4.375000000000000000e-01 -6.173802999999999930e-02
5.833333333333333703e-01 -7.667438000000000031e-02
7.291666666666667407e-01 -9.125901999999999625e-02
8.750000000000000000e-01 -1.054423000000000027e-01
1.020833333333333481e+00 -1.191839999999999983e-01
1.166666666666666741e+00 -1.324538000000000104e-01
1.312500000000000000e+00 -1.452302000000000037e-01
1.458333333333333481e+00 -1.575003000000000097e-01
1.604166666666666741e+00 -1.692584000000000033e-01
1.750000000000000000e+00 -1.805053000000000074e-01
1.895833333333333481e+00 -1.912467999999999946e-01
2.041666666666666963e+00 -2.014932999999999863e-01
2.187500000000000000e+00 -2.112583000000000100e-01
2.333333333333333481e+00 -2.205576999999999954e-01
2.479166666666666963e+00 -2.294093000000000104e-01
2.625000000000000000e+00 -2.378319000000000127e-01
2.770833333333333481e+00 -2.458450000000000080e-01
2.916666666666666963e+00 -2.534682999999999797e-01
3.062500000000000000e+00 -2.607214999999999949e-01
3.208333333333333481e+00 -2.676239999999999730e-01
3.354166666666666963e+00 -2.741945000000000077e-01
3.500000000000000000e+00 -2.804512000000000116e-01
