0.000000000000000000e+00 1.099770393817630981e-03
3.888888888888888395e-01 -4.937374814864022715e-02
7.777777777777776791e-01 -9.742929713184569906e-02
1.166666666666666519e+00 -1.412996579146741649e-01
1.555555555555555358e+00 -1.801141924791127558e-01
1.944444444444444420e+00 -2.138051809460875807e-01
2.333333333333333037e+00 -2.427154083502949533e-01
2.722222222222222321e+00 -2.674015384366705272e-01
3.111111111111110716e+00 -2.885446060226477538e-01
3.500000000000000000e+00 -3.067571763985549316e-01
