0.000000000000000000e+00 -4.040000000000001923e-02
2.000000000000000111e-01 -6.720000000000002360e-02
4.000000000000000222e-01 -9.240000000000002378e-02
5.999999999999999778e-01 -1.176000000000000240e-01
8.000000000000000444e-01 -1.416000000000000314e-01
1.000000000000000000e+00 -1.628000000000000280e-01
1.199999999999999956e+00 -1.836000000000000132e-01
1.399999999999999911e+00 -2.024000000000000243e-01
1.600000000000000089e+00 -2.208000000000000240e-01
1.800000000000000044e+00 -2.364000000000000545e-01
2.000000000000000000e+00 -2.512000000000000344e-01
2.200000000000000178e+00 -2.648000000000000353e-01
2.399999999999999911e+00 -2.767999999999999905e-01
2.600000000000000089e+00 -2.896000000000000241e-01
2.799999999999999822e+00 -3.000000000000000444e-01
3.000000000000000000e+00 -3.104000000000000092e-01
3.200000000000000178e+00 -3.176000000000000489e-01
