0.000000000000000000e+00 -3.717193474538588865e-02
3.888888888888888395e-01 -8.227401611518576907e-02
7.777777777777776791e-01 -1.244353122454632393e-01
1.166666666666666519e+00 -1.626334335074944293e-01
1.555555555555555358e+00 -1.964530284345534505e-01
1.944444444444444420e+00 -2.260101808301995530e-01
2.333333333333333037e+00 -2.516129820611142653e-01
2.722222222222222321e+00 -2.737599563051863472e-01
3.111111111111110716e+00 -2.929111866974504763e-01
3.500000000000000000e+00 -3.094825163008769198e-01
