0.000000000000000000e+00 -1.569561688466940969e-02
1.000000000000000056e-01 -2.653603035515725989e-02
2.000000000000000111e-01 -3.731545113998269853e-02
3.000000000000000444e-01 -4.800908160929238944e-02
4.000000000000000222e-01 -5.859315608429976896e-02
5.000000000000000000e-01 -6.904521052711266871e-02
6.000000000000000888e-01 -7.934532356275539322e-02
7.000000000000000666e-01 -8.947454320501092850e-02
8.000000000000000444e-01 -9.941674538126206440e-02
9.000000000000000222e-01 -1.091577245105241623e-01
1.000000000000000000e+00 -1.186854481539275086e-01
1.100000000000000089e+00 -1.279900237674184982e-01
1.200000000000000178e+00 -1.370636243145150202e-01
1.300000000000000044e+00 -1.459003806754008703e-01
1.400000000000000133e+00 -1.544962488990088700e-01
1.500000000000000000e+00 -1.628488599901680711e-01
1.600000000000000089e+00 -1.709573592295185740e-01
1.700000000000000178e+00 -1.788222411123884248e-01
1.800000000000000044e+00 -1.864450775029762863e-01
1.900000000000000133e+00 -1.938288008893664927e-01
2.000000000000000000e+00 -2.009768669266004670e-01
2.100000000000000089e+00 -2.078935847953569394e-01
2.200000000000000178e+00 -2.145838643705648419e-01
2.300000000000000266e+00 -2.210530975509251150e-01
2.400000000000000355e+00 -2.273070518384086858e-01
2.500000000000000000e+00 -2.333517133447983449e-01
2.600000000000000089e+00 -2.391934594798588720e-01
2.700000000000000178e+00 -2.448385956488653703e-01
2.800000000000000266e+00 -2.502935608940218271e-01
2.900000000000000355e+00 -2.555648067208877716e-01
3.000000000000000000e+00 -2.606587529698002337e-01
3.100000000000000089e+00 -2.655817511431584066e-01
3.200000000000000178e+00 -2.703400543317386884e-01
3.300000000000000266e+00 -2.749397929324216561e-01
3.400000000000000355e+00 -2.793869005432200181e-01
3.500000000000000000e+00 -2.836873190894028673e-01
