0.000000000000000000e+00 1.113600000000000180e-02
2.000000000000000111e-01 -1.178400000000000107e-02
4.000000000000000222e-01 -3.433200000000000141e-02
5.999999999999999778e-01 -5.664959999999999440e-02
8.000000000000000444e-01 -7.895999999999998853e-02
1.000000000000000000e+00 -9.840383999999999243e-02
1.199999999999999956e+00 -1.182720000000000021e-01
1.399999999999999911e+00 -1.372319999999999929e-01
0.000000000000000000e+00 6.576000000000001983e-03
2.000000000000000111e-01 -1.607999999999999360e-02
4.000000000000000222e-01 -3.412799999999999861e-02
5.999999999999999778e-01 -5.908799999999999469e-02
8.000000000000000444e-01 -8.121599999999999653e-02
1.600000000000000089e+00 -1.563839999999999952e-01
1.800000000000000044e+00 -1.726559999999999762e-01
2.000000000000000000e+00 -1.888319999999999721e-01
2.200000000000000178e+00 -2.039519999999999944e-01
2.399999999999999911e+00 -2.196960000000000024e-01
2.600000000000000089e+00 -2.343076799999999904e-01
2.799999999999999822e+00 -2.452320000000000055e-01
3.000000000000000000e+00 -2.550239999999999729e-01
3.200000000000000178e+00 -2.668800000000000061e-01
3.399999999999999911e+00 -2.758079999999999976e-01
3.600000000000000089e+00 -2.850719999999999921e-01
