0.000000000000000000e+00 -1.641436390000000287e-02
6.126401630988786301e-05 -1.642174239999999799e-02
1.225280326197757260e-04 -1.642912200000000086e-02
2.143730886850152664e-04 -1.644019030000000089e-02
3.514780835881753471e-04 -1.645679380000000108e-02
5.577981651376147116e-04 -1.648169800000000296e-02
8.676860346585117375e-04 -1.651905349999999856e-02
1.332110091743119243e-03 -1.657508560000000089e-02
2.029153924566768318e-03 -1.665913200000000011e-02
3.073904179408766622e-03 -1.678519729999999877e-02
4.641488277268093071e-03 -1.697428609999999949e-02
6.992864424057083396e-03 -1.725789549999999853e-02
1.051957186544342365e-02 -1.768325620000000056e-02
1.580998980632008361e-02 -1.832117650000000125e-02
2.374556574923547547e-02 -1.927777199999999858e-02
3.564903160040774205e-02 -2.071198460000000033e-02
5.350417940876656120e-02 -2.286164670000000176e-02
8.028654434250763472e-02 -2.608198930000000040e-02
1.204604485219163967e-01 -3.090174869999999865e-02
1.807205912334352571e-01 -3.810247989999999974e-02
2.711118246687053701e-01 -4.882312579999999874e-02
4.066983690112129790e-01 -6.467403790000000874e-02
5.422841997961264093e-01 -8.018488309999999286e-02
5.761811416921508444e-01 -8.400239939999999683e-02
6.100773700305810454e-01 -8.779361729999998754e-02
6.609225280326197494e-01 -9.342916490000000018e-02
7.371902140672782489e-01 -1.017618070000000097e-01
8.515910295616717640e-01 -1.139735679999999973e-01
1.023192660550458655e+00 -1.316032789999999897e-01
1.194794087665647098e+00 -1.483687360000000011e-01
1.366395514780835763e+00 -1.642453460000000143e-01
1.537996941896024428e+00 -1.792299800000000110e-01
1.709598369011212871e+00 -1.933364489999999936e-01
1.881199796126401536e+00 -2.065911260000000138e-01
2.052801223241590201e+00 -2.190291520000000047e-01
2.224402650356778643e+00 -2.306904450000000217e-01
2.396005096839958881e+00 -2.416211549999999764e-01
2.653406727828746092e+00 -2.567418060000000168e-01
2.910809378185525098e+00 -2.704683529999999947e-01
3.168212028542303660e+00 -2.829448399999999753e-01
3.425614678899082666e+00 -2.943022920000000209e-01
3.683016309887868989e+00 -3.046664119999999976e-01
4.069120285423037942e+00 -3.185757750000000055e-01
4.455223241590213767e+00 -3.307992550000000143e-01
4.841327217125382276e+00 -3.415980379999999927e-01
5.227430173292558102e+00 -3.511931919999999874e-01
5.806586136595310421e+00 -3.637058109999999900e-01
6.116207951070336435e+00 -3.696159059999999941e-01
