0.000000000000000000e+00 8.581470601179906968e-03
3.999999999999999667e-01 -3.677443697237376546e-02
7.999999999999999334e-01 -8.055302745918833940e-02
1.199999999999999956e+00 -1.213158840590326248e-01
1.599999999999999867e+00 -1.582440859755777640e-01
2.000000000000000000e+00 -1.910053801396932038e-01
2.399999999999999911e+00 -2.197663010686757290e-01
2.799999999999999822e+00 -2.448350482195118250e-01
3.199999999999999734e+00 -2.666358616676026139e-01
3.599999999999999645e+00 -2.856328656141997047e-01
