0.000000000000000000e+00 -1.761009166913345483e-02 -3.265561353509305320e-04
2.500000000000000139e-02 -2.065098046698175469e-02 -4.514017546303206174e-04
5.000000000000000278e-02 -2.368821747045280271e-02 -5.963385255457476219e-04
7.500000000000001110e-02 -2.672151896197198090e-02 -7.612954871452082273e-04
1.000000000000000056e-01 -2.974978862172403954e-02 -9.461449311424230402e-04
1.250000000000000000e-01 -3.277272263773794297e-02 -1.150788195416030391e-03
1.500000000000000222e-01 -3.579006550766408723e-02 -1.375124721797682525e-03
1.750000000000000167e-01 -3.880070697045769762e-02 -1.618978249230407229e-03
2.000000000000000111e-01 -4.180438327141060978e-02 -1.882221795276750598e-03
2.250000000000000056e-01 -4.480085013010158546e-02 -2.164725661553790204e-03
2.500000000000000000e-01 -4.778903497920593268e-02 -2.466270502940570708e-03
2.750000000000000222e-01 -5.076869519033900408e-02 -2.786702181928002453e-03
3.000000000000000444e-01 -5.373932920524717577e-02 -3.125832316306476066e-03
3.250000000000000111e-01 -5.670044527106739979e-02 -3.483462795048741789e-03
3.500000000000000333e-01 -5.965184002939005747e-02 -3.859422153613012441e-03
3.750000000000000000e-01 -6.259249452533109659e-02 -4.253424839201769281e-03
4.000000000000000222e-01 -6.552221812611311313e-02 -4.665278869581790389e-03
4.250000000000000444e-01 -6.844056236747550481e-02 -5.094750967200023517e-03
4.500000000000000111e-01 -7.134709048986377644e-02 -5.541600059613793761e-03
4.750000000000000333e-01 -7.424137773254588235e-02 -6.005577692248631472e-03
5.000000000000000000e-01 -7.712301159876391865e-02 -6.486428446555447813e-03
5.250000000000000222e-01 -7.999184638021965277e-02 -6.983934773010291863e-03
5.500000000000000444e-01 -8.284698855577464494e-02 -7.497741816758773936e-03
5.750000000000000666e-01 -8.568831511136885959e-02 -8.027618096147715043e-03
6.000000000000000888e-01 -8.851546469651977445e-02 -8.573284571401829091e-03
6.250000000000000000e-01 -9.132808912306293603e-02 -9.134457365176373855e-03
6.500000000000000222e-01 -9.412585346078258808e-02 -9.710848185886300499e-03
6.750000000000000444e-01 -9.690843610634349015e-02 -1.030216474768119728e-02
7.000000000000000666e-01 -9.967552882640537404e-02 -1.090811118605250485e-02
7.250000000000000888e-01 -1.024268367754871678e-01 -1.152838846802162198e-02
7.500000000000000000e-01 -1.051620784895920674e-01 -1.216269479601672643e-02
7.750000000000000222e-01 -1.078809858563561375e-01 -1.281072600452604071e-02
8.000000000000000444e-01 -1.105833040627375030e-01 -1.347217594874328128e-02
8.250000000000000666e-01 -1.132687915212014784e-01 -1.414673688444778588e-02
8.500000000000000888e-01 -1.159372197754512668e-01 -1.483409983845329627e-02
8.750000000000000000e-01 -1.185883733866792550e-01 -1.553395496899012684e-02
9.000000000000000222e-01 -1.212220498015118414e-01 -1.624599191550457622e-02
9.250000000000000444e-01 -1.238380592026851329e-01 -1.696990013737897929e-02
9.500000000000000666e-01 -1.264362243435373512e-01 -1.770536924115517774e-02
9.750000000000000888e-01 -1.290163803674188592e-01 -1.845208929589670088e-02
1.000000000000000000e+00 -1.315783746131890253e-01 -1.920975113643041965e-02
1.025000000000000133e+00 -1.341220664077932834e-01 -1.997804665418700942e-02
1.050000000000000044e+00 -1.366473268470770330e-01 -2.075666907548956441e-02
1.074999999999999956e+00 -1.391540385658565360e-01 -2.154531322714769992e-02
1.100000000000000089e+00 -1.416420954983513003e-01 -2.234367578930118725e-02
1.125000000000000000e+00 -1.441114026299133155e-01 -2.315145553545339130e-02
1.150000000000000133e+00 -1.465618757411470130e-01 -2.396835355974635817e-02
1.175000000000000044e+00 -1.489934411453058549e-01 -2.479407349150863915e-02
1.200000000000000178e+00 -1.514060354199712466e-01 -2.562832169720197228e-02
1.225000000000000089e+00 -1.537996051338564318e-01 -2.647080746987695576e-02
1.250000000000000000e+00 -1.561741065696424235e-01 -2.732124320632534076e-02
1.275000000000000133e+00 -1.585295054436400009e-01 -2.817934457211213051e-02
1.300000000000000044e+00 -1.608657766231084418e-01 -2.904483065473317804e-02
1.325000000000000178e+00 -1.631829038419538025e-01 -2.991742410513542616e-02
1.350000000000000089e+00 -1.654808794155369356e-01 -3.079685126788545002e-02
1.375000000000000000e+00 -1.677597039552414238e-01 -3.168284230026363613e-02
1.400000000000000133e+00 -1.700193860834524895e-01 -3.257513128060585128e-02
1.425000000000000044e+00 -1.722599421495506766e-01 -3.347345630622478030e-02
1.450000000000000178e+00 -1.744813959474207365e-01 -3.437755958121546662e-02
1.475000000000000089e+00 -1.766837784350834828e-01 -3.528718749454273773e-02
1.500000000000000000e+00 -1.788671274568159608e-01 -3.620209068870239300e-02
1.525000000000000133e+00 -1.810314874682929509e-01 -3.712202411937060020e-02
1.550000000000000044e+00 -1.831769092651043540e-01 -3.804674710637601098e-02
1.575000000000000178e+00 -1.853033387963896050e-01 -3.897598042742400626e-02
1.600000000000000089e+00 -1.874110645056126512e-01 -3.990957942848283313e-02
1.625000000000000000e+00 -1.895000396405025211e-01 -4.084727250842978830e-02
1.650000000000000133e+00 -1.915703377201163904e-01 -4.178883678960199077e-02
1.675000000000000044e+00 -1.936220373090715707e-01 -4.273405389630857698e-02
1.700000000000000178e+00 -1.956552217729287946e-01 -4.368270996143408524e-02
1.725000000000000089e+00 -1.976699790388549427e-01 -4.463459562688809612e-02
1.750000000000000000e+00 -1.996664013617053812e-01 -4.558950603823797021e-02
1.775000000000000133e+00 -2.016445850957312991e-01 -4.654724083390315847e-02
1.800000000000000044e+00 -2.036046304719464073e-01 -4.750760412919730058e-02
1.825000000000000178e+00 -2.055466413812673532e-01 -4.847040449555328756e-02
1.850000000000000089e+00 -2.074707251635116712e-01 -4.943545493525902668e-02
1.875000000000000000e+00 -2.093769924022570450e-01 -5.040257285197530246e-02
1.900000000000000133e+00 -2.112655567256465361e-01 -5.137158001736780166e-02
1.925000000000000044e+00 -2.131365346130951743e-01 -5.234230253409666300e-02
1.950000000000000178e+00 -2.149900452079411273e-01 -5.331457079547352595e-02
1.975000000000000089e+00 -2.168262101359826333e-01 -5.428821944201528416e-02
2.000000000000000000e+00 -2.186451533299244299e-01 -5.526308731518914108e-02
2.024999999999999911e+00 -2.204470008596169650e-01 -5.623901740853987086e-02
2.050000000000000266e+00 -2.222318807681133435e-01 -5.721585681648638788e-02
2.075000000000000178e+00 -2.239999229134208014e-01 -5.819345668096659319e-02
2.100000000000000089e+00 -2.257512588159085454e-01 -5.917167213617102739e-02
2.125000000000000000e+00 -2.274860215112767259e-01 -6.015036225155434568e-02
2.149999999999999911e+00 -2.292043454089942589e-01 -6.112938997331263113e-02
2.175000000000000266e+00 -2.309063661561401304e-01 -6.210862206453493517e-02
2.200000000000000178e+00 -2.325921565124261514e-01 -6.308790493076077421e-02
2.225000000000000089e+00 -2.342619837576074560e-01 -6.406716180629101753e-02
2.250000000000000000e+00 -2.359159208436439059e-01 -6.504624558894123165e-02
2.274999999999999911e+00 -2.375541071145474137e-01 -6.602503769063261529e-02
2.300000000000000266e+00 -2.391766825481310144e-01 -6.700342302655432070e-02
2.325000000000000178e+00 -2.407837876498986895e-01 -6.798128995057045598e-02
2.350000000000000089e+00 -2.423755633515575214e-01 -6.895853019032727182e-02
2.375000000000000000e+00 -2.439521509139919719e-01 -6.993503878213336300e-02
2.400000000000000355e+00 -2.455136918346379482e-01 -7.091071400578563555e-02
2.425000000000000266e+00 -2.470603277590887603e-01 -7.188545731938117411e-02
2.450000000000000178e+00 -2.485922003968072946e-01 -7.285917329422425537e-02
2.475000000000000089e+00 -2.501094514408915281e-01 -7.383176954996190089e-02
2.500000000000000000e+00 -2.516122224916564343e-01 -7.480315668993597900e-02
2.525000000000000355e+00 -2.531006549840350006e-01 -7.577324823692482836e-02
2.550000000000000266e+00 -2.545748901185804769e-01 -7.674196056926968490e-02
2.575000000000000178e+00 -2.560350687960101235e-01 -7.770921285748932927e-02
2.600000000000000089e+00 -2.574813315551507942e-01 -7.867492700142408868e-02
2.625000000000000000e+00 -2.589138185141663384e-01 -7.963902756796542581e-02
2.650000000000000355e+00 -2.603326693149798365e-01 -8.060144172943101148e-02
2.675000000000000266e+00 -2.617380230707292421e-01 -8.156209920259410717e-02
2.700000000000000178e+00 -2.631300183162209594e-01 -8.252093218847200706e-02
2.725000000000000089e+00 -2.645087929611847910e-01 -8.347787531282507834e-02
2.750000000000000000e+00 -2.658744842463064417e-01 -8.443286556747608973e-02
2.775000000000000355e+00 -2.672272287018766512e-01 -8.538584225242684678e-02
2.800000000000000266e+00 -2.685671621089898431e-01 -8.633674691882298191e-02
2.825000000000000178e+00 -2.698944194631789917e-01 -8.728552331277789067e-02
2.850000000000000089e+00 -2.712091349403976670e-01 -8.823211732008462427e-02
2.875000000000000000e+00 -2.725114418652436199e-01 -8.917647691181457281e-02
2.900000000000000355e+00 -2.738014726813524091e-01 -9.011855209083691198e-02
2.925000000000000266e+00 -2.750793589238597625e-01 -9.105829483926242141e-02
2.950000000000000178e+00 -2.763452311938454642e-01 -9.199565906681012040e-02
2.975000000000000089e+00 -2.775991639274659750e-01 -9.293058426340466971e-02
3.000000000000000000e+00 -2.788413964116542854e-01 -9.386306075924549797e-02
3.025000000000000355e+00 -2.800720008763499247e-01 -9.479303151416385020e-02
3.050000000000000266e+00 -2.812911039691261550e-01 -9.572045765167125353e-02
3.075000000000000178e+00 -2.824988313026040032e-01 -9.664530197887211127e-02
3.100000000000000089e+00 -2.836953074391597163e-01 -9.756752894052006519e-02
3.125000000000000000e+00 -2.848806558770757835e-01 -9.848710457400466911e-02
3.150000000000000355e+00 -2.860549990380867325e-01 -9.940399646528724764e-02
3.175000000000000266e+00 -2.872184582562425370e-01 -1.003181737057660117e-01
3.200000000000000178e+00 -2.883711537680334058e-01 -1.012296068500673218e-01
3.225000000000000089e+00 -2.895132047037276557e-01 -1.021382678747732586e-01
3.250000000000000000e+00 -2.906447290798304106e-01 -1.030441301380350394e-01
3.275000000000000355e+00 -2.917658437926551329e-01 -1.039471683401189117e-01
3.300000000000000266e+00 -2.928766646129147833e-01 -1.048473584848272355e-01
3.325000000000000178e+00 -2.939773061813049648e-01 -1.057446778418144606e-01
3.350000000000000089e+00 -2.950678820050091078e-01 -1.066391049097624166e-01
3.375000000000000000e+00 -2.961485044551087631e-01 -1.075306193804391741e-01
3.400000000000000355e+00 -2.972192847648181258e-01 -1.084192021035875753e-01
3.425000000000000266e+00 -2.982803330285191956e-01 -1.093048350526591994e-01
3.450000000000000178e+00 -2.993317582015544986e-01 -1.101875012913733354e-01
3.475000000000000089e+00 -3.003736681007347920e-01 -1.110671849410932444e-01
3.500000000000000000e+00 -3.014061694055115148e-01 -1.119438711489859628e-01
