0.000000000000000000e+00 0.000000000000000000e+00
5.000000000000000000e+00 2.022291434080268971e-03
1.000000000000000000e+01 8.268236488911779106e-03
1.500000000000000000e+01 1.883017784135303241e-02
2.000000000000000000e+01 3.431572993049739756e-02
2.500000000000000000e+01 5.475781567515233123e-02
3.000000000000000000e+01 8.053033551124455514e-02
3.500000000000000000e+01 1.116062692222498931e-01
4.000000000000000000e+01 1.473586638640269619e-01
4.500000000000000000e+01 1.865890900452776557e-01
5.000000000000000000e+01 2.272788582371804977e-01
5.500000000000000000e+01 2.672366917832216804e-01
6.000000000000000000e+01 3.043733363092583355e-01
7.000000000000000000e+01 3.655559260178434799e-01
8.000000000000000000e+01 4.071711659196344812e-01
9.000000000000000000e+01 4.340375908223007007e-01
