0.000000000000000000e+00 0.000000000000000000e+00
5.000000000000000000e+00 1.266816458634845849e-03
1.000000000000000000e+01 5.243922533861120061e-03
1.500000000000000000e+01 1.200595104718233004e-02
2.000000000000000000e+01 2.204454141736297140e-02
2.500000000000000000e+01 3.572006238686206009e-02
3.000000000000000000e+01 5.355885699436261499e-02
3.500000000000000000e+01 7.612129491908596612e-02
4.000000000000000000e+01 1.040902818807924735e-01
4.500000000000000000e+01 1.378393921718999438e-01
5.000000000000000000e+01 1.771128548542471870e-01
5.500000000000000000e+01 2.205385960459252670e-01
6.000000000000000000e+01 2.656392804047167933e-01
7.000000000000000000e+01 3.485764178997855511e-01
8.000000000000000000e+01 4.076794372907517894e-01
9.000000000000000000e+01 4.405764497483534714e-01
