0.000000000000000000e+00 0.000000000000000000e+00
6.000000000000000000e+00 2.365191663851514553e-03
1.200000000000000000e+01 1.031111581248721730e-02
1.800000000000000000e+01 2.425933692050508822e-02
2.400000000000000000e+01 4.484649749735558633e-02
3.000000000000000000e+01 7.298115435261548489e-02
3.600000000000000000e+01 1.092356604466765690e-01
4.200000000000000000e+01 1.534531299242345437e-01
4.800000000000000000e+01 2.036062233981996983e-01
5.400000000000000000e+01 2.557792781236413737e-01
6.000000000000000000e+01 3.052519213029347700e-01
6.600000000000000000e+01 3.481111950442052905e-01
7.200000000000000000e+01 3.825580652277233429e-01
7.800000000000000000e+01 4.084392073583453242e-01
8.400000000000000000e+01 4.268776733410721835e-01
9.000000000000000000e+01 4.390955495643804052e-01
