0.000000000000000000e+00 0.000000000000000000e+00
5.000000000000000000e+00 1.429276641638036263e-03
1.000000000000000000e+01 5.891520419833750147e-03
1.500000000000000000e+01 1.337398407975320079e-02
2.000000000000000000e+01 2.450244397569898563e-02
2.500000000000000000e+01 3.926519512638396159e-02
3.000000000000000000e+01 5.824275306575767835e-02
3.500000000000000000e+01 8.163385512648632658e-02
4.000000000000000000e+01 1.097181170388201732e-01
4.500000000000000000e+01 1.422996365822741249e-01
5.000000000000000000e+01 1.787617963415819577e-01
5.500000000000000000e+01 2.176710108127283272e-01
6.000000000000000000e+01 2.572621626181559318e-01
7.000000000000000000e+01 3.300448876180154811e-01
8.000000000000000000e+01 3.859289109649786109e-01
9.000000000000000000e+01 4.230979356291642013e-01
