0.000000000000000000e+00 0.000000000000000000e+00
6.000000000000000000e+00 2.958105386723704211e-03
1.200000000000000000e+01 1.187465510275393689e-02
1.800000000000000000e+01 2.730112196479056799e-02
2.400000000000000000e+01 4.994152901257014471e-02
3.000000000000000000e+01 8.009559807418613342e-02
3.600000000000000000e+01 1.179627556644096409e-01
4.200000000000000000e+01 1.624492072347097638e-01
4.800000000000000000e+01 2.110841429472699315e-01
5.400000000000000000e+01 2.599913698722196576e-01
6.000000000000000000e+01 3.055618836265550642e-01
6.600000000000000000e+01 3.452069930364841110e-01
7.200000000000000000e+01 3.777908432600174948e-01
7.800000000000000000e+01 4.033685322406743157e-01
8.400000000000000000e+01 4.232821939224747920e-01
9.000000000000000000e+01 4.380286354380853453e-01
