0.000000000000000000e+00 0.000000000000000000e+00
6.000000000000000000e+00 1.612793520819040191e-03
1.200000000000000000e+01 7.289999124868573946e-03
1.800000000000000000e+01 1.721879124689061624e-02
2.400000000000000000e+01 3.202992664270391809e-02
3.000000000000000000e+01 5.256359546696637991e-02
3.600000000000000000e+01 7.983450007434700346e-02
4.200000000000000000e+01 1.147990250765424936e-01
4.800000000000000000e+01 1.577042408505675564e-01
5.400000000000000000e+01 2.072878847993575302e-01
6.000000000000000000e+01 2.600465855621235112e-01
6.600000000000000000e+01 3.109949811609554193e-01
7.200000000000000000e+01 3.553970326240943334e-01
7.800000000000000000e+01 3.907142484371832203e-01
8.400000000000000000e+01 4.164465827401474529e-01
9.000000000000000000e+01 4.336740453634799763e-01
