0.000000000000000000e+00 0.000000000000000000e+00
5.000000000000000000e+00 1.844392352923277661e-03
1.000000000000000000e+01 7.342173454250470153e-03
1.500000000000000000e+01 1.669834797545865362e-02
2.000000000000000000e+01 3.015225397020170062e-02
2.500000000000000000e+01 4.798724314382754597e-02
3.000000000000000000e+01 7.043895195698524070e-02
3.500000000000000000e+01 9.769420955882245072e-02
4.000000000000000000e+01 1.295011957988714268e-01
4.500000000000000000e+01 1.652577150784266258e-01
5.000000000000000000e+01 2.036827975227840093e-01
5.500000000000000000e+01 2.431204160859246621e-01
6.000000000000000000e+01 2.817122700262639223e-01
7.000000000000000000e+01 3.505056848730215280e-01
8.000000000000000000e+01 4.018504609023542118e-01
9.000000000000000000e+01 4.389612537728123098e-01
