0.000000000000000000e+00 0.000000000000000000e+00
5.000000000000000000e+00 1.794859411819371350e-03
1.000000000000000000e+01 7.361891474466053867e-03
1.500000000000000000e+01 1.689800451554276939e-02
2.000000000000000000e+01 3.091037118705938780e-02
2.500000000000000000e+01 4.985636309692813989e-02
3.000000000000000000e+01 7.418131380183902446e-02
3.500000000000000000e+01 1.043534178140044510e-01
4.000000000000000000e+01 1.403428345810173450e-01
4.500000000000000000e+01 1.812354529977521223e-01
5.000000000000000000e+01 2.252131421132688160e-01
5.500000000000000000e+01 2.694614260463072952e-01
6.000000000000000000e+01 3.110884184968270016e-01
7.000000000000000000e+01 3.788332462821036861e-01
8.000000000000000000e+01 4.222766221376830220e-01
9.000000000000000000e+01 4.456860376536885826e-01
