0.000000000000000000e+00 0.000000000000000000e+00
6.000000000000000000e+00 2.112947114630605791e-03
1.200000000000000000e+01 8.482843330040614957e-03
1.800000000000000000e+01 1.952135418717323295e-02
2.400000000000000000e+01 3.576278669307767638e-02
3.000000000000000000e+01 5.784691601768508079e-02
3.600000000000000000e+01 8.634449759650540679e-02
4.200000000000000000e+01 1.216742086461265054e-01
4.800000000000000000e+01 1.633269849723433254e-01
5.400000000000000000e+01 2.096589018164498330e-01
6.000000000000000000e+01 2.575386866621885429e-01
6.600000000000000000e+01 3.034304607215316807e-01
7.200000000000000000e+01 3.442623470035525157e-01
7.800000000000000000e+01 3.784325343726989144e-01
8.400000000000000000e+01 4.055753215720256932e-01
9.000000000000000000e+01 4.261205145683804041e-01
