0.000000000000000000e+00 0.000000000000000000e+00
5.000000000000000000e+00 1.324543170203067860e-03
1.000000000000000000e+01 5.251237382612143102e-03
1.500000000000000000e+01 1.193563539959095060e-02
2.000000000000000000e+01 2.156301181358549063e-02
2.500000000000000000e+01 3.438190762805359846e-02
3.000000000000000000e+01 5.066868960390611548e-02
3.500000000000000000e+01 7.078880903043985318e-02
4.000000000000000000e+01 9.493748333289230013e-02
4.500000000000000000e+01 1.232805290425767614e-01
5.000000000000000000e+01 1.555319556849525386e-01
5.500000000000000000e+01 1.911079931987964831e-01
6.000000000000000000e+01 2.288045373150853212e-01
7.000000000000000000e+01 3.044040419056279201e-01
8.000000000000000000e+01 3.703386723193417551e-01
9.000000000000000000e+01 4.197360309482878193e-01
