0.000000000000000000e+00 1.328414000000000026e-06 -1.007176999999999965e-13 1.326816996579492906e-06
2.000000000000000000e+00 3.256077000000000233e-04 -2.468710999999999981e-11 3.252162643420837833e-04
4.000000000000000000e+00 1.304196000000000088e-03 -9.888458000000000596e-11 1.302628208811592919e-03
6.000000000000000000e+00 2.941085999999999874e-03 -2.230026000000000070e-10 2.937550760110139905e-03
8.000000000000000000e+00 5.245216999999999935e-03 -3.977306000000000162e-10 5.238912841058119066e-03
1.000000000000000000e+01 8.229270999999999808e-03 -6.240465999999999820e-10 8.219381745923910743e-03
1.200000000000000000e+01 1.190982999999999972e-02 -9.032292999999999758e-10 1.189552022226759813e-02
1.400000000000000000e+01 1.630761999999999837e-02 -1.236875999999999938e-09 1.628803026078797997e-02
1.600000000000000000e+01 2.144773999999999986e-02 -1.626924000000000037e-09 2.142198171861856015e-02
1.800000000000000000e+01 2.736007000000000022e-02 -2.075676999999999883e-09 2.732721996538353681e-02
2.000000000000000000e+01 3.407965999999999773e-02 -2.585838000000000020e-09 3.403875436650387332e-02
2.200000000000000000e+01 4.164727000000000012e-02 -3.160551000000000122e-09 4.159729770908750929e-02
2.400000000000000000e+01 5.010992999999999697e-02 -3.803444000000000292e-09 5.004982545393781013e-02
2.600000000000000000e+01 5.952174999999999827e-02 -4.518690999999999735e-09 5.945038502429944582e-02
2.800000000000000000e+01 6.994474000000000524e-02 -5.311075999999999786e-09 6.986091458890823780e-02
3.000000000000000000e+01 8.144990000000000563e-02 -6.186076000000000177e-09 8.135233204661791728e-02
3.200000000000000000e+01 9.411841999999999431e-02 -7.149956000000000368e-09 9.400573344880616689e-02
3.400000000000000000e+01 1.080432999999999949e-01 -8.209890000000000070e-09 1.079140113865128259e-01
3.600000000000000000e+01 1.233308999999999933e-01 -9.374094000000000282e-09 1.231834029181467921e-01
3.800000000000000000e+01 1.401035999999999948e-01 -1.065200000000000003e-08 1.399361469822910931e-01
4.000000000000000000e+01 1.585020000000000040e-01 -1.205446999999999922e-08 1.583126813580629233e-01
4.200000000000000000e+01 1.786882999999999944e-01 -1.359402000000000058e-08 1.784750192954360215e-01
4.400000000000000000e+01 2.008504999999999874e-01 -1.528515999999999894e-08 2.006109444231866101e-01
4.600000000000000000e+01 2.252070999999999934e-01 -1.714475999999999860e-08 2.249387057557077629e-01
4.800000000000000000e+01 2.520132999999999956e-01 -1.919252000000000105e-08 2.517132104237892465e-01
5.000000000000000000e+01 2.815688000000000080e-01 -2.145159000000000078e-08 2.812338151479513715e-01
5.200000000000000000e+01 3.142275999999999958e-01 -2.394929000000000137e-08 3.138541153855566312e-01
5.400000000000000000e+01 3.504105000000000136e-01 -2.671811000000000008e-08 3.499944312215863551e-01
5.600000000000000000e+01 3.906210999999999989e-01 -2.979694999999999935e-08 3.901577898061078797e-01
5.800000000000000000e+01 4.354673000000000016e-01 -3.323274999999999693e-08 4.349514020402951431e-01
6.000000000000000000e+01 4.856889999999999818e-01 -3.708265000000000284e-08 4.851143322379959377e-01
