1.000000000000000000e+00 8.030962999999999633e-05 -6.864000000000000285e-09 8.030793927921628362e-05
5.000000000000000000e+00 2.018144999999999835e-03 -4.214805999999999605e-06 2.018102665417399483e-03
1.000000000000000000e+01 8.139860000000000498e-03 -6.851286000000000322e-05 8.139689872839634202e-03
1.500000000000000000e+01 1.855139999999999914e-02 -3.559491000000000239e-04 1.855101454571303488e-02
2.000000000000000000e+01 3.352679000000000076e-02 -1.163633000000000072e-03 3.352609935501087851e-02
2.500000000000000000e+01 5.335941999999999769e-02 -2.953477999999999833e-03 5.335833377813707645e-02
3.000000000000000000e+01 7.821986000000000216e-02 -6.370915999999999906e-03 7.821829233544955184e-02
3.500000000000000000e+01 1.079486000000000057e-01 -1.221271999999999983e-02 1.079464785351239714e-01
4.000000000000000000e+01 1.418316000000000021e-01 -2.129583000000000170e-02 1.418288770120554321e-01
4.500000000000000000e+01 1.785117999999999983e-01 -3.422519999999999729e-02 1.785084612959076389e-01
5.000000000000000000e+01 2.162281000000000064e-01 -5.118736000000000119e-02 2.162241637280596096e-01
5.500000000000000000e+01 2.531765999999999739e-01 -7.186797999999999798e-02 2.531721078814831993e-01
6.000000000000000000e+01 2.878680000000000128e-01 -9.554806000000000410e-02 2.878630108088950368e-01
