1.000000000000000000e+00 5.756463000000000319e-05 -3.526999999999999918e-09 5.756341636930815622e-05
5.000000000000000000e+00 1.447689000000000050e-03 -2.168826999999999996e-06 1.447658595293897831e-03
1.000000000000000000e+01 5.843774000000000364e-03 -3.531112999999999678e-05 5.843651614664067094e-03
1.500000000000000000e+01 1.332837000000000084e-02 -1.837014000000000095e-04 1.332809180127659220e-02
2.000000000000000000e+01 2.413130999999999957e-02 -6.024755999999999818e-04 2.413080870681843029e-02
2.500000000000000000e+01 3.855448999999999682e-02 -1.539626000000000102e-03 3.855369434128073231e-02
3.000000000000000000e+01 5.692451999999999929e-02 -3.363434000000000215e-03 5.692335545157244103e-02
3.500000000000000000e+01 7.950833999999999679e-02 -6.585628999999999962e-03 7.950673171484423651e-02
4.000000000000000000e+01 1.063587000000000005e-01 -1.185450000000000045e-02 1.063565788734676526e-01
4.500000000000000000e+01 1.371325999999999934e-01 -1.988449999999999940e-02 1.371299115434910787e-01
5.000000000000000000e+01 1.709449000000000107e-01 -3.129703000000000346e-02 1.709416142742037625e-01
5.500000000000000000e+01 2.064615999999999951e-01 -4.644294999999999674e-02 2.064577148352713387e-01
6.000000000000000000e+01 2.421120999999999968e-01 -6.526593999999999451e-02 2.421076388572473426e-01
