0.000000000000000000e+00 9.488671000000000144e-07 -7.194120000000000551e-14 9.477263831876511881e-07
2.000000000000000000e+00 2.325768999999999992e-04 -1.763364999999999848e-11 2.322973031097273289e-04
4.000000000000000000e+00 9.315689000000000044e-04 -7.063183999999999522e-11 9.304490490611322948e-04
6.000000000000000000e+00 2.100775000000000038e-03 -1.592876000000000104e-10 2.098249828491122442e-03
8.000000000000000000e+00 3.746583999999999852e-03 -2.840933000000000161e-10 3.742081030233387375e-03
1.000000000000000000e+01 5.878050999999999589e-03 -4.457475000000000161e-10 5.870987244600334165e-03
1.200000000000000000e+01 8.507024000000000183e-03 -6.451638000000000464e-10 8.496802726013991461e-03
1.400000000000000000e+01 1.164830000000000032e-02 -8.834827999999999965e-10 1.163430731711144993e-02
1.600000000000000000e+01 1.531980999999999968e-02 -1.162088000000000051e-09 1.530141120002459151e-02
1.800000000000000000e+01 1.954289999999999847e-02 -1.482626000000000046e-09 1.951943562976711163e-02
2.000000000000000000e+01 2.434261999999999884e-02 -1.847027000000000057e-09 2.431340157329977755e-02
2.200000000000000000e+01 2.974805000000000157e-02 -2.257536000000000009e-09 2.971235529056043961e-02
2.400000000000000000e+01 3.579281000000000129e-02 -2.716746000000000123e-09 3.574987782837756728e-02
2.600000000000000000e+01 4.251553999999999750e-02 -3.227636000000000206e-09 4.246456440406573551e-02
2.800000000000000000e+01 4.996053000000000299e-02 -3.793625999999999820e-09 4.990065369059012990e-02
3.000000000000000000e+01 5.817850000000000105e-02 -4.418625000000000135e-09 5.810880703277562093e-02
3.200000000000000000e+01 6.722743999999999942e-02 -5.107111999999999972e-09 6.714694713369569190e-02
3.400000000000000000e+01 7.717375999999999403e-02 -5.864207000000000241e-09 7.708140732696329434e-02
3.600000000000000000e+01 8.809350999999999987e-02 -6.695780999999999710e-09 8.798814942719307419e-02
3.800000000000000000e+01 1.000739999999999963e-01 -7.608573000000000047e-09 9.995438263521405631e-02
4.000000000000000000e+01 1.132157000000000024e-01 -8.610334999999999921e-09 1.130804608138375744e-01
4.200000000000000000e+01 1.276345000000000118e-01 -9.710012999999999771e-09 1.274821400045876851e-01
4.400000000000000000e+01 1.434645999999999977e-01 -1.091796999999999926e-08 1.432934653709930783e-01
4.600000000000000000e+01 1.608622000000000107e-01 -1.224625999999999944e-08 1.606704567556984098e-01
4.800000000000000000e+01 1.800094999999999890e-01 -1.370893999999999960e-08 1.797951040253044919e-01
5.000000000000000000e+01 2.011206000000000105e-01 -1.532255999999999966e-08 2.008812607532578787e-01
5.200000000000000000e+01 2.244482999999999895e-01 -1.710663000000000010e-08 2.241814360221282276e-01
5.400000000000000000e+01 2.502931999999999935e-01 -1.908435999999999964e-08 2.499958845425029330e-01
5.600000000000000000e+01 2.790151000000000159e-01 -2.128352999999999960e-08 2.786839936059255507e-01
5.800000000000000000e+01 3.110480999999999940e-01 -2.373768000000000110e-08 3.106793658768851052e-01
6.000000000000000000e+01 3.469207000000000263e-01 -2.648761000000000010e-08 3.465098971204975120e-01
