0.000000000000000000e+00 8.452766000000000107e-07 1.577936999999999987e-14 8.442962289205616392e-07
2.000000000000000000e+00 2.071726000000000025e-04 3.867022000000000160e-12 2.069323197509681381e-04
4.000000000000000000e+00 8.296535999999999538e-04 1.548108000000000092e-11 8.286914006510938966e-04
6.000000000000000000e+00 1.870343000000000006e-03 3.488127000000000289e-11 1.868173995696747807e-03
8.000000000000000000e+00 3.334110999999999846e-03 6.213322999999999979e-11 3.330244852698445272e-03
1.000000000000000000e+01 5.227848999999999691e-03 9.732985999999999822e-11 5.221787658065740224e-03
1.200000000000000000e+01 7.560550000000000083e-03 1.405923000000000119e-10 7.551785340834015620e-03
1.400000000000000000e+01 1.034341000000000080e-02 1.920711000000000038e-10 1.033142137542502823e-02
1.600000000000000000e+01 1.358995999999999989e-02 2.519484000000000003e-10 1.357421161793645643e-02
1.800000000000000000e+01 1.731620000000000034e-02 3.204393999999999967e-10 1.729613814663665677e-02
2.000000000000000000e+01 2.154085999999999848e-02 3.977951999999999810e-10 2.151591003487596243e-02
2.200000000000000000e+01 2.628551999999999972e-02 4.843057000000000309e-10 2.625508311251109617e-02
2.400000000000000000e+01 3.157499999999999890e-02 5.803032999999999683e-10 3.153844963415172731e-02
2.600000000000000000e+01 3.743761000000000311e-02 6.861668000000000339e-10 3.739428794772629155e-02
2.800000000000000000e+01 4.390553999999999985e-02 8.023266000000000116e-10 4.385475205836138896e-02
3.000000000000000000e+01 5.101532000000000289e-02 9.292706000000000232e-10 5.095633112273770249e-02
3.200000000000000000e+01 5.880836999999999870e-02 1.067551000000000008e-09 5.874039885073762540e-02
3.400000000000000000e+01 6.733158999999999672e-02 1.217792000000000007e-09 6.725380293722335590e-02
3.600000000000000000e+01 7.663810000000000067e-02 1.380700999999999904e-09 7.654960396958168656e-02
3.800000000000000000e+01 8.678816000000000308e-02 1.557075999999999928e-09 8.668799468141635822e-02
4.000000000000000000e+01 9.785017000000000020e-02 1.747825999999999916e-09 9.773729879391755693e-02
4.200000000000000000e+01 1.099018999999999968e-01 1.953980999999999810e-09 1.097751995683190346e-01
4.400000000000000000e+01 1.230321999999999943e-01 2.176713000000000153e-09 1.228904480121658649e-01
4.600000000000000000e+01 1.373423000000000005e-01 2.417363000000000144e-09 1.371841612078897876e-01
4.800000000000000000e+01 1.529486999999999930e-01 2.677463000000000104e-09 1.527727095982723271e-01
5.000000000000000000e+01 1.699852000000000030e-01 2.958776999999999863e-09 1.697897441658482720e-01
5.200000000000000000e+01 1.886066000000000131e-01 3.263341999999999834e-09 1.883898928100478376e-01
5.400000000000000000e+01 2.089927000000000035e-01 3.593517999999999998e-09 2.087527559283436640e-01
5.600000000000000000e+01 2.313531000000000060e-01 3.952057000000000387e-09 2.310877008020696677e-01
5.800000000000000000e+01 2.559339999999999948e-01 4.342185000000000345e-09 2.556406545671859876e-01
6.000000000000000000e+01 2.830258999999999969e-01 4.767704000000000021e-09 2.827017956153043410e-01
