0.000000000000000000e+00 1.181288999999999931e-06 -9.357656999999999009e-13 1.182014314695143965e-06
2.000000000000000000e+00 2.895274000000000090e-04 -2.293525000000000101e-10 2.897051682155344569e-04
4.000000000000000000e+00 1.159455999999999898e-03 -9.184953000000000346e-10 1.160167870689637285e-03
6.000000000000000000e+00 2.613837999999999839e-03 -2.070694999999999951e-09 2.615442709354506932e-03
8.000000000000000000e+00 4.659479000000000225e-03 -3.691438999999999912e-09 4.662339317260139754e-03
1.000000000000000000e+01 7.306011999999999749e-03 -5.788490000000000139e-09 7.310496401737039997e-03
1.200000000000000000e+01 1.056600000000000074e-02 -8.371980999999999361e-09 1.057248440980607454e-02
1.400000000000000000e+01 1.445510000000000024e-02 -1.145451999999999986e-08 1.446396961140483488e-02
1.600000000000000000e+01 1.899220000000000075e-02 -1.505135999999999919e-08 1.900385120376859791e-02
1.800000000000000000e+01 2.419970000000000107e-02 -1.918054000000000044e-08 2.421454244310285164e-02
2.000000000000000000e+01 3.010372000000000048e-02 -2.386312999999999843e-08 3.012217880103307960e-02
2.200000000000000000e+01 3.673447999999999991e-02 -2.912347999999999961e-08 3.675699816397631076e-02
2.400000000000000000e+01 4.412661999999999834e-02 -3.498954999999999980e-08 4.415366103524126506e-02
2.600000000000000000e+01 5.231970999999999844e-02 -4.149321999999999705e-08 5.235176081380658875e-02
2.800000000000000000e+01 6.135874000000000189e-02 -4.867080000000000196e-08 6.139631413729255277e-02
3.000000000000000000e+01 7.129478000000000204e-02 -5.656344999999999951e-08 7.133842116860714122e-02
3.200000000000000000e+01 8.218567999999999707e-02 -6.521786000000000375e-08 8.223596608828899479e-02
3.400000000000000000e+01 9.409700000000000009e-02 -7.468687000000000391e-08 9.415454761942090856e-02
3.600000000000000000e+01 1.071030000000000038e-01 -8.503039999999999621e-08 1.071684696062707581e-01
3.800000000000000000e+01 1.212878000000000012e-01 -9.631635999999999598e-08 1.213619016830884689e-01
4.000000000000000000e+01 1.367471000000000103e-01 -1.086218999999999994e-07 1.368306002173296232e-01
4.200000000000000000e+01 1.535894999999999899e-01 -1.220345999999999988e-07 1.536832292793638144e-01
4.400000000000000000e+01 1.719391000000000114e-01 -1.366546999999999988e-07 1.720439617913846475e-01
4.600000000000000000e+01 1.919376000000000138e-01 -1.525965000000000125e-07 1.920545811000708980e-01
4.800000000000000000e+01 2.137475000000000069e-01 -1.699910000000000033e-07 2.138776826923214636e-01
5.000000000000000000e+01 2.375559999999999894e-01 -1.889895000000000129e-07 2.377005763273227212e-01
5.200000000000000000e+01 2.635793000000000164e-01 -2.097663999999999956e-07 2.637395887020098639e-01
5.400000000000000000e+01 2.920686000000000115e-01 -2.325243000000000012e-07 2.922460666408953078e-01
5.600000000000000000e+01 3.233170000000000210e-01 -2.575000000000000228e-07 3.235132812592808049e-01
5.800000000000000000e+01 3.576683999999999974e-01 -2.849709000000000256e-07 3.578853328029152348e-01
6.000000000000000000e+01 3.955286000000000080e-01 -3.152647999999999737e-07 3.957682571819400308e-01
