1.000000000000000000e+00 7.152653433124962193e-05
2.000000000000000000e+00 2.861837440046089732e-04
3.000000000000000000e+00 6.442033057400322347e-04
4.000000000000000000e+00 1.145970474252932777e-03
5.000000000000000000e+00 1.792355534780367809e-03
6.000000000000000000e+00 2.583791617169426454e-03
7.000000000000000000e+00 3.521258201899606609e-03
8.000000000000000000e+00 4.605833852838463194e-03
9.000000000000000000e+00 5.838735900084587871e-03
1.000000000000000000e+01 7.221315443123427560e-03
1.100000000000000000e+01 8.755065278278349392e-03
1.200000000000000000e+01 1.044160297610553269e-02
1.300000000000000000e+01 1.228265698987922316e-02
1.400000000000000000e+01 1.428007156006895137e-02
1.500000000000000000e+01 1.643575608412688183e-02
1.600000000000000000e+01 1.875173767512353096e-02
1.700000000000000000e+01 2.123005205528014083e-02
1.800000000000000000e+01 2.387281290392097993e-02
1.900000000000000000e+01 2.668211266501155018e-02
2.000000000000000000e+01 2.966005235157307893e-02
2.100000000000000000e+01 3.280869190375059613e-02
2.200000000000000000e+01 3.613002046970701514e-02
2.300000000000000000e+01 3.962591676714910527e-02
2.400000000000000000e+01 4.329809952548541174e-02
2.500000000000000000e+01 4.722800103346373735e-02
2.600000000000000000e+01 5.127019197818247220e-02
2.700000000000000000e+01 5.549375755055135917e-02
2.800000000000000000e+01 5.989943020320850908e-02
2.900000000000000000e+01 6.448731692628638379e-02
3.000000000000000000e+01 6.925720692453185556e-02
3.100000000000000000e+01 7.420828425421260865e-02
3.200000000000000000e+01 7.933914795433973099e-02
3.300000000000000000e+01 8.464768345439759034e-02
3.400000000000000000e+01 9.013108277868805973e-02
3.500000000000000000e+01 9.578572585514792681e-02
3.600000000000000000e+01 1.016291556370935156e-01
3.700000000000000000e+01 1.076128126142279623e-01
3.800000000000000000e+01 1.137513799829604627e-01
3.900000000000000000e+01 1.200376959092187001e-01
4.000000000000000000e+01 1.264636097785414859e-01
4.100000000000000000e+01 1.330200818041148703e-01
4.200000000000000000e+01 1.396973813653855367e-01
4.300000000000000000e+01 1.464848891934857622e-01
4.400000000000000000e+01 1.533713943916756306e-01
4.500000000000000000e+01 1.603448965354597466e-01
4.600000000000000000e+01 1.673930018379623796e-01
4.700000000000000000e+01 1.745028242609202307e-01
4.800000000000000000e+01 1.816613816800577985e-01
4.900000000000000000e+01 1.888553968883796841e-01
5.000000000000000000e+01 1.960714958616621428e-01
5.100000000000000000e+01 2.032966042894364112e-01
5.200000000000000000e+01 2.105178473454188404e-01
5.300000000000000000e+01 2.177224501891570074e-01
5.400000000000000000e+01 2.248982339953667642e-01
5.500000000000000000e+01 2.320335154806238698e-01
5.600000000000000000e+01 2.391170077706178676e-01
5.700000000000000000e+01 2.461380185437747059e-01
5.800000000000000000e+01 2.530865486765248029e-01
5.900000000000000000e+01 2.599530937340731040e-01
6.000000000000000000e+01 2.667287429812753019e-01
6.100000000000000000e+01 2.734051795045074340e-01
6.200000000000000000e+01 2.799612086389974275e-01
6.300000000000000000e+01 2.864217927032050581e-01
6.400000000000000000e+01 2.927664285241924347e-01
6.500000000000000000e+01 2.989908569280999573e-01
6.600000000000000000e+01 3.050914115876339205e-01
6.700000000000000000e+01 3.110581853216793924e-01
6.800000000000000000e+01 3.168914719942628189e-01
6.900000000000000000e+01 3.225882968917935245e-01
7.000000000000000000e+01 3.281606432551895658e-01
7.100000000000000000e+01 3.335897835263448852e-01
7.200000000000000000e+01 3.388685792944748365e-01
7.300000000000000000e+01 3.440132733399648979e-01
7.400000000000000000e+01 3.490296068312186417e-01
7.500000000000000000e+01 3.539001377672226778e-01
7.600000000000000000e+01 3.586180233073898438e-01
7.700000000000000000e+01 3.632042630196034017e-01
7.800000000000000000e+01 3.676689580850429073e-01
7.900000000000000000e+01 3.719879274258887647e-01
8.000000000000000000e+01 3.761495723890104226e-01
