1.000000000000000000e+00 5.783560827255131701e-05
2.000000000000000000e+00 2.314161377893597508e-04
3.000000000000000000e+00 5.209628009251601006e-04
4.000000000000000000e+00 9.268429787330524899e-04
5.000000000000000000e+00 1.449569915314090525e-03
6.000000000000000000e+00 2.089803166636593299e-03
7.000000000000000000e+00 2.848346197876694928e-03
8.000000000000000000e+00 3.726144973632965294e-03
9.000000000000000000e+00 4.724288339609372840e-03
1.000000000000000000e+01 5.844004017764529296e-03
1.100000000000000000e+01 7.086653603462104989e-03
1.200000000000000000e+01 8.461226952739585652e-03
1.300000000000000000e+01 9.958028432787017006e-03
1.400000000000000000e+01 1.158292147574530723e-02
1.500000000000000000e+01 1.333843944520843490e-02
1.600000000000000000e+01 1.522675530168266476e-02
1.700000000000000000e+01 1.725010098133660311e-02
1.800000000000000000e+01 1.941085701163697275e-02
1.900000000000000000e+01 2.171151269545097337e-02
2.000000000000000000e+01 2.415457620024888397e-02
2.100000000000000000e+01 2.674278411127414129e-02
2.200000000000000000e+01 2.947872229553204909e-02
2.300000000000000000e+01 3.236528487997288039e-02
2.400000000000000000e+01 3.540512559225388045e-02
2.500000000000000000e+01 3.860114574274724208e-02
2.600000000000000000e+01 4.206260632332741584e-02
2.700000000000000000e+01 4.559793537782855927e-02
2.800000000000000000e+01 4.929998350787758582e-02
2.900000000000000000e+01 5.317119974014175576e-02
3.000000000000000000e+01 5.721425956781869826e-02
3.100000000000000000e+01 6.143120410068389492e-02
3.200000000000000000e+01 6.582410969447750893e-02
3.300000000000000000e+01 7.039467439499054457e-02
3.400000000000000000e+01 7.518488101082757002e-02
3.500000000000000000e+01 8.011994392467661208e-02
3.600000000000000000e+01 8.523513681350614046e-02
3.700000000000000000e+01 9.053042252277740398e-02
3.800000000000000000e+01 9.600436069278157902e-02
3.900000000000000000e+01 1.016556630948881185e-01
4.000000000000000000e+01 1.074808904345045391e-01
4.100000000000000000e+01 1.134765068306795854e-01
4.200000000000000000e+01 1.196382062384700046e-01
4.300000000000000000e+01 1.259605886987598122e-01
4.400000000000000000e+01 1.324367630282680952e-01
4.500000000000000000e+01 1.390592420438631349e-01
4.600000000000000000e+01 1.458194464175021077e-01
4.700000000000000000e+01 1.527079021023312611e-01
4.800000000000000000e+01 1.597135464564802265e-01
4.900000000000000000e+01 1.668253187555048533e-01
5.000000000000000000e+01 1.740309666761760687e-01
5.100000000000000000e+01 1.813174448615147982e-01
5.200000000000000000e+01 1.886709155308818886e-01
5.300000000000000000e+01 1.960772443984340752e-01
5.400000000000000000e+01 2.035225974312292740e-01
5.500000000000000000e+01 2.109923459066162799e-01
5.600000000000000000e+01 2.184731606871499476e-01
5.700000000000000000e+01 2.259485330049912089e-01
5.800000000000000000e+01 2.334063239269880130e-01
5.900000000000000000e+01 2.408330028107064091e-01
6.000000000000000000e+01 2.482140688785814120e-01
