1.000000000000000000e+00 8.040940441869363800e-05
2.000000000000000000e+00 3.217368166836035402e-04
3.000000000000000000e+00 7.242788383867615649e-04
4.000000000000000000e+00 1.288528035633102961e-03
5.000000000000000000e+00 2.015169153008880987e-03
6.000000000000000000e+00 2.905076076883640005e-03
7.000000000000000000e+00 3.959311016182898851e-03
8.000000000000000000e+00 5.179106409542957867e-03
9.000000000000000000e+00 6.565872831983228346e-03
1.000000000000000000e+01 8.128034733739811224e-03
1.100000000000000000e+01 9.856919935125383822e-03
1.200000000000000000e+01 1.176000172744211258e-02
1.300000000000000000e+01 1.383771744344325545e-02
1.400000000000000000e+01 1.609315078501561552e-02
1.500000000000000000e+01 1.852874249817798233e-02
1.600000000000000000e+01 2.114701092661074380e-02
1.700000000000000000e+01 2.395049244236125904e-02
1.800000000000000000e+01 2.694180115667756462e-02
1.900000000000000000e+01 3.012345956757878432e-02
2.000000000000000000e+01 3.349809822830669692e-02
2.100000000000000000e+01 3.706807747077707493e-02
2.200000000000000000e+01 4.083576520394494730e-02
2.300000000000000000e+01 4.487784625126844951e-02
2.400000000000000000e+01 4.906055511379830980e-02
2.500000000000000000e+01 5.344796806109395476e-02
2.600000000000000000e+01 5.804136598635621647e-02
2.700000000000000000e+01 6.284139151870225815e-02
2.800000000000000000e+01 6.784796924856836831e-02
2.900000000000000000e+01 7.306075890408210427e-02
3.000000000000000000e+01 7.847844023724560858e-02
3.100000000000000000e+01 8.409889009794149772e-02
3.200000000000000000e+01 8.994023857037933278e-02
3.300000000000000000e+01 9.595787255215985911e-02
3.400000000000000000e+01 1.021655838546145501e-01
3.500000000000000000e+01 1.085583672389582310e-01
3.600000000000000000e+01 1.151268992479245606e-01
3.700000000000000000e+01 1.218636045034976328e-01
3.800000000000000000e+01 1.287586398101896734e-01
3.900000000000000000e+01 1.358007783429377724e-01
4.000000000000000000e+01 1.429783015858903383e-01
4.100000000000000000e+01 1.502785029130883909e-01
4.200000000000000000e+01 1.576866008209024117e-01
4.300000000000000000e+01 1.651882141146358285e-01
4.400000000000000000e+01 1.727686637138771963e-01
4.500000000000000000e+01 1.804120924009835203e-01
4.600000000000000000e+01 1.881013569137417463e-01
4.700000000000000000e+01 1.958215917275751283e-01
4.800000000000000000e+01 2.035557602689156420e-01
4.900000000000000000e+01 2.112892916084291028e-01
5.000000000000000000e+01 2.190060590383147432e-01
5.100000000000000000e+01 2.266902133843062273e-01
5.200000000000000000e+01 2.343298494548349820e-01
5.300000000000000000e+01 2.419077823772721458e-01
5.400000000000000000e+01 2.494131955922129773e-01
5.500000000000000000e+01 2.568362626490177103e-01
5.600000000000000000e+01 2.641637315676447217e-01
5.700000000000000000e+01 2.713814024260809421e-01
5.800000000000000000e+01 2.784824027694886017e-01
5.900000000000000000e+01 2.854492381930368028e-01
6.000000000000000000e+01 2.922961027849404481e-01
