1.000000000000000000e+00 5.144870417391804126e-05
2.000000000000000000e+00 2.058512792304340001e-04
3.000000000000000000e+00 4.633837864830144481e-04
4.000000000000000000e+00 8.243297494585300140e-04
5.000000000000000000e+00 1.289278790873391554e-03
6.000000000000000000e+00 1.858573855979735526e-03
7.000000000000000000e+00 2.532957836173744572e-03
8.000000000000000000e+00 3.313223992769783171e-03
9.000000000000000000e+00 4.200270736144971241e-03
1.000000000000000000e+01 5.195124524903324548e-03
1.100000000000000000e+01 6.298921916714316296e-03
1.200000000000000000e+01 7.512914537285009763e-03
1.300000000000000000e+01 8.838467063296880782e-03
1.400000000000000000e+01 1.027705023435718408e-02
1.500000000000000000e+01 1.183023285476712989e-02
1.600000000000000000e+01 1.349969274782871279e-02
1.700000000000000000e+01 1.528720574959305765e-02
1.800000000000000000e+01 1.719462677933088907e-02
1.900000000000000000e+01 1.922390972612383897e-02
2.000000000000000000e+01 2.137706758573709384e-02
2.100000000000000000e+01 2.365620231944208507e-02
2.200000000000000000e+01 2.606345502597886415e-02
2.300000000000000000e+01 2.860102584278956250e-02
2.400000000000000000e+01 3.127115400730796912e-02
2.500000000000000000e+01 3.407608795194431300e-02
2.600000000000000000e+01 3.701809526254602051e-02
2.700000000000000000e+01 4.009940289364247873e-02
2.800000000000000000e+01 4.343298094192695608e-02
2.900000000000000000e+01 4.681743552572976974e-02
3.000000000000000000e+01 5.034978670935521400e-02
3.100000000000000000e+01 5.403186967874810953e-02
3.200000000000000000e+01 5.786568811011006536e-02
3.300000000000000000e+01 6.185293626662725225e-02
3.400000000000000000e+01 6.599510857988714896e-02
3.500000000000000000e+01 7.029339019047987913e-02
3.600000000000000000e+01 7.474866702324750589e-02
3.700000000000000000e+01 7.940398802429532443e-02
3.800000000000000000e+01 8.417955178387381832e-02
3.900000000000000000e+01 8.911248567677594601e-02
4.000000000000000000e+01 9.420180281667372979e-02
4.100000000000000000e+01 9.944593897752410094e-02
4.200000000000000000e+01 1.048426832172786455e-01
4.300000000000000000e+01 1.103891182020730749e-01
4.400000000000000000e+01 1.160816006135250156e-01
4.500000000000000000e+01 1.219158311002522393e-01
4.600000000000000000e+01 1.278867151243756606e-01
4.700000000000000000e+01 1.339882633594805805e-01
4.800000000000000000e+01 1.402137915570777771e-01
4.900000000000000000e+01 1.465558205872262154e-01
5.000000000000000000e+01 1.530061767726798860e-01
5.100000000000000000e+01 1.595557923013254109e-01
5.200000000000000000e+01 1.661953031173122042e-01
5.300000000000000000e+01 1.729143518462311069e-01
5.400000000000000000e+01 1.797023844894055922e-01
5.500000000000000000e+01 1.865482516845454186e-01
5.600000000000000000e+01 1.934406074450928936e-01
5.700000000000000000e+01 2.003677093111932983e-01
5.800000000000000000e+01 2.073178169147296135e-01
5.900000000000000000e+01 2.142794902276419777e-01
6.000000000000000000e+01 2.212407926061690788e-01
6.100000000000000000e+01 2.281905852338654561e-01
6.200000000000000000e+01 2.351176304592176025e-01
6.300000000000000000e+01 2.420113884027793039e-01
6.400000000000000000e+01 2.488614188045742415e-01
6.500000000000000000e+01 2.556580780989172741e-01
6.600000000000000000e+01 2.623920214042211874e-01
6.700000000000000000e+01 2.690547000102556652e-01
6.800000000000000000e+01 2.756380626068934969e-01
6.900000000000000000e+01 2.821343557837034388e-01
7.000000000000000000e+01 2.885368212790839215e-01
7.100000000000000000e+01 2.948389989925963572e-01
7.200000000000000000e+01 3.010349255266597246e-01
7.300000000000000000e+01 3.071191346223284269e-01
7.400000000000000000e+01 3.130867568659189693e-01
7.500000000000000000e+01 3.189332204819761984e-01
7.600000000000000000e+01 3.246455054758421443e-01
7.700000000000000000e+01 3.302432925760447890e-01
7.800000000000000000e+01 3.357131636586697110e-01
7.900000000000000000e+01 3.410535285598970678e-01
8.000000000000000000e+01 3.462619023709490040e-01
