5.000000000000000000e+00 1.789515301822492549e-03
1.000000000000000000e+01 7.480767706715277590e-03
1.500000000000000000e+01 1.710916706912516544e-02
2.000000000000000000e+01 3.093735232406095298e-02
2.500000000000000000e+01 4.906227578084208785e-02
3.000000000000000000e+01 7.162560022745327604e-02
3.500000000000000000e+01 9.851274614745338110e-02
4.000000000000000000e+01 1.292143344956124262e-01
4.500000000000000000e+01 1.628603113005606395e-01
5.000000000000000000e+01 1.981294012382477931e-01
5.500000000000000000e+01 2.334649349134406970e-01
6.000000000000000000e+01 2.674909813186953089e-01
