5.000000000000000000e+00 2.173730576509049287e-03
1.000000000000000000e+01 9.024193679330201265e-03
1.500000000000000000e+01 2.062506137286043706e-02
2.000000000000000000e+01 3.729544149434506350e-02
2.500000000000000000e+01 5.909051674255045433e-02
3.000000000000000000e+01 8.603077209302341377e-02
3.500000000000000000e+01 1.176716536501894589e-01
4.000000000000000000e+01 1.529627368331396287e-01
4.500000000000000000e+01 1.903345086290885169e-01
5.000000000000000000e+01 2.279694932320543155e-01
5.500000000000000000e+01 2.641642529869307476e-01
6.000000000000000000e+01 2.970823817846212633e-01
