5.000000000000000000e+00 1.524085103349835310e-03
1.000000000000000000e+01 6.418657670334346546e-03
1.500000000000000000e+01 1.471824853675298035e-02
2.000000000000000000e+01 2.669642854910036361e-02
2.500000000000000000e+01 4.249684711530946762e-02
3.000000000000000000e+01 6.236865111874057704e-02
3.500000000000000000e+01 8.639875192349108501e-02
4.000000000000000000e+01 1.144163219684282001e-01
4.500000000000000000e+01 1.458289619606154275e-01
5.000000000000000000e+01 1.796783063719256113e-01
5.500000000000000000e+01 2.145634340708809096e-01
6.000000000000000000e+01 2.490904776907272855e-01
