5.000000000000000000e+00 1.249624755775002871e-03
1.000000000000000000e+01 5.315685645992688710e-03
1.500000000000000000e+01 1.220116988138957546e-02
2.000000000000000000e+01 2.207503191823529526e-02
2.500000000000000000e+01 3.520189073743039410e-02
3.000000000000000000e+01 5.168445185170352646e-02
3.500000000000000000e+01 7.173425568637811778e-02
4.000000000000000000e+01 9.534659547843657434e-02
4.500000000000000000e+01 1.224544109443010814e-01
5.000000000000000000e+01 1.524620243566000011e-01
5.500000000000000000e+01 1.845889290056800802e-01
6.000000000000000000e+01 2.177144309637100983e-01
