0.000000000000000000e+00 0.000000000000000000e+00 0.000000000000000000e+00 0.000000000000000000e+00 0.000000000000000000e+00
1.000000000000000000e+00 7.141160059796159364e-05 -5.253160240137333403e-09 7.132948338987281508e-05 -5.282444592857871157e-09
2.000000000000000000e+00 2.858759855372644781e-04 -8.419518882085696987e-08 2.855472882779892438e-04 -8.421614439146907216e-08
3.000000000000000000e+00 6.438322003718892177e-04 -4.270622327995354794e-07 6.430920044602157814e-04 -4.267475458563652069e-07
4.000000000000000000e+00 1.145846056685744050e-03 -1.352718059233204428e-06 1.144528854012627885e-03 -1.351254823256375914e-06
5.000000000000000000e+00 1.792609593951762685e-03 -3.310809033374439991e-06 1.790549131567762331e-03 -3.306699589034067799e-06
6.000000000000000000e+00 2.584939801691664950e-03 -6.884488915726016955e-06 2.581968998519270329e-03 -6.875347902113304599e-06
7.000000000000000000e+00 3.523776084737239959e-03 -1.279370686380065791e-05 3.519726818092853374e-03 -1.277605279526028426e-05
8.000000000000000000e+00 4.610177646934260527e-03 -2.189905642613343417e-05 4.604880667521819501e-03 -2.186809799531452825e-05
9.000000000000000000e+00 5.845318946219809492e-03 -3.520616064656145738e-05 5.838603740295968993e-03 -3.515557617750353359e-05
1.000000000000000000e+01 7.230484704818631106e-03 -5.387058024719504346e-05 7.222179407521482283e-03 -5.379229037816291026e-05
1.100000000000000000e+01 8.767230122871762232e-03 -7.920622033119606442e-05 8.757161161366025862e-03 -7.909014686735549304e-05
1.200000000000000000e+01 1.045674169824286660e-02 -1.126804612062715094e-04 1.044473425459641405e-02 -1.125142943887436076e-04
1.300000000000000000e+01 1.230072580255164513e-02 -1.559348565521867513e-04 1.228660322205607676e-02 -1.557037909012404242e-04
1.400000000000000000e+01 1.430106313565370109e-02 -2.107898019237941512e-04 1.428464673841562359e-02 -2.104762650688707382e-04
1.500000000000000000e+01 1.645903899601633413e-02 -2.792282509458399176e-04 1.644014875129035796e-02 -2.788116565055620555e-04
1.600000000000000000e+01 1.877660951786046251e-02 -3.634372781344819003e-04 1.875506330680032710e-02 -3.628937171298307618e-04
1.700000000000000000e+01 2.125586929883761800e-02 -4.658069261376240888e-04 2.123148274917351780e-02 -4.651088586901108712e-04
1.800000000000000000e+01 2.389806769699106062e-02 -5.888929729679359681e-04 2.387065516775728133e-02 -5.880089776594266127e-04
1.900000000000000000e+01 2.670558821373057376e-02 -7.355099069916715138e-04 2.667496151081043265e-02 -7.344042888172142014e-04
2.000000000000000000e+01 2.967959839627267934e-02 -9.086275178915581563e-04 2.964556816240238035e-02 -9.072600728585733521e-04
2.100000000000000000e+01 3.282209206071769192e-02 -1.111480020160149351e-03 3.278446685309879122e-02 -1.109805635012284242e-03
2.200000000000000000e+01 3.613508416623476688e-02 -1.347540654173862151e-03 3.609367044887804715e-02 -1.345508944479156810e-03
2.300000000000000000e+01 3.961935621306939687e-02 -1.620429362216957436e-03 3.957395976127832393e-02 -1.617984449984399831e-03
2.400000000000000000e+01 4.327700719619058389e-02 -1.934105045586775873e-03 4.322743162569462477e-02 -1.931185045863093031e-03
2.500000000000000000e+01 4.710844755643557591e-02 -2.292631269189326915e-03 4.705449623841575363e-02 -2.289168130838681314e-03
2.600000000000000000e+01 5.111537537322888292e-02 -2.700433514721600758e-03 5.105685001297149972e-02 -2.696352473025576124e-03
2.700000000000000000e+01 5.529767502283298997e-02 -3.162006051615873226e-03 5.523437770252007106e-02 -3.157225521661310985e-03
2.800000000000000000e+01 5.965604672221744981e-02 -3.682167577456763041e-03 5.958777901524333481e-02 -3.676598663106322995e-03
2.900000000000000000e+01 6.419091258210175843e-02 -4.265960486904307736e-03 6.411747588498933892e-02 -4.259506640359456142e-03
3.000000000000000000e+01 6.890094723472679761e-02 -4.918436329002462415e-03 6.882214474111977842e-02 -4.910993333752666778e-03
3.100000000000000000e+01 7.378608731632541051e-02 -5.645039612672819729e-03 7.370172263307775418e-02 -5.636494987077633745e-03
3.200000000000000000e+01 7.884401759994134895e-02 -6.451100733984582725e-03 7.875389728371812170e-02 -6.441333898868029095e-03
3.300000000000000000e+01 8.407312012955638070e-02 -7.342240450469383894e-03 8.397705293362524304e-02 -7.331122285929247973e-03
3.400000000000000000e+01 8.947121931698646946e-02 -8.324177610863903176e-03 8.936901683583403644e-02 -8.311570301949622319e-03
3.500000000000000000e+01 9.503406870909815451e-02 -9.402399197882660431e-03 9.492554771479423670e-02 -9.388156577683548498e-03
3.600000000000000000e+01 1.007580652394803739e-01 -1.058261426291007279e-02 1.006430469825045221e-01 -1.056658146885403049e-02
3.700000000000000000e+01 1.066388985693794977e-01 -1.187048911610610880e-02 1.065172095806183328e-01 -1.185250264376624951e-02
3.800000000000000000e+01 1.126700434477142659e-01 -1.327124071989760346e-02 1.125415180395487880e-01 -1.325112909214920531e-02
3.900000000000000000e+01 1.188455639179261530e-01 -1.479019432490813468e-02 1.187100435262444659e-01 -1.476777791403838247e-02
4.000000000000000000e+01 1.251582485273608769e-01 -1.643231802452593815e-02 1.250155831442376630e-01 -1.640740957716058102e-02
4.100000000000000000e+01 1.316000631398779597e-01 -1.820225185129209500e-02 1.314501122333175676e-01 -1.817465696757891713e-02
4.200000000000000000e+01 1.381626787588667304e-01 -2.010439343652203892e-02 1.380053115793537510e-01 -2.007391091527965798e-02
4.300000000000000000e+01 1.448354426462934719e-01 -2.214222451904679367e-02 1.446705408558991435e-01 -2.210864772864784555e-02
4.400000000000000000e+01 1.516084621477622185e-01 -2.431912962966797931e-02 1.514359189088306801e-01 -2.428224662677858081e-02
4.500000000000000000e+01 1.584706454796626085e-01 -2.663775591351102978e-02 1.582903667781887513e-01 -2.659735053561274043e-02
4.600000000000000000e+01 1.654102620185932404e-01 -2.910009531870538790e-02 1.652221673413522551e-01 -2.905594814955658745e-02
4.700000000000000000e+01 1.724150185893736920e-01 -3.170743276420218137e-02 1.722190415078861669e-01 -3.165932217692735140e-02
4.800000000000000000e+01 1.794721472046904021e-01 -3.446030252603338173e-02 1.792682358513741081e-01 -3.440800579099112522e-02
4.900000000000000000e+01 1.865685026416403769e-01 -3.735845414862415392e-02 1.863566200692813868e-01 -3.730174859283841293e-02
5.000000000000000000e+01 1.936906678695650419e-01 -4.040082892713525720e-02 1.934707922849404904e-01 -4.033949312944629106e-02
5.100000000000000000e+01 2.008250650270191895e-01 -4.358554768115840972e-02 2.005971898934804099e-01 -4.351936268671030561e-02
5.200000000000000000e+01 2.079580694613788194e-01 -4.690991019418944141e-02 2.077222034670143380e-01 -4.683866073075182435e-02
5.300000000000000000e+01 2.150761242120632077e-01 -5.037040630125666496e-02 2.148322911048691775e-01 -5.029388198077888728e-02
5.400000000000000000e+01 2.221658523457076817e-01 -5.396273823933833702e-02 2.219140906381154854e-01 -5.388073472759474791e-02
5.500000000000000000e+01 2.292141646550046041e-01 -5.768185351247051562e-02 2.289545272051338731e-01 -5.759417365190772076e-02
5.600000000000000000e+01 2.362083604568787631e-01 -6.152198721191520780e-02 2.359409139350278906e-01 -6.142844208359904412e-02
5.700000000000000000e+01 2.431357172849541726e-01 -6.547641651117402928e-02 2.428605422615367493e-01 -6.537682691275792379e-02
5.800000000000000000e+01 2.499855971608728467e-01 -6.953869960467623512e-02 2.497027851997747905e-01 -6.943289549751963108e-02
5.900000000000000000e+01 2.567464551497841696e-01 -7.370096828735706040e-02 2.564561101860645675e-01 -7.358879106410454174e-02
6.000000000000000000e+01 2.634079531345523972e-01 -7.795517014150887825e-02 2.631101898807953199e-01 -7.783647286766920415e-02
