0.000000000000000000e+00 0.000000000000000000e+00 0.000000000000000000e+00 0.000000000000000000e+00 0.000000000000000000e+00
1.000000000000000000e+00 4.934451600025407470e-05 -2.545248900531760228e-09 4.938775235763792751e-05 -2.534587206781679924e-09
2.000000000000000000e+00 1.974619057182041702e-04 -4.029409572670061834e-08 1.976349230904395071e-04 -4.028676747758197507e-08
3.000000000000000000e+00 4.446039236908600856e-04 -2.038426761830081091e-07 4.449934697135071574e-04 -2.039589261926266772e-07
4.000000000000000000e+00 7.911907593278715142e-04 -6.450428833293386788e-07 7.918839272384248836e-04 -6.455810324101918241e-07
5.000000000000000000e+00 1.237811912809283574e-03 -1.578297498139313859e-06 1.238896279927804425e-03 -1.579807268448085722e-06
6.000000000000000000e+00 1.785227349917711251e-03 -3.282388352343623694e-06 1.786791109200515414e-03 -3.285746277392753711e-06
7.000000000000000000e+00 2.434369248068148084e-03 -6.102854024581105818e-06 2.436501352602967428e-03 -6.109341611715279896e-06
8.000000000000000000e+00 3.186343405632228662e-03 -1.045493281037757072e-05 3.189133715311707248e-03 -1.046631813639287145e-05
9.000000000000000000e+00 4.042431893979565698e-03 -1.682710227557393523e-05 4.045971317767790149e-03 -1.684572564597530686e-05
1.000000000000000000e+01 5.004095269826881395e-03 -2.578523714802383182e-05 5.008475905523382919e-03 -2.581410150315210927e-05
1.100000000000000000e+01 6.073096444656545141e-03 -3.797893871981816716e-05 6.078411828171628208e-03 -3.802180730549942211e-05
1.200000000000000000e+01 7.251046550417822138e-03 -5.414168271056229997e-05 7.257391520307773618e-03 -5.420317707971467058e-05
1.300000000000000000e+01 8.540056036335851725e-03 -7.510427916557205208e-05 8.547527153302324904e-03 -7.518999253364189173e-05
1.400000000000000000e+01 9.942328408752381178e-03 -1.017975212007637964e-04 9.951024026287605059e-03 -1.019141349585250822e-04
1.500000000000000000e+01 1.146047092737541469e-02 -1.352660097804214701e-04 1.147049151967971352e-02 -1.354214256953367723e-04
1.600000000000000000e+01 1.309669620633076119e-02 -1.766587980308598205e-04 1.310814402411673331e-02 -1.768622599541691542e-04
1.700000000000000000e+01 1.485397382511014115e-02 -2.272640621003851891e-04 1.486695352948774404e-02 -2.275263173535657657e-04
1.800000000000000000e+01 1.673558103088264304e-02 -2.885140485334725113e-04 1.675019994448720059e-02 -2.888475151714420264e-04
1.900000000000000000e+01 1.874420548841508952e-02 -3.619646703689749501e-04 1.876057307270408495e-02 -3.623835804931196947e-04
2.000000000000000000e+01 2.088380662473270089e-02 -4.493717409134179164e-04 2.090203555468779506e-02 -4.498923723298409172e-04
2.100000000000000000e+01 2.315742834073548570e-02 -5.526240514763802736e-04 2.317763370539988738e-02 -5.532648815388396812e-04
2.200000000000000000e+01 2.556950740078963585e-02 -6.738541257333974244e-04 2.559180787040854846e-02 -6.746361132611289335e-04
2.300000000000000000e+01 2.812344308080641161e-02 -8.153433452768865664e-04 2.814796000776224189e-02 -8.162901025027258228e-04
2.400000000000000000e+01 3.082414769774398725e-02 -9.796696110870861673e-04 3.085100637404506949e-02 -9.808077459899644523e-04
2.500000000000000000e+01 3.367536270841716556e-02 -1.169576788560666714e-03 3.370469135758835666e-02 -1.170936096295260853e-03
2.600000000000000000e+01 3.668246213331212424e-02 -1.388168085901808624e-03 3.671439325818236232e-02 -1.389781963074487869e-03
2.700000000000000000e+01 3.984949867701333137e-02 -1.638730201638960438e-03 3.988416792307594716e-02 -1.640635857252381591e-03
2.800000000000000000e+01 4.318227564176532057e-02 -1.924982976323708073e-03 4.321982323516400382e-02 -1.927221930642430969e-03
2.900000000000000000e+01 4.668510115995740811e-02 -2.250846205589462912e-03 4.672567062252028919e-02 -2.253464519209380512e-03
3.000000000000000000e+01 5.036414842531288655e-02 -2.620758180087223721e-03 5.040788809655281227e-02 -2.623807050372795047e-03
3.100000000000000000e+01 5.422389131844454480e-02 -3.039370078914860329e-03 5.427095289704605280e-02 -3.042906082988072747e-03
3.200000000000000000e+01 5.827077593363443747e-02 -3.511948340118697942e-03 5.832131607365236003e-02 -3.516034141501034327e-03
3.300000000000000000e+01 6.250930747791712261e-02 -4.043977836460155295e-03 6.256348612557523226e-02 -4.048682433362316146e-03
3.400000000000000000e+01 6.694605759624741581e-02 -4.641665509772074927e-03 6.700403964827673919e-02 -4.647065063222877157e-03
3.500000000000000000e+01 7.158537112365515043e-02 -5.311429172517811992e-03 7.164732451940744595e-02 -5.317607244379241038e-03
3.600000000000000000e+01 7.643373312527525221e-02 -6.060522320027184051e-03 7.649983054869800847e-02 -6.067570830071811194e-03
3.700000000000000000e+01 8.149568012636426717e-02 -6.896485629527715489e-03 8.156609731746969350e-02 -6.904505179510800339e-03
3.800000000000000000e+01 8.677547628207966934e-02 -7.827389710778120957e-03 8.685039172887219772e-02 -7.836490187051681211e-03
3.900000000000000000e+01 9.227878458897428859e-02 -8.862186343377542741e-03 9.235838058907608339e-02 -8.872487923018423928e-03
4.000000000000000000e+01 9.800834023554325092e-02 -1.000994563588664121e-02 9.809280037941262020e-02 -1.002157891265809120e-02
4.100000000000000000e+01 1.039688070903836969e-01 -1.128079185838415377e-02 1.040583177429992429e-01 -1.129389904578848025e-02
4.200000000000000000e+01 1.101614768781231934e-01 -1.268484205693698463e-02 1.102562242815890159e-01 -1.269957696702805894e-02
4.300000000000000000e+01 1.165894839596608168e-01 -1.423332462408122279e-02 1.166896556276627306e-01 -1.424985393422084634e-02
4.400000000000000000e+01 1.232521176030892257e-01 -1.593726781315207841e-02 1.233578990207625514e-01 -1.595577082022481274e-02
4.500000000000000000e+01 1.301503700019161769e-01 -1.780881829563696339e-02 1.302619458944416775e-01 -1.782948818975449434e-02
4.600000000000000000e+01 1.372809178749780090e-01 -1.985964848611132538e-02 1.373984685107825232e-01 -1.988269178722201769e-02
4.700000000000000000e+01 1.446411403880639435e-01 -2.210223029667957029e-02 1.447648420195602470e-01 -2.212786776054720406e-02
4.800000000000000000e+01 1.522269381845567648e-01 -2.454922330895159543e-02 1.523569616954042749e-01 -2.457769012894905902e-02
4.900000000000000000e+01 1.600298132384007643e-01 -2.721236917683378387e-02 1.601663203804095381e-01 -2.724391390926050871e-02
5.000000000000000000e+01 1.680418657788232406e-01 -3.010397289972988055e-02 1.681850095500393438e-01 -3.013885810319583136e-02
5.100000000000000000e+01 1.762533134663706591e-01 -3.323602411520476529e-02 1.764032364590146507e-01 -3.327452597994495775e-02
5.200000000000000000e+01 1.846495169890154942e-01 -3.661880244435478104e-02 1.848063472790620332e-01 -3.666120880877377086e-02
5.300000000000000000e+01 1.932164551710448819e-01 -4.026276096917047465e-02 1.933803067822721378e-01 -4.030937152519253885e-02
5.400000000000000000e+01 2.019371528318167908e-01 -4.417694785811365765e-02 2.021081232611869061e-01 -4.422807253468719058e-02
5.500000000000000000e+01 2.107926403436089224e-01 -4.836911596330828456e-02 2.109708089161281275e-01 -4.842507344449087370e-02
5.600000000000000000e+01 2.197620835787980342e-01 -5.284551380303620371e-02 2.199475099463196193e-01 -5.290662981210680904e-02
5.700000000000000000e+01 2.288239832440563948e-01 -5.761124708671022665e-02 2.290167069448811321e-01 -5.767785310638212648e-02
5.800000000000000000e+01 2.379523548720592629e-01 -6.266794334193481752e-02 2.381523916611434366e-01 -6.274037260557024931e-02
5.900000000000000000e+01 2.471220396399423092e-01 -6.801620653916473636e-02 2.473293823627107368e-01 -6.809479290345615832e-02
6.000000000000000000e+01 2.563091189071565190e-01 -7.365588110326515281e-02 2.565237388310614430e-01 -7.374095826206589210e-02
