0.000000000000000000e+00 0.000000000000000000e+00 0.000000000000000000e+00 0.000000000000000000e+00 0.000000000000000000e+00
1.000000000000000000e+00 8.028864305335660432e-05 -5.952088044658410126e-09 8.019598867476637792e-05 -5.329108487828193574e-09
2.000000000000000000e+00 3.214251824331768211e-04 -1.035457524167782140e-07 3.210543153716872403e-04 -1.009307944999093820e-07
3.000000000000000000e+00 7.239414426441638083e-04 -5.329273422560731888e-07 7.231062326641254315e-04 -5.265826873435131006e-07
4.000000000000000000e+00 1.288537343492441927e-03 -1.696830399966486880e-06 1.287050929855493905e-03 -1.684401317203487736e-06
5.000000000000000000e+00 2.016080128783558426e-03 -4.163615829333444651e-06 2.013754714395401754e-03 -4.141877697150242454e-06
6.000000000000000000e+00 2.907602602770259070e-03 -8.671161580764419341e-06 2.904249319443441557e-03 -8.635761489461657447e-06
7.000000000000000000e+00 3.964299444721255603e-03 -1.613159079916215433e-05 3.959728114371131522e-03 -1.607678163995096554e-05
8.000000000000000000e+00 5.187523790891050875e-03 -2.763683943962647049e-05 5.181542779774756836e-03 -2.755520603558991866e-05
9.000000000000000000e+00 6.578780803560399862e-03 -4.446502224064730058e-05 6.571196871422405224e-03 -4.434719812396181737e-05
1.000000000000000000e+01 8.139874548506533664e-03 -6.809015560971243275e-05 8.130492495941492315e-03 -6.792452369164259096e-05
1.100000000000000000e+01 9.872319972311759811e-03 -1.001810125567104137e-04 9.860942984941039463e-03 -9.995341233393073566e-05
1.200000000000000000e+01 1.177815063612749902e-02 -1.426217049764755274e-04 1.176457970108795402e-02 -1.423151024937396869e-04
1.300000000000000000e+01 1.385939018640411011e-02 -1.975135512044534636e-04 1.384342411811793731e-02 -1.971077104583329742e-04
1.400000000000000000e+01 1.611842836479324137e-02 -2.671952528647825176e-04 1.609986340332547963e-02 -2.666663740458208309e-04
1.500000000000000000e+01 1.855697547883326803e-02 -3.542203156983170231e-04 1.853560606828366653e-02 -3.535407152918113027e-04
1.600000000000000000e+01 2.117781665519753720e-02 -4.614251053624007781e-04 2.115343423899845518e-02 -4.605627805117640250e-04
1.700000000000000000e+01 2.398269234699494309e-02 -5.918629190700963605e-04 2.395508656050512192e-02 -5.907812272487600325e-04
1.800000000000000000e+01 2.697448903398765724e-02 -7.489058247245328204e-04 2.694344642930952133e-02 -7.475629937947481096e-04
1.900000000000000000e+01 3.015487653869396156e-02 -9.361441600446163136e-04 3.012018197252857091e-02 -9.344929673419377636e-04
2.000000000000000000e+01 3.352671156688820375e-02 -1.157524298010303987e-03 3.348814688097931369e-02 -1.155511523841523669e-03
2.100000000000000000e+01 3.709146224029028632e-02 -1.417204981280173470e-03 3.704880784353771495e-02 -1.414771098114386838e-03
2.200000000000000000e+01 4.085141961869981353e-02 -1.719705208565014409e-03 4.080445358299500391e-02 -1.716783830871371208e-03
2.300000000000000000e+01 4.480880418257742609e-02 -2.069865913965851512e-03 4.475730234647075367e-02 -2.066383312319231003e-03
2.400000000000000000e+01 4.896438225673223343e-02 -2.472721641585295949e-03 4.890811988262136478e-02 -2.468596460202809872e-03
2.500000000000000000e+01 5.332022721745821592e-02 -2.933755415488015217e-03 5.325897755369587983e-02 -2.928897985166378781e-03
2.600000000000000000e+01 5.787642426578521598e-02 -3.458576247856171015e-03 5.780996080365505274e-02 -3.452888408571719303e-03
2.700000000000000000e+01 6.263429440743310816e-02 -4.053257228538442725e-03 6.256238952880199822e-02 -4.046631618698337540e-03
2.800000000000000000e+01 6.759299467736881728e-02 -4.723932541002895391e-03 6.751542211278799277e-02 -4.716252518429664420e-03
2.900000000000000000e+01 7.275281183029259913e-02 -5.477196411064144677e-03 7.266934542475160519e-02 -5.468335347206698671e-03
3.000000000000000000e+01 7.811170554284242729e-02 -6.319613148575431438e-03 7.802212190054175212e-02 -6.309434486591602997e-03
3.100000000000000000e+01 8.366818538038195419e-02 -7.258098995587269897e-03 8.357226328226541323e-02 -7.246455709918997456e-03
3.200000000000000000e+01 8.942006720662645791e-02 -8.299730592508880456e-03 8.931758842137954568e-02 -8.286464945240212820e-03
3.300000000000000000e+01 9.536291191903684128e-02 -9.451398872882710300e-03 9.525366376801823465e-02 -9.436342702479505462e-03
3.400000000000000000e+01 1.014927423248897925e-01 -1.072025025056433378e-02 1.013765171914092628e-01 -1.070322457255501458e-02
3.500000000000000000e+01 1.078046753831852916e-01 -1.211340862388909922e-02 1.076812717537370956e-01 -1.209422365933499055e-02
3.600000000000000000e+01 1.142913458380566544e-01 -1.363753283880597689e-02 1.141605711216499563e-01 -1.361598872103020330e-02
3.700000000000000000e+01 1.209457728786350050e-01 -1.529937314517937352e-02 1.208074429835215013e-01 -1.527525976126486995e-02
3.800000000000000000e+01 1.277594383608019746e-01 -1.710526806194434535e-02 1.276133794348547901e-01 -1.707836566651577126e-02
3.900000000000000000e+01 1.347232638721566345e-01 -1.906130021839091970e-02 1.345693129211958383e-01 -1.903137979982083561e-02
4.000000000000000000e+01 1.418255734125762058e-01 -2.117261460821939778e-02 1.416635812516168769e-01 -2.113943930397477189e-02
4.100000000000000000e+01 1.490551603604435560e-01 -2.344417692574474188e-02 1.488849910361492446e-01 -2.340750225702570297e-02
4.200000000000000000e+01 1.563993399759423253e-01 -2.588012509161174979e-02 1.562208724131389781e-01 -2.583970019564552079e-02
4.300000000000000000e+01 1.638445136903106114e-01 -2.848381564440638503e-02 1.636576426823738162e-01 -2.843938442872362415e-02
4.400000000000000000e+01 1.713762605362609270e-01 -3.125774302754547040e-02 1.711808976200771271e-01 -3.120904544310654227e-02
4.500000000000000000e+01 1.789794473801666341e-01 -3.420346937996832093e-02 1.787755215777747653e-01 -3.415024279904022020e-02
4.600000000000000000e+01 1.866383559474555642e-01 -3.732156721199997307e-02 1.864258143512633470e-01 -3.726354788998176293e-02
4.700000000000000000e+01 1.943368239214273430e-01 -4.061157699108608465e-02 1.941156321106741744e-01 -4.054850159159162359e-02
4.800000000000000000e+01 2.020583967610417864e-01 -4.407198117324917508e-02 2.018285390369947696e-01 -4.400358833174666806e-02
4.900000000000000000e+01 2.097864864431128185e-01 -4.770019565613203838e-02 2.095479658764986819e-01 -4.762622755664214225e-02
5.000000000000000000e+01 2.175045330142941769e-01 -5.149257898119230514e-02 2.172573713032506793e-01 -5.141278292006762340e-02
5.100000000000000000e+01 2.251961647688103529e-01 -5.544445896798905205e-02 2.249404019099112695e-01 -5.535858887890376945e-02
5.200000000000000000e+01 2.328453529842368919e-01 -5.955017583358318545e-02 2.325810467651757696e-01 -5.945799375000632159e-02
5.300000000000000000e+01 2.404365574306669695e-01 -6.380314026379146908e-02 2.401637827561260430e-01 -6.370441769667067877e-02
5.400000000000000000e+01 2.479543541728874978e-01 -6.819559927081153550e-02 2.476732029791171297e-01 -6.809011899082856312e-02
5.500000000000000000e+01 2.553855926941732135e-01 -7.271993715336427799e-02 2.550961707709246684e-01 -7.260749282942613458e-02
5.600000000000000000e+01 2.627164093369019904e-01 -7.736693857958737430e-02 2.624188374874826257e-01 -7.724733731219868282e-02
5.700000000000000000e+01 2.699343858586988887e-01 -8.212709888366120925e-02 2.696287980012177510e-01 -8.200016159119377646e-02
5.800000000000000000e+01 2.770280887335843101e-01 -8.699041847693550489e-02 2.767146306807805045e-01 -8.685598063955796144e-02
5.900000000000000000e+01 2.839871129248708881e-01 -9.194650041666119211e-02 2.836659411218796500e-01 -9.180441267840760977e-02
6.000000000000000000e+01 2.908021072263421436e-01 -9.698464573817328072e-02 2.904733874673172123e-01 -9.683477436984122555e-02
