0.000000000000000000e+00 0.000000000000000000e+00 0.000000000000000000e+00 0.000000000000000000e+00 0.000000000000000000e+00
1.000000000000000000e+00 5.768962239091701227e-05 -2.936582865764592043e-09 5.762288274226097301e-05 -2.491320705289012949e-09
2.000000000000000000e+00 2.309110125159435348e-04 -5.289743276737368660e-08 2.306438976779907999e-04 -5.105259537341311216e-08
3.000000000000000000e+00 5.199940234578960757e-04 -2.737462017066150111e-07 5.193925482552489564e-04 -2.693563182498692754e-07
4.000000000000000000e+00 9.254033166520057125e-04 -8.730850107330212495e-07 9.243329984096882975e-04 -8.646848220772440641e-07
5.000000000000000000e+00 1.447738823220731229e-03 -2.143774004759180229e-06 1.446064519562254057e-03 -2.129447514098714578e-06
6.000000000000000000e+00 2.087735706289685876e-03 -4.465945639520185750e-06 2.085321497807950467e-03 -4.443192249015126549e-06
7.000000000000000000e+00 2.846264693382017427e-03 -8.309523881977476378e-06 2.842973727358595604e-03 -8.275120748302278173e-06
8.000000000000000000e+00 3.724331197212338903e-03 -1.423724969695783216e-05 3.720025498976391089e-03 -1.418710921641253009e-05
9.000000000000000000e+00 4.723075431043303671e-03 -2.290823195749691621e-05 4.717615783374816060e-03 -2.283725422902449509e-05
1.000000000000000000e+01 5.843770922206743997e-03 -3.508201622681728082e-05 5.837016721705088479e-03 -3.498393532741506107e-05
1.100000000000000000e+01 7.087961010019514126e-03 -5.162519720591784989e-05 7.079769979069625366e-03 -5.149241667445902948e-05
1.200000000000000000e+01 8.456937770720256153e-03 -7.350946369022448579e-05 8.447166231739262204e-03 -7.333289853606039799e-05
1.300000000000000000e+01 9.952477032009058103e-03 -1.018268624908280628e-04 9.940979354215905700e-03 -1.015957525124511207e-04
1.400000000000000000e+01 1.157636922286474010e-02 -1.377902193762103877e-04 1.156299783876689816e-02 -1.374919461921697561e-04
1.500000000000000000e+01 1.333075783038388182e-02 -1.827475839738523788e-04 1.331536283069537085e-02 -1.823674629962690474e-04
1.600000000000000000e+01 1.521725060949709503e-02 -2.381663064472405722e-04 1.519968034782917879e-02 -2.376874094734970910e-04
1.700000000000000000e+01 1.723818428861101371e-02 -3.056729739053798411e-04 1.721828458560957856e-02 -3.050758829241662085e-04
1.800000000000000000e+01 1.939610578892734041e-02 -3.870537878608582005e-04 1.937371969008036543e-02 -3.863163510928746547e-04
1.900000000000000000e+01 2.169280753109304599e-02 -4.842235572880548844e-04 2.166777617084817212e-02 -4.833206998231531770e-04
2.000000000000000000e+01 2.413130502897589680e-02 -5.993131193550160773e-04 2.410346626549887683e-02 -5.982165071164446957e-04
2.100000000000000000e+01 2.671350782675332297e-02 -7.345797411678622879e-04 2.668269749873004859e-02 -7.332575974244859296e-04
2.200000000000000000e+01 2.944227232635058047e-02 -8.925106986770181550e-04 2.940832319840011935e-02 -8.909274488194673935e-04
2.300000000000000000e+01 3.232062265992062533e-02 -1.075806615104424324e-03 3.228336424706307328e-02 -1.073922562286999671e-03
2.400000000000000000e+01 3.535047481577646006e-02 -1.287304007840384124e-03 3.530973465014910356e-02 -1.285075135800117785e-03
2.500000000000000000e+01 3.853527037075035744e-02 -1.530159971336875202e-03 3.849087230009731048e-02 -1.527537447773008594e-03
2.600000000000000000e+01 4.187688453270547312e-02 -1.807645830143367327e-03 4.182865050092951509e-02 -1.804575845647415910e-03
2.700000000000000000e+01 4.537875853444575669e-02 -2.123398426754241619e-03 4.532650684251356143e-02 -2.119821630030327420e-03
2.800000000000000000e+01 4.904262796015426695e-02 -2.481157136646650052e-03 4.898617520289601235e-02 -2.477008492142718232e-03
2.900000000000000000e+01 5.287181625394199447e-02 -2.885072470138694278e-03 5.281097556685657168e-02 -2.880280624472764117e-03
3.000000000000000000e+01 5.686779424173287606e-02 -3.339377041885138730e-03 5.680237739854227669e-02 -3.333864212810677685e-03
3.100000000000000000e+01 6.103362182012443682e-02 -3.848758374224825474e-03 6.096343748820142600e-02 -3.842439651061568817e-03
3.200000000000000000e+01 6.537035137191743450e-02 -4.417953826213572022e-03 6.529520738788416323e-02 -4.410737108892059943e-03
3.300000000000000000e+01 6.988060266884070504e-02 -5.052194166426771105e-03 6.980030432128370155e-02 -5.043979407096887968e-03
3.400000000000000000e+01 7.456482688022157690e-02 -5.756712298565336283e-03 7.447917936768200242e-02 -5.747391513405197827e-03
3.500000000000000000e+01 7.942448783217929964e-02 -6.537178907621066237e-03 7.933329517354827110e-02 -6.526635506463929204e-03
3.600000000000000000e+01 8.446075030956111396e-02 -7.399537740869432945e-03 8.436381572158919984e-02 -7.387646115299850713e-03
3.700000000000000000e+01 8.967266324515489606e-02 -8.349664793794286943e-03 8.956979154385563691e-02 -8.336290432521376026e-03
3.800000000000000000e+01 9.506087935313242698e-02 -9.394007607555376893e-03 9.495187521200239289e-02 -9.379006218147023510e-03
3.900000000000000000e+01 1.006232863995461940e-01 -1.053876642548801090e-02 1.005079574801789888e-01 -1.052198432498363534e-02
4.000000000000000000e+01 1.063587000402638760e-01 -1.179057087744439514e-02 1.062368560063212258e-01 -1.177184433247124851e-02
4.100000000000000000e+01 1.122653101678016685e-01 -1.315618061070389366e-02 1.121367634259895635e-01 -1.313533563935564974e-02
4.200000000000000000e+01 1.183387145617965375e-01 -1.464196256252336958e-02 1.182032832075084333e-01 -1.461881554196697852e-02
4.300000000000000000e+01 1.245754192383891346e-01 -1.625465505233381069e-02 1.244329260805119436e-01 -1.622901214168337436e-02
4.400000000000000000e+01 1.309711221633671763e-01 -1.800095667925782905e-02 1.308213956626562702e-01 -1.797261387550974643e-02
4.500000000000000000e+01 1.375186917468184666e-01 -1.988687590285620477e-02 1.373615692276410616e-01 -1.985562009718477849e-02
4.600000000000000000e+01 1.442118902521276058e-01 -2.191868024411924853e-02 1.440472169204553288e-01 -2.188428880798598541e-02
4.700000000000000000e+01 1.510429019820732355e-01 -2.410215229140155735e-02 1.508705327158190723e-01 -2.406439380755909241e-02
4.800000000000000000e+01 1.580036177670542386e-01 -2.644290318538045081e-02 1.578234174416216495e-01 -2.640153768870745488e-02
4.900000000000000000e+01 1.650829382602479467e-01 -2.894536097411937181e-02 1.648947851407687737e-01 -2.890014175366995008e-02
5.000000000000000000e+01 1.722708141531448245e-01 -3.161403804789419958e-02 1.720745986737373945e-01 -3.156471148186701381e-02
5.100000000000000000e+01 1.795556546120609387e-01 -3.445256952971187392e-02 1.793512810937542001e-01 -3.439887640334904351e-02
5.200000000000000000e+01 1.869250413976044078e-01 -3.746384948817715888e-02 1.867124289422691097e-01 -3.740552609577585397e-02
5.300000000000000000e+01 1.943658099745251278e-01 -4.064996021142230909e-02 1.941448932546720463e-01 -4.058673956312952580e-02
5.400000000000000000e+01 2.018641468022826790e-01 -4.401211086194589672e-02 2.016348767283069887e-01 -4.394372398135693025e-02
5.500000000000000000e+01 2.094057011796750245e-01 -4.755058753064311805e-02 2.091680454281426293e-01 -4.747676482619456184e-02
5.600000000000000000e+01 2.169757094176101853e-01 -5.126471640629015614e-02 2.167296528067295391e-01 -5.118518909673980266e-02
5.700000000000000000e+01 2.245591286120131314e-01 -5.515284138793546953e-02 2.243046733150371730e-01 -5.506734296095089354e-02
5.800000000000000000e+01 2.321407768818736228e-01 -5.921231699386791947e-02 2.318779424707838877e-01 -5.912058467422515173e-02
5.900000000000000000e+01 2.397054766871385412e-01 -6.343951690641452812e-02 2.394343000063683669e-01 -6.334129311178149369e-02
6.000000000000000000e+01 2.472381977329310698e-01 -6.782985795076845736e-02 2.469587326033052255e-01 -6.772489171110329664e-02
