1.000000000000000000e+01 1.977559344565835029e-05 5.402797999999999767e-01 1.174563760055431566e-03
1.100000000000000000e+01 2.401049970869949095e-05 5.402791000000000121e-01 1.424542923787542985e-03
1.200000000000000000e+01 2.868197579779274256e-05 5.402782000000000417e-01 1.699667298062971198e-03
1.300000000000000000e+01 3.379937511724069517e-05 5.402770000000000072e-01 2.000307776131140906e-03
1.400000000000000000e+01 3.937313347425752268e-05 5.402755000000000196e-01 2.326878238898170016e-03
1.500000000000000000e+01 4.541451193710008190e-05 5.402736999999999679e-01 2.679819556978047836e-03
1.600000000000000000e+01 5.193595222716532650e-05 5.402713999999999572e-01 3.059618587383478288e-03
1.700000000000000000e+01 5.895093029064618997e-05 5.402685999999999877e-01 3.466798174558510977e-03
1.800000000000000000e+01 6.647412591321393818e-05 5.402652000000000010e-01 3.901925148636535903e-03
1.900000000000000000e+01 7.452131609574059274e-05 5.402611999999999970e-01 4.365602326082788052e-03
2.000000000000000000e+01 8.310962147754094522e-05 5.402563999999999700e-01 4.858480507220953697e-03
2.100000000000000000e+01 9.225747652065456768e-05 5.402506999999999726e-01 5.381254476144291775e-03
2.200000000000000000e+01 1.019847084079572455e-04 5.402441000000000049e-01 5.934664999643117500e-03
2.300000000000000000e+01 1.123876169419418217e-04 5.402363999999999500e-01 6.523819174889774683e-03
2.400000000000000000e+01 1.233558883722471987e-04 5.402274999999999716e-01 7.141875885189462314e-03
2.500000000000000000e+01 1.349731897332290568e-04 5.402173000000000114e-01 7.793134325139251632e-03
2.600000000000000000e+01 1.472674870425338240e-04 5.402055000000000051e-01 8.478636165316310452e-03
2.700000000000000000e+01 1.602752736372965844e-04 5.401920999999999529e-01 9.199860994172574802e-03
2.800000000000000000e+01 1.740127145314943567e-04 5.401768000000000125e-01 9.957060567933342932e-03
2.900000000000000000e+01 1.885187677533139538e-04 5.401593999999999562e-01 1.075173743553275475e-02
3.000000000000000000e+01 2.038288960610340754e-04 5.401397999999999477e-01 1.158512716624352304e-02
3.100000000000000000e+01 2.199801925310835421e-04 5.401177000000000339e-01 1.245848830438459585e-02
3.200000000000000000e+01 2.370127281478301038e-04 5.400928000000000395e-01 1.337318035768048259e-02
3.300000000000000000e+01 2.549695785418452541e-04 5.400648000000000115e-01 1.433062279054907531e-02
3.400000000000000000e+01 2.738970560091063666e-04 5.400333999999999968e-01 1.533236503071471087e-02
3.500000000000000000e+01 2.938434699907201283e-04 5.399983999999999895e-01 1.637994646951814251e-02
3.600000000000000000e+01 3.148624594769912940e-04 5.399593000000000309e-01 1.747507643116826340e-02
3.700000000000000000e+01 3.370089189189307173e-04 5.399156999999999984e-01 1.861949422252967556e-02
3.800000000000000000e+01 3.603451472032808485e-04 5.398671999999999915e-01 1.981514905321093978e-02
3.900000000000000000e+01 3.849332605355216597e-04 5.398133000000000514e-01 2.106385011468342103e-02
4.000000000000000000e+01 4.108433448317954251e-04 5.397534999999999972e-01 2.236778651719131816e-02
4.100000000000000000e+01 4.435796742479060318e-04 5.396735999999999756e-01 2.399968373531567722e-02
4.200000000000000000e+01 4.731947313770446168e-04 5.395972999999999464e-01 2.545919917257240955e-02
4.300000000000000000e+01 5.044841899305495085e-04 5.395126999999999562e-01 2.698542554789393547e-02
4.400000000000000000e+01 5.375572522919940758e-04 5.394189000000000345e-01 2.858172146696778826e-02
4.500000000000000000e+01 5.725226306910472440e-04 5.393151000000000472e-01 3.025100547701282255e-02
4.600000000000000000e+01 6.096213994390355280e-04 5.391998000000000069e-01 3.200226473949040196e-02
4.700000000000000000e+01 6.487814454221492184e-04 5.390724999999999545e-01 3.382935957784541370e-02
4.800000000000000000e+01 6.942540941390720234e-04 5.389177000000000550e-01 3.592545521621661603e-02
4.900000000000000000e+01 7.388782902242559732e-04 5.387589000000000405e-01 3.795494551781258830e-02
5.000000000000000000e+01 7.862356528955338980e-04 5.385830999999999813e-01 4.008103283126723121e-02
5.100000000000000000e+01 8.365267951782962355e-04 5.383885000000000476e-01 4.230886443935656660e-02
5.200000000000000000e+01 8.899674179139203467e-04 5.381730999999999598e-01 4.464380739501002532e-02
5.300000000000000000e+01 9.467926428088155192e-04 5.379348000000000463e-01 4.709158846700262774e-02
5.400000000000000000e+01 1.010947341664145431e-03 5.376545000000000352e-01 4.981489358568354231e-02
5.500000000000000000e+01 1.076042971537372397e-03 5.373586000000000196e-01 5.253430168931963462e-02
5.600000000000000000e+01 1.145504721849155850e-03 5.370308000000000304e-01 5.539028439462063275e-02
5.700000000000000000e+01 1.219631045173116650e-03 5.366674000000000166e-01 5.838955751572193209e-02
5.800000000000000000e+01 1.298824168347859380e-03 5.362647000000000386e-01 6.154072534327240801e-02
5.900000000000000000e+01 1.386937869632600502e-03 5.357994999999999841e-01 6.498694242269821564e-02
6.000000000000000000e+01 1.478234296898512865e-03 5.352997000000000449e-01 6.849240297896509733e-02
6.100000000000000000e+01 1.576087238824714666e-03 5.347446999999999617e-01 7.218107701257334141e-02
6.200000000000000000e+01 1.681002079289345939e-03 5.341285999999999534e-01 7.606161702117536505e-02
6.300000000000000000e+01 1.793586546097563879e-03 5.334444000000000408e-01 8.014524410748684324e-02
6.400000000000000000e+01 1.918309424028415231e-03 5.326594999999999525e-01 8.457899267451127190e-02
6.500000000000000000e+01 2.049004278934237356e-03 5.318089000000000288e-01 8.912700441900166248e-02
6.600000000000000000e+01 2.189667613541210200e-03 5.308629999999999738e-01 9.391637895025424509e-02
6.700000000000000000e+01 2.344158675099029462e-03 5.297887000000000013e-01 9.906367666783089110e-02
6.800000000000000000e+01 2.507659081157740440e-03 5.286142000000000341e-01 1.043868339349267593e-01
6.900000000000000000e+01 2.683723917299496615e-03 5.273084999999999578e-01 1.099870141144135283e-01
7.000000000000000000e+01 2.873297835783041217e-03 5.258576000000000361e-01 1.158743022558379049e-01
7.100000000000000000e+01 3.080701899583350445e-03 5.242191999999999963e-01 1.221594398127123782e-01
7.200000000000000000e+01 3.300920653163704269e-03 5.224250000000000282e-01 1.286648872766783802e-01
7.300000000000000000e+01 3.537694128733765483e-03 5.204362000000000155e-01 1.354817932575484718e-01
7.400000000000000000e+01 3.794836997627124790e-03 5.182092999999999838e-01 1.426935038741457273e-01
7.500000000000000000e+01 4.068042856661943651e-03 5.157715999999999967e-01 1.501511716133715202e-01
7.600000000000000000e+01 4.360535503542193637e-03 5.130835999999999730e-01 1.579206502420456848e-01
7.700000000000000000e+01 4.672974469750844004e-03 5.101272000000000029e-01 1.659934269532150619e-01
7.800000000000000000e+01 5.008384757300101374e-03 5.068593999999999600e-01 1.744203566987705123e-01
7.900000000000000000e+01 5.362302082642089567e-03 5.033113999999999644e-01 1.830615960923778485e-01
8.000000000000000000e+01 5.737039984684381110e-03 4.994468000000000241e-01 1.919529102044092717e-01
8.100000000000000000e+01 6.132393734820865486e-03 4.952539000000000247e-01 2.010666984041618310e-01
8.200000000000000000e+01 6.547903568541332819e-03 4.907237999999999878e-01 2.103714639185215451e-01
8.300000000000000000e+01 6.983629462424143126e-03 4.858464000000000116e-01 2.198397015115720887e-01
8.400000000000000000e+01 7.437093675457540250e-03 4.806270000000000264e-01 2.294184463590574485e-01
8.500000000000000000e+01 7.907739547761341928e-03 4.750636999999999777e-01 2.390742030745224567e-01
8.600000000000000000e+01 8.394168853207989098e-03 4.691608999999999918e-01 2.487666899252747588e-01
8.700000000000000000e+01 8.894804156449040433e-03 4.629263000000000128e-01 2.584553282610322911e-01
8.800000000000000000e+01 9.407980963501406946e-03 4.563707000000000180e-01 2.681011411948517331e-01
8.900000000000000000e+01 9.931975208573327885e-03 4.495067999999999842e-01 2.776669531538103475e-01
9.000000000000000000e+01 1.046506469976939482e-02 4.423496000000000095e-01 2.871183889587947125e-01
