1.000000000000000000e+01 -3.879832868361659214e-03 4.127001363638485998e+01
1.000000000000000000e+01 -4.693711705970340931e-02 4.454448960509930444e+00
1.000000000000000000e+01 -7.562393020114932009e-03 2.936257299339736093e+01
1.000000000000000000e+01 -5.658384281164847707e-01 7.289160223581879094e+00
1.000000000000000000e+01 -1.000000000000000000e+00 4.541727734389285231e+00
1.000000000000000000e+01 -8.460759230799944630e-01 6.448284497060279286e+00
1.000000000000000000e+01 -9.997580671606456360e-01 6.671059887374520159e+00
1.000000000000000000e+01 -9.997580671606473013e-01 6.671059887379239051e+00
1.000000000000000000e+01 -9.029429015011888326e-01 8.200672636196024712e+00
1.100000000000000000e+01 -4.259899590205194764e-03 4.125561044497392515e+01
1.100000000000000000e+01 -5.214417287261851469e-02 4.455637454530429586e+00
1.100000000000000000e+01 -8.301621120754009570e-03 2.937328798250291939e+01
1.100000000000000000e+01 -5.680866704339276874e-01 7.983288175324684488e+00
1.100000000000000000e+01 -1.000000000000000000e+00 4.989115916539193840e+00
1.100000000000000000e+01 -8.424719307044269412e-01 7.136761165513640925e+00
1.100000000000000000e+01 -9.996682804279137802e-01 7.360837100933054877e+00
1.200000000000000000e+01 -4.651184957785235718e-03 4.123425515738275493e+01
1.200000000000000000e+01 -5.739988937952315157e-02 4.456690518248115573e+00
1.200000000000000000e+01 -9.070630995758435441e-03 2.938273379645267624e+01
1.200000000000000000e+01 -5.713333223987858700e-01 8.680654995120798745e+00
1.200000000000000000e+01 -1.000000000000000000e+00 5.435422547091503631e+00
1.200000000000000000e+01 -8.398641084691857994e-01 7.814399485570262094e+00
1.300000000000000000e+01 -5.053078272907744924e-03 4.120697800018238155e+01
1.300000000000000000e+01 -6.270565297072232258e-02 4.457603057554671899e+00
1.300000000000000000e+01 -9.866648516151417178e-03 2.939126253376180742e+01
1.300000000000000000e+01 -5.754376929368647531e-01 9.386630183382578707e+00
1.300000000000000000e+01 -1.000000000000000000e+00 5.880655431670649413e+00
1.300000000000000000e+01 -8.385861905060719712e-01 8.478518047371546018e+00
1.400000000000000000e+01 -5.465069378665491674e-03 4.117442477645924015e+01
1.400000000000000000e+01 -6.806223968353632137e-02 4.458382473284790315e+00
1.400000000000000000e+01 -1.068767684108118572e-02 2.939911021470331320e+01
1.400000000000000000e+01 -5.801697985492809684e-01 1.010658115299603743e+01
1.400000000000000000e+01 -1.000000000000000000e+00 6.324776261700828073e+00
1.400000000000000000e+01 -8.387139752190638786e-01 9.125395923886724603e+00
1.500000000000000000e+01 -5.886675157558997167e-03 4.113700392419420382e+01
1.500000000000000000e+01 -7.347044672852078018e-02 4.459040870239292964e+00
1.500000000000000000e+01 -1.153225016729137950e-02 2.940643887586843164e+01
1.500000000000000000e+01 -5.851876735245231664e-01 1.084582442789728596e+01
1.500000000000000000e+01 -1.000000000000000000e+00 6.767702217356639238e+00
1.600000000000000000e+01 -6.317404903749762081e-03 4.109497164644707823e+01
1.600000000000000000e+01 -7.893144883764142972e-02 4.459589865808462505e+00
1.600000000000000000e+01 -1.239928399905882751e-02 2.941336001530358146e+01
1.600000000000000000e+01 -5.900692741916255812e-01 1.160794956291380409e+01
1.600000000000000000e+01 -1.000000000000000000e+00 7.209317774253348965e+00
1.700000000000000000e+01 -6.756744147201262755e-03 4.104848290895512264e+01
1.700000000000000000e+01 -8.444693412471632188e-02 4.460039246178634009e+00
1.700000000000000000e+01 -1.328798308761169021e-02 2.941995035428339023e+01
1.700000000000000000e+01 -5.944861598502007016e-01 1.239295923242387687e+01
1.700000000000000000e+01 -1.000000000000000000e+00 7.649489542469849468e+00
1.800000000000000000e+01 -7.204147516288179030e-03 4.099762284312106431e+01
1.800000000000000000e+01 -9.001911684811213232e-02 4.460397401091755754e+00
1.800000000000000000e+01 -1.419778411468892824e-02 2.942626321097250042e+01
1.800000000000000000e+01 -5.983438308539443806e-01 1.319754936487015229e+01
1.900000000000000000e+01 -7.659032482607986206e-03 4.094242660221614472e+01
1.900000000000000000e+01 -9.565070452755812525e-02 4.460671710748944641e+00
1.900000000000000000e+01 -1.512831797079977093e-02 2.943233620447255916e+01
2.000000000000000000e+01 -8.120773399489859129e-03 4.088289214520347770e+01
2.000000000000000000e+01 -1.013448351646352580e-01 4.460869527510808119e+00
2.000000000000000000e+01 -1.607938356591135515e-02 2.943819729641944960e+01
2.100000000000000000e+01 -8.588691677549786102e-03 4.081898869544716035e+01
2.100000000000000000e+01 -1.071050306298585303e-01 4.460998153715211245e+00
2.100000000000000000e+01 -1.705093076650960812e-02 2.944386835370035271e+01
2.200000000000000000e+01 -9.062044458265638980e-03 4.075066248035283678e+01
2.200000000000000000e+01 -1.129351559313311187e-01 4.461064824111519833e+00
2.200000000000000000e+01 -1.804305167634212559e-02 2.944936769467208748e+01
2.300000000000000000e+01 -9.541695437456159182e-03 4.067824927052999584e+01
2.300000000000000000e+01 -1.189645616895724928e-01 4.461124862754964226e+00
2.300000000000000000e+01 -1.905848481353793200e-02 2.945466739118791821e+01
2.400000000000000000e+01 -1.002247568969944110e-02 4.060078961517074703e+01
2.400000000000000000e+01 -1.249558657151363383e-01 4.461091593329543414e+00
2.400000000000000000e+01 -2.009507734983873375e-02 2.945992052994094834e+01
2.500000000000000000e+01 -1.050652979809449210e-02 4.051869603541575060e+01
2.500000000000000000e+01 -1.310388033336929436e-01 4.461015689732489520e+00
2.500000000000000000e+01 -2.115186837287970009e-02 2.946500465129506807e+01
2.600000000000000000e+01 -1.099221045961884698e-02 4.043180611627992249e+01
2.600000000000000000e+01 -1.372174458950650155e-01 4.460909108938674095e+00
2.600000000000000000e+01 -2.223106668802440899e-02 2.946997270522669865e+01
2.700000000000000000e+01 -1.147834995994817357e-02 4.033998917902565751e+01
2.700000000000000000e+01 -1.434810436466843198e-01 4.460771381002222924e+00
2.700000000000000000e+01 -2.333329813251346779e-02 2.947484261457898924e+01
2.800000000000000000e+01 -1.196370747953681354e-02 4.024312776093164956e+01
2.800000000000000000e+01 -1.498567654855086084e-01 4.460611611082108574e+00
2.800000000000000000e+01 -2.446113218734161446e-02 2.947964059576711904e+01
2.900000000000000000e+01 -1.244674882841699526e-02 4.014105802270826473e+01
2.900000000000000000e+01 -1.563298571380428714e-01 4.460420415139016548e+00
2.900000000000000000e+01 -2.561327138523823016e-02 2.948433347251667058e+01
3.000000000000000000e+01 -1.292593449593003319e-02 4.003358145013068992e+01
3.000000000000000000e+01 -1.629210626466611189e-01 4.460217158197044007e+00
3.000000000000000000e+01 -2.679363907422066884e-02 2.948897187477309956e+01
3.100000000000000000e+01 -1.339977749043438048e-02 3.992054479800037115e+01
3.100000000000000000e+01 -1.696324609048498466e-01 4.460000899806491503e+00
3.100000000000000000e+01 -2.800338358630145158e-02 2.949354792229254585e+01
3.200000000000000000e+01 -1.386678744042213300e-02 3.980179608837275396e+01
3.200000000000000000e+01 -1.764714707458220067e-01 4.459775800984491667e+00
3.200000000000000000e+01 -2.924499717241821339e-02 2.949806917209528123e+01
3.300000000000000000e+01 -1.432472795427523586e-02 3.967704313178317221e+01
3.300000000000000000e+01 -1.834445516984075653e-01 4.459543615614439460e+00
3.300000000000000000e+01 -3.052004156957397948e-02 2.950252616320873855e+01
3.400000000000000000e+01 -1.477196657450293056e-02 3.954614086317926791e+01
3.400000000000000000e+01 -1.905603143570167857e-01 4.459309502345896625e+00
3.400000000000000000e+01 -3.183188853968281495e-02 2.950692619033135955e+01
3.500000000000000000e+01 -1.520641850914278455e-02 3.940882329295011743e+01
3.500000000000000000e+01 -1.978265419575349904e-01 4.459075699705706164e+00
3.500000000000000000e+01 -3.318331490564614683e-02 2.951126862942067675e+01
3.600000000000000000e+01 -1.562463616496967238e-02 3.926470852820997948e+01
3.600000000000000000e+01 -2.052514878154776401e-01 4.458844226451153858e+00
3.600000000000000000e+01 -3.457639735068303993e-02 2.951551534400624632e+01
3.700000000000000000e+01 -1.602422999935874601e-02 3.911362154024872240e+01
3.700000000000000000e+01 -2.128451153651405858e-01 4.458619592303969092e+00
3.700000000000000000e+01 -3.601584399184559748e-02 2.951968199150425320e+01
3.800000000000000000e+01 -1.640126668847252320e-02 3.895517772182043359e+01
3.800000000000000000e+01 -2.206167567559048082e-01 4.458403567723975947e+00
3.800000000000000000e+01 -3.750505393054554687e-02 2.952375162209546033e+01
3.900000000000000000e+01 -1.675099625472645931e-02 3.878897609243058042e+01
3.900000000000000000e+01 -2.285762425220654315e-01 4.458200467581230342e+00
3.900000000000000000e+01 -3.904815144141095262e-02 2.952770608663098884e+01
4.000000000000000000e+01 -1.706847813172203757e-02 3.861475474164237198e+01
4.000000000000000000e+01 -2.367352596960366207e-01 4.458012905009718807e+00
4.000000000000000000e+01 -4.065113447639596284e-02 2.953154431007466840e+01
4.100000000000000000e+01 -1.733404433441338571e-02 3.842528639219455755e+01
4.100000000000000000e+01 -2.449516541024940042e-01 4.460904371765431975e+00
4.100000000000000000e+01 -4.232435711744927248e-02 2.953528867116399681e+01
4.200000000000000000e+01 -1.756291137841557368e-02 3.823220438553607181e+01
4.200000000000000000e+01 -2.535108101597638441e-01 4.461262243105579728e+00
4.200000000000000000e+01 -4.406664730278822550e-02 2.953882809918700048e+01
4.300000000000000000e+01 -1.773557893837792235e-02 3.802940440488372786e+01
4.300000000000000000e+01 -2.622991623541227058e-01 4.461715497317315204e+00
4.300000000000000000e+01 -4.588944954481616323e-02 2.954215243344098596e+01
4.400000000000000000e+01 -1.784158045919652727e-02 3.781650115802010959e+01
4.400000000000000000e+01 -2.713305537801625200e-01 4.462275362798891365e+00
4.400000000000000000e+01 -4.780332409565225815e-02 2.954523280931852725e+01
4.500000000000000000e+01 -1.786747321853279780e-02 3.759290984294134574e+01
4.500000000000000000e+01 -2.806179752393184179e-01 4.462956773395215571e+00
4.500000000000000000e+01 -4.981932282653204341e-02 2.954799315341709587e+01
4.600000000000000000e+01 -1.779717405174306363e-02 3.735790286413662642e+01
4.600000000000000000e+01 -2.901709656858298403e-01 4.463854071955151603e+00
4.600000000000000000e+01 -5.195136702723476829e-02 2.955033996921392614e+01
4.700000000000000000e+01 -1.761258010642016703e-02 3.711126227550303724e+01
4.700000000000000000e+01 -3.000129505817040743e-01 4.464840307933914509e+00
4.700000000000000000e+01 -5.421551601965865497e-02 2.955213110210626226e+01
4.800000000000000000e+01 -1.727382212912630111e-02 3.684517135627289264e+01
4.800000000000000000e+01 -3.099782455087757294e-01 4.468765197274547241e+00
4.800000000000000000e+01 -5.664198493791270522e-02 2.955325366376984775e+01
4.900000000000000000e+01 -1.678141800737129388e-02 3.657183145948732772e+01
4.900000000000000000e+01 -3.204004148227568294e-01 4.470585799517756698e+00
4.900000000000000000e+01 -5.923793200181226570e-02 2.955327005338065760e+01
5.000000000000000000e+01 -1.609055519785144647e-02 3.628505662202635307e+01
5.000000000000000000e+01 -3.311505440440740133e-01 4.472687952660536759e+00
5.000000000000000000e+01 -6.203967537207669136e-02 2.955181161801040446e+01
5.100000000000000000e+01 -1.516242597855344681e-02 3.598460505353644834e+01
5.100000000000000000e+01 -3.422457422347734424e-01 4.475105444234088736e+00
5.100000000000000000e+01 -6.508166340851173626e-02 2.954823989696640396e+01
5.200000000000000000e+01 -1.395176502912163878e-02 3.567051303551199481e+01
5.200000000000000000e+01 -3.537038436293058474e-01 4.477875056181413349e+00
5.200000000000000000e+01 -6.840414928953084117e-02 2.954161053280824234e+01
5.300000000000000000e+01 -1.240747594666070062e-02 3.534323261278814954e+01
5.300000000000000000e+01 -3.655433338516952957e-01 4.481037507392950481e+00
5.300000000000000000e+01 -7.205245466944935895e-02 2.953053287612933175e+01
5.400000000000000000e+01 -1.043551081661915104e-02 3.499558547416125265e+01
5.400000000000000000e+01 -3.775937259124711454e-01 4.487000787991915374e+00
5.400000000000000000e+01 -7.610458130641448160e-02 2.951294226089165562e+01
5.500000000000000000e+01 -8.047721207781775160e-03 3.464395611819616505e+01
5.500000000000000000e+01 -3.902190981134651127e-01 4.491534290507740224e+00
5.500000000000000000e+01 -8.056120631827490275e-02 2.948602660932299457e+01
5.600000000000000000e+01 -5.182567919975241723e-03 3.428472047157085001e+01
5.600000000000000000e+01 -4.032556925483832821e-01 4.496663644926610637e+00
5.600000000000000000e+01 -8.545045815856885940e-02 2.944566951288287626e+01
5.700000000000000000e+01 -1.839894477369944693e-03 3.392131662991694441e+01
5.700000000000000000e+01 -4.167518643796611633e-01 4.502487914905217714e+00
5.700000000000000000e+01 -9.078092133021128940e-02 2.938740051940498077e+01
5.800000000000000000e+01 1.927484429255301585e-03 3.355758692447120239e+01
5.800000000000000000e+01 -4.307160297474349475e-01 4.509079126640147095e+00
5.800000000000000000e+01 -9.648113503602430419e-02 2.930588904480429235e+01
5.900000000000000000e+01 6.071083146239537529e-03 3.318900855097343339e+01
5.900000000000000000e+01 -4.449615429364793262e-01 4.518628547328591871e+00
5.900000000000000000e+01 -1.024732833784041675e-01 2.919502755229861179e+01
6.000000000000000000e+01 1.030724859777339998e-02 3.283131648723989571e+01
6.000000000000000000e+01 -4.598667958448360849e-01 4.527429169304315160e+00
6.000000000000000000e+01 -1.084843319403672596e-01 2.905296705789978873e+01
6.100000000000000000e+01 1.449805591679246240e-02 3.247767418297023312e+01
6.100000000000000000e+01 -4.752807884481695666e-01 4.537370536457727255e+00
6.100000000000000000e+01 -1.143472024129920939e-01 2.887694295963174795e+01
6.200000000000000000e+01 1.845416695512620830e-02 3.212635501218860412e+01
6.200000000000000000e+01 -4.912191591919378153e-01 4.548558394002163219e+00
6.200000000000000000e+01 -1.198531560244345817e-01 2.866640303768035380e+01
6.300000000000000000e+01 2.200160617626377782e-02 3.177470505698981995e+01
6.300000000000000000e+01 -5.076917029055171282e-01 4.561144927140780680e+00
6.300000000000000000e+01 -1.248054786455367327e-01 2.842161524175454801e+01
6.400000000000000000e+01 2.501952966726537705e-02 3.141247243297977931e+01
6.400000000000000000e+01 -5.244471572220470446e-01 4.577454061677688202e+00
6.400000000000000000e+01 -1.290284185079653700e-01 2.813968691459607641e+01
6.500000000000000000e+01 2.725814644556676797e-02 3.105113678237447417e+01
6.500000000000000000e+01 -5.419436272785007613e-01 4.593732519764930800e+00
6.500000000000000000e+01 -1.322905071241064767e-01 2.782689269380630748e+01
6.600000000000000000e+01 2.858929035818186942e-02 3.068275356649855112e+01
6.600000000000000000e+01 -5.599694514754806063e-01 4.611972700645829093e+00
6.600000000000000000e+01 -1.344048178668937887e-01 2.748050290000597329e+01
6.700000000000000000e+01 2.880847991507649863e-02 3.030172727836804114e+01
6.700000000000000000e+01 -5.782805574676290750e-01 4.634106165692241319e+00
6.700000000000000000e+01 -1.351029619145835414e-01 2.709673246962395154e+01
6.800000000000000000e+01 2.768059529377993669e-02 2.992036816205106220e+01
6.800000000000000000e+01 -5.972644326344536125e-01 4.657225043414731758e+00
6.800000000000000000e+01 -1.341538597742567840e-01 2.667988258255242684e+01
6.900000000000000000e+01 2.494079836889749255e-02 2.953828922140476720e+01
6.900000000000000000e+01 -6.167014986721955916e-01 4.682982745273393199e+00
6.900000000000000000e+01 -1.312201286156905178e-01 2.622385553204580333e+01
7.000000000000000000e+01 2.029642037821484737e-02 2.916456850085387842e+01
7.000000000000000000e+01 -6.365449863865302316e-01 4.711594740630369316e+00
7.000000000000000000e+01 -1.259534750514050561e-01 2.572231138250856119e+01
7.100000000000000000e+01 1.342250000117836510e-02 2.881068036597624982e+01
7.100000000000000000e+01 -1.179297680806489224e-01 2.515960191659462808e+01
7.100000000000000000e+01 -6.564711025480332030e-01 4.744886963495786425e+00
7.200000000000000000e+01 4.544253795198956863e-03 2.851001715922129165e+01
7.200000000000000000e+01 -1.073714311796765547e-01 2.452693343391078429e+01
7.200000000000000000e+01 -6.768629861880086640e-01 4.780085821084307796e+00
7.300000000000000000e+01 -5.613898787881493532e-03 2.828294004705164255e+01
7.300000000000000000e+01 -9.490117914897464035e-02 2.380708359593818813e+01
7.300000000000000000e+01 -6.974086177342547765e-01 4.818713972717572069e+00
7.400000000000000000e+01 -1.572920331589943224e-02 2.813155058691685895e+01
7.400000000000000000e+01 -8.174136544063767551e-02 2.300242624203871600e+01
7.400000000000000000e+01 -7.177477967286267635e-01 4.862132356680334944e+00
7.500000000000000000e+01 -2.453045992582326279e-02 2.803480926640332171e+01
7.500000000000000000e+01 -6.917744348410430344e-02 2.215393764948593613e+01
7.500000000000000000e+01 -7.381449875675205607e-01 4.908024538986325069e+00
7.600000000000000000e+01 -3.188464863447313530e-02 2.796350118309758415e+01
7.600000000000000000e+01 -5.727554906393105688e-02 2.128913520312828567e+01
7.600000000000000000e+01 -7.583001610315706076e-01 4.957580078536141244e+00
7.700000000000000000e+01 -4.582056645623201058e-02 2.043238437483523029e+01
7.700000000000000000e+01 -3.800164080989768683e-02 2.789808268257991486e+01
7.700000000000000000e+01 -7.779938163206067125e-01 5.010640435537262682e+00
7.800000000000000000e+01 -3.447661538113073326e-02 1.959433517454252893e+01
7.800000000000000000e+01 -4.320803722185160428e-02 2.782872120644043079e+01
7.800000000000000000e+01 -7.968075303528838749e-01 5.067928521531700703e+00
7.900000000000000000e+01 -2.317566239347809004e-02 1.879031881225338196e+01
7.900000000000000000e+01 -4.766355180789739326e-02 2.775245609670924196e+01
7.900000000000000000e+01 -8.149679474708866334e-01 5.127387095571779518e+00
8.000000000000000000e+01 -1.175872943630023454e-02 1.802270495383034543e+01
8.000000000000000000e+01 -5.157302103069352078e-02 2.766704172643020954e+01
8.000000000000000000e+01 -8.320957519411703585e-01 5.189602241141766825e+00
8.100000000000000000e+01 -2.091001355760432987e-04 1.729541706583890104e+01
8.100000000000000000e+01 -5.505176392597624369e-02 2.757175473258936904e+01
8.100000000000000000e+01 -8.480226580264742520e-01 5.254249703516833847e+00
8.200000000000000000e+01 1.143257518876994797e-02 1.661086969688782489e+01
8.200000000000000000e+01 -5.818040715067386570e-02 2.746637174829585959e+01
8.200000000000000000e+01 -8.626085609252676090e-01 5.321010782799652894e+00
8.300000000000000000e+01 2.309871607117541456e-02 1.596946604321439267e+01
8.300000000000000000e+01 -6.101832190856515403e-02 2.735088722954424156e+01
8.300000000000000000e+01 -8.757277530326080806e-01 5.389653421911976494e+00
8.400000000000000000e+01 3.466487618739975962e-02 1.537268882389369473e+01
8.400000000000000000e+01 -6.360161940019014304e-02 2.722555223065012342e+01
8.400000000000000000e+01 -8.873701225431979145e-01 5.459821838351390788e+00
8.500000000000000000e+01 4.603435540442208512e-02 1.481894325943721569e+01
8.500000000000000000e+01 -1.514361885648547214e-02 4.964561253219984849e+01
8.500000000000000000e+01 -6.596262926836587992e-02 2.709063087393370495e+01
8.500000000000000000e+01 -8.975107114663120056e-01 5.531364846143265623e+00
8.600000000000000000e+01 5.710324671838746396e-02 1.430661182035608725e+01
8.600000000000000000e+01 -1.549368713445819883e-02 4.918571027597911893e+01
8.600000000000000000e+01 -6.812371308115058866e-02 2.694647367905670166e+01
8.600000000000000000e+01 -9.061865608984231990e-01 5.604147798423835702e+00
8.700000000000000000e+01 6.777963062303390962e-02 1.383358146004528599e+01
8.700000000000000000e+01 -1.580707438264930889e-02 4.874797222083128645e+01
8.700000000000000000e+01 -7.010156829864114258e-02 2.679349211693648058e+01
8.700000000000000000e+01 -9.134774451402125628e-01 5.678074285059736326e+00
8.800000000000000000e+01 7.798834311385210993e-02 1.339740831104638552e+01
8.800000000000000000e+01 -1.608521965950340457e-02 4.832951685723877944e+01
8.800000000000000000e+01 -7.190896267678162368e-02 2.663213777205375621e+01
8.800000000000000000e+01 -9.194939833430848530e-01 5.753083754983620679e+00
8.900000000000000000e+01 8.767282990757940819e-02 1.299548124300646279e+01
8.900000000000000000e+01 -1.632963155616268258e-02 4.792769734144489036e+01
8.900000000000000000e+01 -7.355566581055887621e-02 2.646289567027498890e+01
8.900000000000000000e+01 -9.243701022431217718e-01 5.829135871170411320e+00
9.000000000000000000e+01 9.679453892513904811e-02 1.262514104830258255e+01
9.000000000000000000e+01 -1.654176535701817191e-02 4.754009388954784754e+01
9.000000000000000000e+01 -7.504922681714588928e-02 2.628627000249514367e+01
9.000000000000000000e+01 -9.282520946992450783e-01 5.906203237267591888e+00
