1.000000000000000000e+01 1.085800199174567378e-06 5.402810999999999586e-01 2.937324584392108002e-04
1.100000000000000000e+01 1.318565749059530659e-06 5.402810999999999586e-01 3.562533379648379246e-04
1.200000000000000000e+01 1.575417100984720029e-06 5.402810000000000112e-01 4.250637722686897990e-04
1.300000000000000000e+01 1.856904349716957232e-06 5.402808999999999529e-01 5.002592598596097102e-04
1.400000000000000000e+01 2.163633595982390000e-06 5.402808999999999529e-01 5.819443990886937704e-04
1.500000000000000000e+01 2.496255174850679798e-06 5.402806999999999471e-01 6.702293881673364317e-04
1.600000000000000000e+01 2.855494989573124039e-06 5.402805999999999997e-01 7.652378251047610913e-04
1.700000000000000000e+01 3.242138876652797114e-06 5.402803999999999940e-01 8.671022077334042833e-04
1.800000000000000000e+01 3.657039678133294642e-06 5.402801999999999882e-01 9.759652336904306924e-04
1.900000000000000000e+01 4.101129922525232761e-06 5.402799999999999825e-01 1.091982500388105322e-03
2.000000000000000000e+01 4.575397117920783979e-06 5.402797000000000294e-01 1.215315605055914240e-03
2.100000000000000000e+01 5.080923003452817500e-06 5.402793000000000179e-01 1.346141644659730463e-03
2.200000000000000000e+01 5.618877904636506296e-06 5.402789000000000064e-01 1.484650615901693263e-03
2.300000000000000000e+01 6.190510179752407546e-06 5.402784000000000475e-01 1.631042515238651956e-03
2.400000000000000000e+01 6.797170936365277384e-06 5.402778999999999776e-01 1.785532338821914150e-03
2.500000000000000000e+01 7.440304741360049869e-06 5.402772000000000130e-01 1.948347082509225160e-03
2.600000000000000000e+01 8.121479500762318477e-06 5.402765000000000484e-01 2.119731741791506391e-03
2.700000000000000000e+01 8.842348726589329064e-06 5.402757000000000254e-01 2.299939311862305921e-03
2.800000000000000000e+01 9.604718686473066993e-06 5.402746999999999966e-01 2.489245787467589573e-03
2.900000000000000000e+01 1.041051573381386049e-05 5.402736000000000205e-01 2.687941162962619208e-03
3.000000000000000000e+01 1.126180103434184857e-05 5.402723999999999860e-01 2.896331432266733077e-03
3.100000000000000000e+01 1.216079501928747571e-05 5.402709999999999457e-01 3.114742588794725420e-03
3.200000000000000000e+01 1.310988338532437277e-05 5.402694999999999581e-01 3.343520625430666457e-03
3.300000000000000000e+01 1.411162209452176765e-05 5.402677000000000174e-01 3.583031534506086069e-03
3.400000000000000000e+01 1.516875001087337151e-05 5.402656999999999599e-01 3.833660307735317716e-03
3.500000000000000000e+01 1.628420871686284255e-05 5.402635999999999550e-01 4.095815936176627585e-03
3.600000000000000000e+01 1.746116587659219386e-05 5.402611000000000496e-01 4.369932410139791903e-03
3.700000000000000000e+01 1.870302323570566063e-05 5.402584000000000275e-01 4.656468719151192134e-03
3.800000000000000000e+01 2.001343198459423731e-05 5.402554000000000523e-01 4.955909851896297090e-03
3.900000000000000000e+01 2.139632921145200029e-05 5.402519999999999545e-01 5.268770796098685982e-03
4.000000000000000000e+01 2.285594353887158352e-05 5.402481999999999562e-01 5.595595538485932142e-03
4.100000000000000000e+01 2.439683121355311460e-05 5.402441000000000049e-01 5.936960064660691538e-03
4.200000000000000000e+01 2.602389146950877569e-05 5.402394999999999836e-01 6.293473359043180552e-03
4.300000000000000000e+01 2.776159624987815943e-05 5.402342999999999451e-01 6.670249363535786166e-03
4.400000000000000000e+01 2.957965723119546076e-05 5.402287000000000061e-01 7.059561136740916121e-03
4.500000000000000000e+01 3.150120312539310825e-05 5.402225000000000499e-01 7.466103622433329680e-03
4.600000000000000000e+01 3.353301058526736889e-05 5.402156000000000180e-01 7.890675798650088543e-03
4.700000000000000000e+01 3.568224553006635243e-05 5.402080000000000215e-01 8.334085641815426951e-03
4.800000000000000000e+01 3.795670281074952604e-05 5.401996999999999494e-01 8.797200126170962378e-03
4.900000000000000000e+01 4.036455565268767494e-05 5.401903999999999595e-01 9.280963225040338507e-03
5.000000000000000000e+01 4.291453110267444242e-05 5.401802999999999466e-01 9.786129907531507591e-03
5.100000000000000000e+01 4.561803897989371058e-05 5.401690999999999576e-01 1.031409913717702687e-02
5.200000000000000000e+01 4.848494340356754485e-05 5.401567000000000451e-01 1.086581187989400787e-02
5.300000000000000000e+01 5.152690679622578266e-05 5.401432000000000455e-01 1.144242409579960401e-02
5.400000000000000000e+01 5.475619906100226246e-05 5.401281999999999472e-01 1.204507574220800396e-02
5.500000000000000000e+01 5.818727545301490695e-05 5.401118000000000308e-01 1.267525677022971961e-02
5.600000000000000000e+01 6.183464102271066568e-05 5.400937000000000099e-01 1.333421712847334024e-02
5.700000000000000000e+01 6.571428064415464534e-05 5.400738000000000483e-01 1.402345676147030533e-02
5.800000000000000000e+01 6.984484883616279434e-05 5.400517999999999708e-01 1.474467560400733596e-02
5.900000000000000000e+01 7.424435085146900118e-05 5.400276999999999994e-01 1.549925359065792638e-02
6.000000000000000000e+01 8.303320613970261398e-05 5.399772000000000460e-01 1.697186926040385527e-02
6.100000000000000000e+01 8.859672550894398156e-05 5.399437999999999738e-01 1.787710360222663497e-02
6.200000000000000000e+01 9.457394110404128537e-05 5.399068999999999674e-01 1.882983659111771985e-02
6.300000000000000000e+01 1.010044097370320067e-04 5.398657999999999513e-01 1.983322808455806677e-02
6.400000000000000000e+01 1.079264439228800059e-04 5.398203000000000307e-01 2.088992794060306676e-02
6.500000000000000000e+01 1.193024890092828999e-04 5.397425000000000139e-01 2.258135440456078211e-02
6.600000000000000000e+01 1.280089923721815118e-04 5.396809000000000189e-01 2.383613836003271175e-02
6.700000000000000000e+01 1.378233415599678616e-04 5.396092999999999584e-01 2.521505866331922793e-02
6.800000000000000000e+01 1.482083779449195704e-04 5.395313000000000470e-01 2.663570687374059928e-02
6.900000000000000000e+01 1.633572404680852378e-04 5.394134999999999902e-01 2.864648991577341958e-02
7.000000000000000000e+01 1.764948713505412755e-04 5.393082000000000154e-01 3.033210863810196362e-02
7.100000000000000000e+01 1.941325450049298485e-04 5.391622000000000359e-01 3.252338253882495339e-02
7.200000000000000000e+01 2.107973458089118144e-04 5.390201000000000020e-01 3.452147884558162683e-02
7.300000000000000000e+01 2.295368887850650146e-04 5.388560000000000016e-01 3.669430776292502416e-02
7.400000000000000000e+01 2.537503700171933867e-04 5.386372999999999855e-01 3.940070787499602017e-02
7.500000000000000000e+01 2.777412112384827292e-04 5.384145999999999654e-01 4.197766772633624438e-02
7.600000000000000000e+01 3.083248789248800451e-04 5.381224000000000007e-01 4.513357432229129357e-02
7.700000000000000000e+01 3.428338543740612064e-04 5.377830000000000110e-01 4.853893616554869755e-02
7.800000000000000000e+01 3.796790693139509088e-04 5.374109000000000247e-01 5.201463848466127138e-02
7.900000000000000000e+01 4.252924391334089640e-04 5.369376999999999622e-01 5.612010854053720715e-02
8.000000000000000000e+01 4.781380813146196107e-04 5.363742999999999705e-01 6.064157099971985432e-02
8.100000000000000000e+01 5.399487775642450348e-04 5.356973999999999902e-01 6.565535902818343816e-02
8.200000000000000000e+01 6.126034583858240654e-04 5.348806999999999867e-01 7.122759505701091454e-02
8.300000000000000000e+01 6.987154461097486776e-04 5.338872999999999536e-01 7.745400859474463329e-02
8.400000000000000000e+01 8.014878516826254989e-04 5.326708999999999472e-01 8.443779664758199743e-02
8.500000000000000000e+01 9.274086200858132172e-04 5.311415999999999915e-01 9.244822346981403094e-02
8.600000000000000000e+01 1.075944515193709861e-03 5.292919999999999847e-01 1.012602692460884413e-01
8.700000000000000000e+01 1.257493624906638307e-03 5.269724999999999548e-01 1.112827724981797911e-01
8.800000000000000000e+01 1.472778682305796605e-03 5.241521000000000097e-01 1.223057380735776134e-01
8.900000000000000000e+01 1.730177502410338870e-03 5.206946000000000074e-01 1.345066311066240305e-01
9.000000000000000000e+01 2.037266011010495717e-03 5.164646000000000514e-01 1.479564192167723280e-01
