1.000000000000000000e+01 9.935055489316926315e-04 5.402110000000001078e-01 8.107578793968599901e-03
1.100000000000000000e+01 1.206073467025836404e-03 5.401779000000000996e-01 9.832099597925548010e-03
1.200000000000000000e+01 1.440557344609498351e-03 5.401342000000001198e-01 1.173037667117206827e-02
1.300000000000000000e+01 1.697152382548893770e-03 5.400776000000001575e-01 1.380284345551627614e-02
1.400000000000000000e+01 1.976394560940914619e-03 5.400057000000001439e-01 1.605259167667030459e-02
1.500000000000000000e+01 2.278750828456754980e-03 5.399160000000000625e-01 1.848203239961897573e-02
1.600000000000000000e+01 2.604717495215565920e-03 5.398054000000001018e-01 2.109369398539366267e-02
1.700000000000000000e+01 2.954808074832467220e-03 5.396707000000000587e-01 2.389012283289855890e-02
1.800000000000000000e+01 3.329555663091946470e-03 5.395084000000001101e-01 2.687391331214105186e-02
1.900000000000000000e+01 3.729503407373507221e-03 5.393149000000001525e-01 3.004758803326008226e-02
2.000000000000000000e+01 4.155220945953167627e-03 5.390858000000000594e-01 3.341380740509704295e-02
2.100000000000000000e+01 4.607254168702611639e-03 5.388169000000001541e-01 3.697489219909007307e-02
2.200000000000000000e+01 5.086187007488913829e-03 5.385033000000001291e-01 4.073330964218144223e-02
2.300000000000000000e+01 5.602065925384019235e-03 5.381328000000000777e-01 4.476559586724138118e-02
2.400000000000000000e+01 6.138161233993394590e-03 5.377122000000000845e-01 4.893816397391196477e-02
2.500000000000000000e+01 6.702939984791903179e-03 5.372302000000001021e-01 5.331512999940810071e-02
2.600000000000000000e+01 7.296872228481941086e-03 5.366806000000000632e-01 5.789769561604253545e-02
2.700000000000000000e+01 7.920403728642385482e-03 5.360570000000001167e-01 6.268664232408509285e-02
2.800000000000000000e+01 8.573821347451517777e-03 5.353527000000001257e-01 6.768190467599441429e-02
2.900000000000000000e+01 9.257431592034837814e-03 5.345606000000001634e-01 7.288312263428353699e-02
3.000000000000000000e+01 9.971415092266044597e-03 5.336734000000000755e-01 7.828907508370042123e-02
3.100000000000000000e+01 1.071587073760173724e-02 5.326836000000001459e-01 8.389791621426426205e-02
3.200000000000000000e+01 1.149354046618396297e-02 5.315795000000000936e-01 8.972773671301186027e-02
3.300000000000000000e+01 1.229883193613618211e-02 5.303613000000001465e-01 9.573376438986026804e-02
3.400000000000000000e+01 1.313396190398251513e-02 5.290176000000000878e-01 1.019303460289004426e-01
3.500000000000000000e+01 1.399859496210820523e-02 5.275410000000001487e-01 1.083119412085760541e-01
3.600000000000000000e+01 1.489172096576341954e-02 5.259243000000001222e-01 1.148699791492729522e-01
3.700000000000000000e+01 1.581264878563363313e-02 5.241604000000000818e-01 1.215966861343619476e-01
3.800000000000000000e+01 1.676031305528190296e-02 5.222426000000001123e-01 1.284822186271211697e-01
3.900000000000000000e+01 1.773349783296077065e-02 5.201649000000001521e-01 1.355158448203092059e-01
4.000000000000000000e+01 1.873079567360616884e-02 5.179216000000000930e-01 1.426856474085447524e-01
4.100000000000000000e+01 1.975063160568766435e-02 5.155080000000000773e-01 1.499787221462846321e-01
4.200000000000000000e+01 2.079127889130891194e-02 5.129199000000000952e-01 1.573812766637093241e-01
4.300000000000000000e+01 2.185085346794923833e-02 5.101540000000001074e-01 1.648786311491914347e-01
4.400000000000000000e+01 2.292736865147789252e-02 5.072081000000001616e-01 1.724556146365400222e-01
4.500000000000000000e+01 2.401875327836530336e-02 5.040805000000001534e-01 1.800966635283999528e-01
4.600000000000000000e+01 2.512280819705699220e-02 5.007710000000000772e-01 1.877855246854916726e-01
4.700000000000000000e+01 2.623733679385183148e-02 4.972799000000001080e-01 1.955061461588915028e-01
4.800000000000000000e+01 2.736010545446055514e-02 4.936086000000001195e-01 2.032423797917941866e-01
4.900000000000000000e+01 2.848892164834257446e-02 4.897594000000001224e-01 2.109785761378572266e-01
5.000000000000000000e+01 2.962158192694962569e-02 4.857355000000000977e-01 2.186990870913007867e-01
5.100000000000000000e+01 3.075596517263537097e-02 4.815407000000000992e-01 2.263889596942592619e-01
5.200000000000000000e+01 3.188999603785239861e-02 4.771798000000000983e-01 2.340336383729357539e-01
5.300000000000000000e+01 3.302172699967358127e-02 4.726580000000001336e-01 2.416195593684689336e-01
5.400000000000000000e+01 3.414931073190449057e-02 4.679814000000001029e-01 2.491338518762634957e-01
5.500000000000000000e+01 3.527091931948857229e-02 4.631565000000001375e-01 2.565638442103010952e-01
5.600000000000000000e+01 3.638494139795356991e-02 4.581905000000001116e-01 2.638983493602332642e-01
5.700000000000000000e+01 3.748982526857225911e-02 4.530908000000001268e-01 2.711265759936093422e-01
5.800000000000000000e+01 3.858414777340334056e-02 4.478653000000001327e-01 2.782386237539977158e-01
5.900000000000000000e+01 3.966478952127799190e-02 4.425327000000001121e-01 2.852125089363481969e-01
6.000000000000000000e+01 4.073501642295762615e-02 4.370769000000001014e-01 2.920715070181400530e-01
6.100000000000000000e+01 4.179187887521264994e-02 4.315164000000001332e-01 2.987947217077936979e-01
6.200000000000000000e+01 4.283469336674517597e-02 4.258583000000001340e-01 3.053773001317989233e-01
6.300000000000000000e+01 4.386256650711559124e-02 4.201113000000001318e-01 3.118128031708430337e-01
6.400000000000000000e+01 4.487445298377582686e-02 4.142865000000001130e-01 3.180937020984948016e-01
6.500000000000000000e+01 4.587255103430848413e-02 4.083847000000001004e-01 3.242232532895069630e-01
6.600000000000000000e+01 4.685335271211452102e-02 4.024124000000001145e-01 3.301999731968940366e-01
6.700000000000000000e+01 4.781733559725166033e-02 3.963824000000001346e-01 3.360155416006295193e-01
6.800000000000000000e+01 4.876348117591792347e-02 3.903086000000001166e-01 3.416624264838099556e-01
