1.000000000000000000e+01 -3.871531575856939494e-03 4.125642788921064152e+01
1.000000000000000000e+01 -4.681339947667523954e-02 4.459870351024534330e+00
1.000000000000000000e+01 -7.555257085161628736e-03 2.936263436001437555e+01
1.000000000000000000e+01 -5.682964715097224007e-01 7.294827077793549108e+00
1.000000000000000000e+01 -1.000000000000000000e+00 4.550735962832053616e+00
1.000000000000000000e+01 -8.715407794898982763e-01 6.343036677386375111e+00
1.000000000000000000e+01 -1.000000000000000000e+00 6.761767887679806854e+00
1.000000000000000000e+01 -9.957462057616637274e-01 6.897118091027621745e+00
1.000000000000000000e+01 -8.961750429294682574e-01 8.026115852361655811e+00
1.100000000000000000e+01 -4.250241890470933190e-03 4.123451168574516146e+01
1.100000000000000000e+01 -5.197702648494159638e-02 4.462431712523128979e+00
1.100000000000000000e+01 -8.294229377022597355e-03 2.937325132590274279e+01
1.100000000000000000e+01 -5.701008825159360471e-01 7.992489191656408920e+00
1.100000000000000000e+01 -1.000000000000000000e+00 4.998940126000769979e+00
1.100000000000000000e+01 -8.748414316287987935e-01 6.986457591164548120e+00
1.100000000000000000e+01 -1.000000000000000000e+00 7.419474345618104039e+00
1.100000000000000000e+01 -9.944917851514130103e-01 7.626291053652439977e+00
1.100000000000000000e+01 -8.993791107770854332e-01 8.838096266761894526e+00
1.200000000000000000e+01 -4.640369059221594733e-03 4.120302675817923443e+01
1.200000000000000000e+01 -5.725240856689307878e-02 4.465074633358237399e+00
1.200000000000000000e+01 -9.065774951159013065e-03 2.938250392844194891e+01
1.200000000000000000e+01 -5.722734991252832470e-01 8.692362326409961426e+00
1.200000000000000000e+01 -1.000000000000000000e+00 5.445469197386014315e+00
1.200000000000000000e+01 -8.797330882147523790e-01 7.649917934458923874e+00
1.300000000000000000e+01 -5.039388182273217033e-03 4.116237068447952652e+01
1.300000000000000000e+01 -6.251250707770726611e-02 4.467757382515160636e+00
1.300000000000000000e+01 -9.862080389152871884e-03 2.939071419744552571e+01
1.300000000000000000e+01 -5.735514087960387197e-01 9.422597740948381428e+00
1.300000000000000000e+01 -1.000000000000000000e+00 5.890589163359908120e+00
1.300000000000000000e+01 -8.856517005790457420e-01 8.357973992769363036e+00
1.400000000000000000e+01 -5.447555728722751171e-03 4.111260931959297693e+01
1.400000000000000000e+01 -6.781370519558331533e-02 4.470541663386148556e+00
1.400000000000000000e+01 -1.068314113635728674e-02 2.939811819426261152e+01
1.400000000000000000e+01 -5.733715430991553896e-01 1.021904135412178505e+01
1.400000000000000000e+01 -1.000000000000000000e+00 6.332625309750286924e+00
1.500000000000000000e+01 -5.864284928641632332e-03 4.105344513932021044e+01
1.500000000000000000e+01 -7.315505322704929370e-02 4.473471560258682089e+00
1.500000000000000000e+01 -1.152759050349841906e-02 2.940487333505600986e+01
1.500000000000000000e+01 -5.734626929667074879e-01 1.102524998556793534e+01
1.500000000000000000e+01 -1.000000000000000000e+00 6.772235647019939186e+00
1.600000000000000000e+01 -6.288632751115301629e-03 4.098434490953943765e+01
1.600000000000000000e+01 -7.853546174311766548e-02 4.476581822820055123e+00
1.600000000000000000e+01 -1.239436809183876165e-02 2.941107733548430758e+01
1.600000000000000000e+01 -5.825923236841916708e-01 1.174531680015808988e+01
1.600000000000000000e+01 -1.000000000000000000e+00 7.213266876161520180e+00
1.700000000000000000e+01 -6.719752399329675940e-03 4.090460406839084584e+01
1.700000000000000000e+01 -8.395443733961494015e-02 4.479907189798023381e+00
1.700000000000000000e+01 -1.328286753177059833e-02 2.941678762525745938e+01
1.700000000000000000e+01 -5.958434479816797635e-01 1.245153752410769776e+01
1.700000000000000000e+01 -1.000000000000000000e+00 7.660505581929617058e+00
1.800000000000000000e+01 -7.156842869692237562e-03 4.081334215777150831e+01
1.800000000000000000e+01 -8.941170151964576707e-02 4.483482815430715362e+00
1.800000000000000000e+01 -1.419255675685549001e-02 2.942202182038366587e+01
1.800000000000000000e+01 -6.002729787109478687e-01 1.324443337241302210e+01
1.900000000000000000e+01 -7.598781858278407311e-03 4.070955193119180393e+01
1.900000000000000000e+01 -9.490732016044509112e-02 4.487346571676313900e+00
1.900000000000000000e+01 -1.512333238383126686e-02 2.942679832296416720e+01
2.000000000000000000e+01 -8.044203148054610009e-03 4.059203909494216589e+01
2.000000000000000000e+01 -1.004407277976415297e-01 4.491537506758703557e+00
2.000000000000000000e+01 -1.607470801919199874e-02 2.943110738067933596e+01
2.100000000000000000e+01 -8.491833831855763806e-03 4.045950983212470220e+01
2.100000000000000000e+01 -1.060122715816551597e-01 4.496098073144515261e+00
2.100000000000000000e+01 -1.704722438492934852e-02 2.943495208159939480e+01
2.200000000000000000e+01 -8.939661408062887088e-03 4.031046810936305036e+01
2.200000000000000000e+01 -1.116212729385156061e-01 4.501072556010331738e+00
2.200000000000000000e+01 -1.804084084871591248e-02 2.943831732998728157e+01
