1.000000000000000000e+01 -7.688782620436455104e-05 1.107646511651605152e+02
1.000000000000000000e+01 -3.868797449976811229e-03 4.124671092112681947e+01
1.000000000000000000e+01 -4.676517474359959126e-02 4.462326640556922186e+00
1.000000000000000000e+01 -7.552995051793044527e-03 2.936263620508074013e+01
1.000000000000000000e+01 -3.943337022789155863e-03 8.335995000933603194e+01
1.000000000000000000e+01 -5.677135939341659832e-01 7.307587992556759282e+00
1.000000000000000000e+01 -1.000000000000000000e+00 4.551557116524522328e+00
1.000000000000000000e+01 -8.754845208235383369e-01 6.408345549825718024e+00
1.000000000000000000e+01 -1.000000000000000000e+00 6.808703365481166614e+00
1.000000000000000000e+01 -9.918355773491966954e-01 6.954876773825009018e+00
1.000000000000000000e+01 -8.952061035413514389e-01 8.021921978215770466e+00
1.100000000000000000e+01 -1.060025191385395219e-04 1.105692061700046054e+02
1.100000000000000000e+01 -4.247664389516104221e-03 4.122062617520563776e+01
1.100000000000000000e+01 -5.197897858078429079e-02 4.465581534859651036e+00
1.100000000000000000e+01 -8.294118418587737018e-03 2.937320243394837505e+01
1.100000000000000000e+01 -3.974932651286636198e-03 8.348619084039073357e+01
1.100000000000000000e+01 -5.698732451200246851e-01 8.003853828233621570e+00
1.100000000000000000e+01 -1.000000000000000000e+00 4.999246077979806024e+00
1.100000000000000000e+01 -8.794962087944755424e-01 7.088250417370949741e+00
1.100000000000000000e+01 -1.000000000000000000e+00 7.483188604209360051e+00
1.100000000000000000e+01 -9.896277272712936668e-01 7.728242774502886547e+00
1.100000000000000000e+01 -8.990212690773926596e-01 8.834487766292411948e+00
1.200000000000000000e+01 -1.437299631274843877e-04 1.101599233923937220e+02
1.200000000000000000e+01 -4.635975315308453470e-03 4.118363628159933398e+01
1.200000000000000000e+01 -5.717470438132353505e-02 4.468911841943175034e+00
1.200000000000000000e+01 -9.063282533558019577e-03 2.938235565539553917e+01
1.200000000000000000e+01 -4.039935811067384835e-03 8.358211493438099637e+01
1.200000000000000000e+01 -5.712344019831213648e-01 8.719851322998213305e+00
1.200000000000000000e+01 -1.000000000000000000e+00 5.445650254840987081e+00
1.200000000000000000e+01 -8.847285239282185465e-01 7.820165937479153229e+00
1.300000000000000000e+01 -1.905103649511837385e-04 1.095399972737048984e+02
1.300000000000000000e+01 -5.033921703691576592e-03 4.113597053342193277e+01
1.300000000000000000e+01 -6.241092061025970555e-02 4.472431319084957835e+00
1.300000000000000000e+01 -9.859075253444784387e-03 2.939041379552417155e+01
1.300000000000000000e+01 -4.131911570418443647e-03 8.365613730585222640e+01
1.300000000000000000e+01 -5.703391902706684835e-01 9.483344568283941456e+00
1.300000000000000000e+01 -1.000000000000000000e+00 5.889512115100768774e+00
1.300000000000000000e+01 -8.884985112940716467e-01 8.556210165991428696e+00
1.400000000000000000e+01 -2.459174680040345710e-04 1.087125762129836488e+02
1.400000000000000000e+01 -5.440651605312806297e-03 4.107736927554797290e+01
1.400000000000000000e+01 -6.768448042631625139e-02 4.476158555621729818e+00
1.400000000000000000e+01 -1.067994733704436330e-02 2.939762511718117466e+01
1.400000000000000000e+01 -4.245281552476412763e-03 8.371371643672321738e+01
1.400000000000000000e+01 -5.705477616227010440e-01 1.024157066284588780e+01
1.400000000000000000e+01 -1.000000000000000000e+00 6.331627790318195892e+00
1.500000000000000000e+01 -3.086399936880895867e-04 1.076800098672046744e+02
1.500000000000000000e+01 -5.855439060464092543e-03 4.100720272233523644e+01
1.500000000000000000e+01 -7.299018250124013341e-02 4.480145422283727363e+00
1.500000000000000000e+01 -1.152400492277130643e-02 2.940411713181613962e+01
1.500000000000000000e+01 -4.376734236867956852e-03 8.375852919088440274e+01
1.500000000000000000e+01 -5.727898111914671020e-01 1.100814503864446792e+01
1.500000000000000000e+01 -1.000000000000000000e+00 6.773262961930681669e+00
1.600000000000000000e+01 -3.771185608349085874e-04 1.064473180407297548e+02
1.600000000000000000e+01 -6.277238845234914266e-03 4.092457725772937494e+01
1.600000000000000000e+01 -7.832646724709675656e-02 4.484438870823224121e+00
1.600000000000000000e+01 -1.238974569146544455e-02 2.940996898501586898e+01
1.600000000000000000e+01 -4.523523292884282579e-03 8.379308175588795393e+01
1.600000000000000000e+01 -5.891806265525306729e-01 1.170765642970554943e+01
1.600000000000000000e+01 -1.000000000000000000e+00 7.221459683580056854e+00
1.700000000000000000e+01 -4.489233298115504638e-04 1.050227316291595656e+02
1.700000000000000000e+01 -6.704886832115959650e-03 4.082836972041187806e+01
1.700000000000000000e+01 -8.369506462072823227e-02 4.489091985090955639e+00
1.700000000000000000e+01 -1.327771150630155036e-02 2.941525641624620135e+01
1.700000000000000000e+01 -4.683790226570205481e-03 8.381903889274403241e+01
1.700000000000000000e+01 -5.921851239054797267e-01 1.248826728675750353e+01
1.700000000000000000e+01 -1.000000000000000000e+00 7.662270560081456239e+00
1.800000000000000000e+01 -5.215396968112715609e-04 1.034179409728548222e+02
1.800000000000000000e+01 -7.137326843444184547e-03 4.071726659771760382e+01
1.800000000000000000e+01 -8.909284966733829747e-02 4.494150367573794824e+00
1.800000000000000000e+01 -4.856141123671169242e-03 8.383750859344348783e+01
1.800000000000000000e+01 -1.418684251966192619e-02 2.941997783699367019e+01
1.800000000000000000e+01 -5.943845990768308329e-01 1.327768511910692339e+01
1.900000000000000000e+01 -5.922501452826089714e-04 1.016478938602388240e+02
1.900000000000000000e+01 -7.573289915990615365e-03 4.058975985910893058e+01
1.900000000000000000e+01 -5.039994761013183791e-03 8.384916805664595074e+01
1.900000000000000000e+01 -9.451862125082889643e-02 4.499663984581302678e+00
1.900000000000000000e+01 -1.511708588529243891e-02 2.942413864381764910e+01
2.000000000000000000e+01 -6.580681300159196227e-04 9.973039544866249173e+01
2.000000000000000000e+01 -8.010932111320657675e-03 4.044411301623829047e+01
2.000000000000000000e+01 -5.235126439380895919e-03 8.385430246614865268e+01
2.000000000000000000e+01 -9.997043234337717188e-02 4.505687277022953019e+00
2.000000000000000000e+01 -1.606810329777340687e-02 2.942771960129296716e+01
2.100000000000000000e+01 -7.158542481979271975e-04 9.768548393167458244e+01
2.100000000000000000e+01 -8.448435085171858080e-03 4.027843266673618672e+01
2.100000000000000000e+01 -5.442575366164175213e-03 8.385285426635854833e+01
2.100000000000000000e+01 -1.054467984146962578e-01 4.512280920456646527e+00
2.100000000000000000e+01 -1.704042058544820090e-02 2.943070347259678599e+01
2.200000000000000000e+01 -7.614968446574548345e-04 9.553533482248900555e+01
2.200000000000000000e+01 -8.883163670373551285e-03 4.009059621827959319e+01
2.200000000000000000e+01 -5.664541383063131930e-03 8.384425824709893504e+01
2.200000000000000000e+01 -1.109458189992370836e-01 4.519499337282201878e+00
2.200000000000000000e+01 -1.803448002831574068e-02 2.943308069596621479e+01
2.300000000000000000e+01 -7.888535937748563818e-04 9.330374510142698341e+01
2.300000000000000000e+01 -9.311855204338734260e-03 3.987826988469433331e+01
2.300000000000000000e+01 -5.906204328750824274e-03 8.382711405885120826e+01
2.300000000000000000e+01 -1.164667562226692071e-01 4.527412889943247976e+00
2.300000000000000000e+01 -1.905186625501203296e-02 2.943485159074584701e+01
2.400000000000000000e+01 -7.863937839771040781e-04 9.096485309758894289e+01
2.400000000000000000e+01 -9.735575489965377083e-03 3.963550205558696149e+01
2.400000000000000000e+01 -6.181498058508942163e-03 8.379667377296865993e+01
2.400000000000000000e+01 -1.219575404393278550e-01 4.539033889636498564e+00
2.400000000000000000e+01 -2.009867081330620267e-02 2.943583215425469035e+01
2.500000000000000000e+01 -7.320156019142770240e-04 8.864972097538056062e+01
2.500000000000000000e+01 -1.013973107765224653e-02 3.936544895679534051e+01
2.500000000000000000e+01 -6.507507226782212849e-03 8.374456887619481904e+01
2.500000000000000000e+01 -1.274907239677777748e-01 4.549283639380535149e+00
2.500000000000000000e+01 -2.116608807317432381e-02 2.943627542816562936e+01
2.600000000000000000e+01 -6.121483508726711627e-04 8.637936385058286248e+01
2.600000000000000000e+01 -1.052243408348333548e-02 3.906259793028262095e+01
2.600000000000000000e+01 -6.901647044623450238e-03 8.362644217600676200e+01
2.600000000000000000e+01 -1.330292474912417311e-01 4.560574257268622311e+00
2.600000000000000000e+01 -2.226187481007045263e-02 2.943608443955130838e+01
2.700000000000000000e+01 -1.808444988543361082e-03 8.449217195567661065e+01
2.700000000000000000e+01 -1.087577741906566725e-02 3.872392775990502400e+01
2.700000000000000000e+01 -5.984346460244855878e-03 8.312537835121962360e+01
2.700000000000000000e+01 -1.385678737091534940e-01 4.573002213878659461e+00
2.700000000000000000e+01 -2.338987145309629270e-02 2.943530198271542631e+01
2.800000000000000000e+01 -2.829526362228856461e-03 8.130862188645717481e+01
2.800000000000000000e+01 -1.118914639047200767e-02 3.834634565957729535e+01
2.800000000000000000e+01 -5.249511915081792567e-03 8.394292092424369400e+01
2.800000000000000000e+01 -1.441006592536320796e-01 4.586645970333207423e+00
2.800000000000000000e+01 -2.455438826769868951e-02 2.943397069129954602e+01
2.900000000000000000e+01 -2.196472454301187042e-03 7.910793483491193001e+01
2.900000000000000000e+01 -1.145044199279792764e-02 3.792692030452061402e+01
2.900000000000000000e+01 -6.180469986446335273e-03 8.381986976645085008e+01
2.900000000000000000e+01 -1.496206360532554569e-01 4.601619635163256561e+00
2.900000000000000000e+01 -2.576246093518594349e-02 2.943220904285199069e+01
3.000000000000000000e+01 -2.051603873146383688e-03 7.692273439280647551e+01
3.000000000000000000e+01 -1.164339599876288225e-02 3.746276574383966107e+01
3.000000000000000000e+01 -6.639624454716546754e-03 8.374101815593056131e+01
3.000000000000000000e+01 -1.551210203623777373e-01 4.618012918715819204e+00
3.000000000000000000e+01 -2.702431444775398386e-02 2.943018527648176885e+01
3.100000000000000000e+01 -2.050964089765034554e-03 7.480561844450853926e+01
3.100000000000000000e+01 -1.174732416902288766e-02 3.695136821504929259e+01
3.100000000000000000e+01 -6.976007862760825670e-03 8.366973208810360063e+01
3.100000000000000000e+01 -1.605933529552451555e-01 4.635935377545817637e+00
3.100000000000000000e+01 -2.835419423297752192e-02 2.942814531268058076e+01
3.200000000000000000e+01 -2.124716388689462145e-03 7.277911173971129699e+01
3.200000000000000000e+01 -1.173463411918328030e-02 3.639068891997227695e+01
3.200000000000000000e+01 -7.264631258058186491e-03 8.359695459589762834e+01
3.200000000000000000e+01 -1.660279987309653538e-01 4.655506950337432670e+00
3.200000000000000000e+01 -2.977277898809168460e-02 2.942646169076934370e+01
3.300000000000000000e+01 -2.255156010560447396e-03 7.084737168819313524e+01
3.300000000000000000e+01 -1.156816461477822890e-02 3.577695733638542919e+01
3.300000000000000000e+01 -7.533044784514503732e-03 8.351878677817586549e+01
3.300000000000000000e+01 -1.713459371481391713e-01 4.679648926079594595e+00
3.300000000000000000e+01 -3.132036158884209109e-02 2.942571184261229433e+01
3.400000000000000000e+01 -2.434804551658309793e-03 6.904092945413614757e+01
3.400000000000000000e+01 -1.118349606522874538e-02 3.511378906460214466e+01
3.400000000000000000e+01 -7.787143816389492310e-03 8.343433894178038202e+01
3.400000000000000000e+01 -1.766645556760404745e-01 4.703258771972796737e+00
3.400000000000000000e+01 -3.303822930646320433e-02 2.942677931989896578e+01
3.500000000000000000e+01 -2.663392362174692250e-03 6.735601822363980773e+01
3.500000000000000000e+01 -1.048351507945364906e-02 3.439952303583141457e+01
3.500000000000000000e+01 -8.033359409353599961e-03 8.334190785326383377e+01
3.500000000000000000e+01 -1.819134289247281155e-01 4.728888980744358150e+00
3.500000000000000000e+01 -3.502425584664411312e-02 2.943088009157933271e+01
3.600000000000000000e+01 -2.940315929611421464e-03 6.579561558714013358e+01
3.600000000000000000e+01 -9.284321525436085160e-03 3.363525699357569465e+01
3.600000000000000000e+01 -8.274929218085631463e-03 8.324083336997401261e+01
3.600000000000000000e+01 -1.870849572454192644e-01 4.756618195336907995e+00
3.600000000000000000e+01 -3.746012063050696561e-02 2.943977829608472163e+01
3.700000000000000000e+01 -3.264752498700463409e-03 6.435981913969601464e+01
3.700000000000000000e+01 -7.212050461509105469e-03 3.282468235495991848e+01
3.700000000000000000e+01 -8.512675252790837671e-03 8.313022611994514932e+01
3.700000000000000000e+01 -1.921644522131139843e-01 4.786592040249408875e+00
3.700000000000000000e+01 -4.071452797186408956e-02 2.945440108607100171e+01
3.800000000000000000e+01 -3.466180855005950284e-03 3.198141199264852474e+01
3.800000000000000000e+01 -3.633573122514085433e-03 6.304623422402882227e+01
3.800000000000000000e+01 -8.748034750568872697e-03 8.300971655290379658e+01
3.800000000000000000e+01 -1.971458894946429008e-01 4.818870345465977145e+00
3.800000000000000000e+01 -4.558831064740198613e-02 2.946782775590070358e+01
3.900000000000000000e+01 2.965957300026302815e-03 3.116194290199990036e+01
3.900000000000000000e+01 -4.042269917849618602e-03 6.184990891060739671e+01
3.900000000000000000e+01 -8.980786197382325045e-03 8.287865913459764045e+01
3.900000000000000000e+01 -2.020130816520467609e-01 4.853595155976148767e+00
3.900000000000000000e+01 -5.308707233285655386e-02 2.943252943543035016e+01
4.000000000000000000e+01 1.045552889540899560e-02 3.045739606544345435e+01
4.000000000000000000e+01 -4.485064920881197230e-03 6.076427102714476547e+01
4.000000000000000000e+01 -9.211746732833569692e-03 8.273676978875117527e+01
4.000000000000000000e+01 -2.067618714910155475e-01 4.890812397801825639e+00
4.000000000000000000e+01 -6.158670017936614810e-02 2.926383701754298627e+01
4.100000000000000000e+01 1.546365558458218971e-02 2.985367981830876261e+01
4.100000000000000000e+01 -4.955339891896685424e-03 5.978151389656352421e+01
4.100000000000000000e+01 -9.440584472481619929e-03 8.258360979778530009e+01
4.100000000000000000e+01 -2.113756105496449045e-01 4.930656690814768872e+00
4.100000000000000000e+01 -6.755212023446283132e-02 2.897518085711288904e+01
4.200000000000000000e+01 1.669531519621463359e-02 2.929363211997000960e+01
4.200000000000000000e+01 -5.446189199990907233e-03 5.889309530618441357e+01
4.200000000000000000e+01 -9.667612832862194916e-03 8.241895355257983624e+01
4.200000000000000000e+01 -2.158482039053722934e-01 4.973186749760913017e+00
4.200000000000000000e+01 -6.969924397278469408e-02 2.862535792172725380e+01
4.300000000000000000e+01 1.353882426700093143e-02 2.874779862379150686e+01
4.300000000000000000e+01 -5.950921933352663028e-03 5.809018558514866015e+01
4.300000000000000000e+01 -9.892972375490307127e-03 8.224266456908748069e+01
4.300000000000000000e+01 -2.201773137646271805e-01 5.018420644822784382e+00
4.300000000000000000e+01 -6.742662753466388548e-02 2.824859979159250045e+01
4.400000000000000000e+01 4.198711072173199645e-03 2.819980156623230272e+01
4.400000000000000000e+01 -6.463648264416143284e-03 5.736402010350406044e+01
4.400000000000000000e+01 -1.011632337527925384e-02 8.205458556564587980e+01
4.400000000000000000e+01 -2.243459847221042636e-01 5.066483925352860851e+00
4.400000000000000000e+01 -5.894037000237405816e-02 2.786664477574614551e+01
4.500000000000000000e+01 -6.979318210695056868e-03 5.670618145191420467e+01
4.500000000000000000e+01 -2.748556746124580438e-02 2.731130167252535301e+01
4.500000000000000000e+01 -2.808825356387433664e-02 2.782555050519057360e+01
4.500000000000000000e+01 -1.033779759788057591e-02 8.185470786440042446e+01
4.500000000000000000e+01 -2.283557428916745957e-01 5.117399039903077984e+00
4.600000000000000000e+01 -7.493704217777646080e-03 5.610876131870816153e+01
4.600000000000000000e+01 -2.279452908542204531e-02 2.603482917819932752e+01
4.600000000000000000e+01 -1.055737019392200514e-02 8.164313568479985861e+01
4.600000000000000000e+01 -3.356054879781434491e-02 2.821542121731033603e+01
4.600000000000000000e+01 -2.322070480259550429e-01 5.171149586499726780e+00
4.700000000000000000e+01 -8.003667221640888702e-03 5.556448619854595705e+01
4.700000000000000000e+01 -2.100442291191883040e-02 2.509203629291526738e+01
4.700000000000000000e+01 -1.077497588717894576e-02 8.142000945140352997e+01
4.700000000000000000e+01 -3.610815284602765518e-02 2.828934562070003977e+01
4.700000000000000000e+01 -2.358853324477314106e-01 5.227834772761770665e+00
4.800000000000000000e+01 -8.506706532322045114e-03 5.506676745204257628e+01
4.800000000000000000e+01 -1.975482448356223608e-02 2.423407864952228863e+01
4.800000000000000000e+01 -1.099065058910715653e-02 8.118558221645085382e+01
4.800000000000000000e+01 -3.809899082000645781e-02 2.829913875749867103e+01
4.800000000000000000e+01 -2.393960590867879046e-01 5.287431128224777233e+00
4.900000000000000000e+01 -1.876277321906568915e-02 2.342924688568502845e+01
4.900000000000000000e+01 -9.001133165197182026e-03 5.460966087172889161e+01
4.900000000000000000e+01 -1.120439290570558570e-02 8.094020430850481773e+01
4.900000000000000000e+01 -3.982296809440608737e-02 2.827874419789008087e+01
4.900000000000000000e+01 -2.427487794477764249e-01 5.349895854126717865e+00
5.000000000000000000e+01 -1.791888152512629423e-02 2.266713107049265830e+01
5.000000000000000000e+01 -9.485878588030710601e-03 5.418793886560256823e+01
5.000000000000000000e+01 -1.141621968755122951e-02 8.068432074270845078e+01
5.000000000000000000e+01 -4.138486514041257724e-02 2.823983598286137564e+01
5.000000000000000000e+01 -2.459310425387391252e-01 5.415302177882846735e+00
5.100000000000000000e+01 -1.717160793189717941e-02 2.194303219975283881e+01
5.100000000000000000e+01 -9.960306401883251004e-03 5.379694255541819814e+01
5.100000000000000000e+01 -1.162615284137936272e-02 8.041839315888188366e+01
5.100000000000000000e+01 -4.284096857384216139e-02 2.818809330979069117e+01
5.100000000000000000e+01 -2.489538674610182190e-01 5.483606103827685985e+00
5.200000000000000000e+01 -1.649108944736028121e-02 2.125434268707573082e+01
5.200000000000000000e+01 -1.042418874645119169e-02 5.343257798137608461e+01
5.200000000000000000e+01 -1.183425927348382735e-02 8.014301410459982833e+01
5.200000000000000000e+01 -4.422209501783289781e-02 2.812652517557272347e+01
5.200000000000000000e+01 -2.518236436545056578e-01 5.554787746182455521e+00
5.300000000000000000e+01 -1.585877883609549538e-02 2.059925113300083055e+01
5.300000000000000000e+01 -1.087752823536043516e-02 5.309125863432659287e+01
5.300000000000000000e+01 -1.204062098915919567e-02 7.985881988558543298e+01
5.300000000000000000e+01 -4.554743916619457406e-02 2.805696070255851993e+01
5.300000000000000000e+01 -2.545482657385964020e-01 5.628827790383907015e+00
5.400000000000000000e+01 -1.526364211110371044e-02 1.997618869879788761e+01
5.400000000000000000e+01 -1.132060736489107038e-02 5.276979382799737550e+01
5.400000000000000000e+01 -1.224538558834138181e-02 7.956651137020617170e+01
5.400000000000000000e+01 -4.683143568347817448e-02 2.798070691368248930e+01
5.400000000000000000e+01 -2.571446798972510939e-01 5.705678183431905026e+00
5.500000000000000000e+01 -1.469480478624336957e-02 1.938387280019043502e+01
5.500000000000000000e+01 -1.175358254804592835e-02 5.246553032355442525e+01
5.500000000000000000e+01 -1.244859206486054713e-02 7.926677756103811134e+01
5.500000000000000000e+01 -4.807790800921547120e-02 2.789827764573296420e+01
5.500000000000000000e+01 -2.596048840573370042e-01 5.785410822562687017e+00
5.600000000000000000e+01 -1.414700425344667459e-02 1.882086249629790942e+01
5.600000000000000000e+01 -1.217686928163945644e-02 5.217603450684659805e+01
5.600000000000000000e+01 -1.265039727868277376e-02 7.896034503986619768e+01
5.600000000000000000e+01 -4.929496776258753682e-02 2.781041685735819158e+01
5.600000000000000000e+01 -2.619481524704176389e-01 5.867985666420755031e+00
5.700000000000000000e+01 -1.361515397969043084e-02 1.828578421234019658e+01
5.700000000000000000e+01 -1.259092921235668502e-02 5.189921675203334672e+01
5.700000000000000000e+01 -1.285096884649109157e-02 7.864801945972763519e+01
5.700000000000000000e+01 -5.048691141983806252e-02 2.771760132441005098e+01
5.700000000000000000e+01 -2.641866865776233420e-01 5.953414861407106073e+00
5.800000000000000000e+01 -1.309467548370444462e-02 1.777722425214862412e+01
5.800000000000000000e+01 -1.299619583986926820e-02 5.163325230564696966e+01
5.800000000000000000e+01 -1.305047415880117127e-02 7.833057904860638132e+01
5.800000000000000000e+01 -5.165689309615408703e-02 2.762021542433396348e+01
5.800000000000000000e+01 -2.663334920850606302e-01 6.041721411643657724e+00
5.900000000000000000e+01 -1.258198516819682318e-02 1.729368609192982476e+01
5.900000000000000000e+01 -1.339333826935799887e-02 5.137645383804446197e+01
5.900000000000000000e+01 -1.324928540708521923e-02 7.800888920814844596e+01
5.900000000000000000e+01 -5.280981389465373710e-02 2.751876218768981985e+01
5.900000000000000000e+01 -2.684138437824367118e-01 6.132911038321410935e+00
6.000000000000000000e+01 -1.207054331402292006e-02 1.683391920458680246e+01
6.000000000000000000e+01 -1.378241445609222453e-02 5.112761127490529844e+01
6.000000000000000000e+01 -1.344720602056279427e-02 7.768355711352808157e+01
6.000000000000000000e+01 -5.394193682659402522e-02 2.741313035606138016e+01
6.000000000000000000e+01 -2.704199601435479661e-01 6.227120205930526176e+00
6.100000000000000000e+01 -1.155549520383159466e-02 1.639645474377055478e+01
6.100000000000000000e+01 -1.416405885450151315e-02 5.088542833969663093e+01
6.100000000000000000e+01 -1.364461562669018642e-02 7.735544741698852533e+01
6.100000000000000000e+01 -5.505719159338325064e-02 2.730376729536536473e+01
6.100000000000000000e+01 -2.723795635403205018e-01 6.324387393560848558e+00
6.200000000000000000e+01 -1.102918960733247078e-02 1.597944125833754292e+01
6.200000000000000000e+01 -1.453845131562328877e-02 5.064869462664001531e+01
6.200000000000000000e+01 -1.384138593027445588e-02 7.702503860217241538e+01
6.200000000000000000e+01 -5.615523104048082692e-02 2.719082185788123596e+01
6.200000000000000000e+01 -2.743091932400873456e-01 6.424793823570171369e+00
6.300000000000000000e+01 -1.048439075747692809e-02 1.558252264846595381e+01
6.300000000000000000e+01 -1.490646542227188655e-02 5.041688912241985321e+01
6.300000000000000000e+01 -1.403845586433516944e-02 7.669352289453867400e+01
6.300000000000000000e+01 -5.723910159602110109e-02 2.707467401763390313e+01
6.300000000000000000e+01 -2.762269875417694420e-01 6.528629595750788717e+00
6.400000000000000000e+01 -9.909132325191676721e-03 1.520388461029109095e+01
6.400000000000000000e+01 -1.526790063277554468e-02 5.018895315702224735e+01
6.400000000000000000e+01 -1.423554225373404626e-02 7.636141678719883430e+01
6.400000000000000000e+01 -5.830764639798121513e-02 2.695544369041274990e+01
6.400000000000000000e+01 -2.781590000276209507e-01 6.635817447694344118e+00
6.500000000000000000e+01 -9.288204998772477475e-03 1.484224824212901339e+01
6.500000000000000000e+01 -1.562055036249676045e-02 4.996356427330562155e+01
6.500000000000000000e+01 -1.443182433339126533e-02 7.602987417081884303e+01
6.500000000000000000e+01 -5.935843056616372376e-02 2.683328370019643572e+01
6.500000000000000000e+01 -2.801529722485577856e-01 6.745443321950232551e+00
6.600000000000000000e+01 -8.602733501053661663e-03 1.449570390404162801e+01
6.600000000000000000e+01 -1.596803631558841793e-02 4.974055457008264369e+01
6.600000000000000000e+01 -1.462869466099514341e-02 7.569820293218792528e+01
6.600000000000000000e+01 -6.039482729548121404e-02 2.670823851983278630e+01
6.600000000000000000e+01 -2.822022172698352427e-01 6.859151585475402157e+00
6.700000000000000000e+01 -7.829201458462730495e-03 1.416336964750697547e+01
6.700000000000000000e+01 -1.630952282229001030e-02 4.951906482632638529e+01
6.700000000000000000e+01 -1.482608745750618913e-02 7.536768748611079616e+01
6.700000000000000000e+01 -6.141711377274623740e-02 2.658066003777937425e+01
6.700000000000000000e+01 -2.843624406727899290e-01 6.976578041056728630e+00
6.800000000000000000e+01 -6.937812427343689747e-03 1.384420307625802948e+01
6.800000000000000000e+01 -1.664422538233450641e-02 4.929881050103804796e+01
6.800000000000000000e+01 -1.502342732167757933e-02 7.503844642720858360e+01
6.800000000000000000e+01 -6.241996630381078937e-02 2.645033209214194514e+01
6.800000000000000000e+01 -2.866497296405816075e-01 7.097966137582460533e+00
6.900000000000000000e+01 -5.892879115504285129e-03 1.353765881654595304e+01
6.900000000000000000e+01 -1.697445768936909835e-02 4.908013665908090672e+01
6.900000000000000000e+01 -1.522226217312643015e-02 7.471137191910642628e+01
6.900000000000000000e+01 -6.340821304700261507e-02 2.631785901855455023e+01
6.900000000000000000e+01 -2.891049752541042239e-01 7.224534194770002138e+00
7.000000000000000000e+01 -4.642442688566812171e-03 1.324214646967987541e+01
7.000000000000000000e+01 -1.729756258407870451e-02 4.886150027289311026e+01
7.000000000000000000e+01 -1.542130747671266629e-02 7.438683729213558138e+01
7.000000000000000000e+01 -6.437746197324346886e-02 2.618307599956477461e+01
7.000000000000000000e+01 -2.918072694143286627e-01 7.355244476657023078e+00
7.100000000000000000e+01 -3.125523537289206892e-03 1.295696362012171221e+01
7.100000000000000000e+01 -1.761444525099681996e-02 4.864295503343525695e+01
7.100000000000000000e+01 -1.562117196660985780e-02 7.406519236380009374e+01
7.100000000000000000e+01 -6.532814042521817299e-02 2.604619780697886355e+01
7.100000000000000000e+01 -2.948145686484044958e-01 7.490869049834056881e+00
7.200000000000000000e+01 -1.260500226204633051e-03 1.268058167118445390e+01
7.200000000000000000e+01 -1.792317162330390665e-02 4.842301529040285146e+01
7.200000000000000000e+01 -1.582076441181861151e-02 7.374612233350339352e+01
7.200000000000000000e+01 -6.625585087841855125e-02 2.590686982585355125e+01
7.200000000000000000e+01 -2.982196727886491927e-01 7.630723410857188860e+00
7.300000000000000000e+01 1.043651528998470936e-03 1.241356572108375289e+01
7.300000000000000000e+01 -1.822594626967377271e-02 4.820288308299186042e+01
7.300000000000000000e+01 -1.602171141268270496e-02 7.343067446871729942e+01
7.300000000000000000e+01 -6.716359613989385247e-02 2.576575003376335715e+01
7.300000000000000000e+01 -3.021042671165491411e-01 7.776202058307216447e+00
7.400000000000000000e+01 3.900157824612011069e-03 1.215599777010635130e+01
7.400000000000000000e+01 -1.852253378381761226e-02 4.798261516221853640e+01
7.400000000000000000e+01 -1.622428943690667688e-02 7.311945428910595979e+01
7.400000000000000000e+01 -6.805077229372460956e-02 2.562310719960535366e+01
7.400000000000000000e+01 -3.065819513729060586e-01 7.927414885499077357e+00
7.500000000000000000e+01 7.440790749552030764e-03 1.190730472234563564e+01
7.500000000000000000e+01 -1.881085116417492709e-02 4.776068330262230432e+01
7.500000000000000000e+01 -1.642733817025693668e-02 7.281187751440002387e+01
7.500000000000000000e+01 -6.891210288033551568e-02 2.547847174137768533e+01
7.500000000000000000e+01 -3.117904374677760715e-01 8.083035542541344043e+00
7.600000000000000000e+01 1.179734600682061721e-02 1.166808874259476703e+01
7.600000000000000000e+01 -1.909076730751022716e-02 4.753618125204008038e+01
7.600000000000000000e+01 -1.663116685391737709e-02 7.250805824487078155e+01
7.600000000000000000e+01 -6.974740394978172497e-02 2.533186289516338263e+01
7.600000000000000000e+01 -3.178731715214108688e-01 8.241977384664146200e+00
7.700000000000000000e+01 1.705770150370300789e-02 1.144093662729629912e+01
7.700000000000000000e+01 -1.936182530178289299e-02 4.731065162919978206e+01
7.700000000000000000e+01 -1.683564764729397062e-02 7.220846284468916565e+01
7.700000000000000000e+01 -7.055188772501180816e-02 2.518354188260160598e+01
7.700000000000000000e+01 -3.248816679845262234e-01 8.403631472288093818e+00
7.800000000000000000e+01 2.326188359004792774e-02 1.122810382215445557e+01
7.800000000000000000e+01 -1.962409254895911351e-02 4.708415042247987969e+01
7.800000000000000000e+01 -1.704176754242945138e-02 7.191393992238855049e+01
7.800000000000000000e+01 -7.132742275145922961e-02 2.503399992464705548e+01
7.800000000000000000e+01 -3.328662562850556728e-01 8.566241468940756221e+00
7.900000000000000000e+01 3.034156573398376702e-02 1.103096802262674636e+01
7.900000000000000000e+01 -1.987556626892492476e-02 4.685504095881307052e+01
7.900000000000000000e+01 -1.724830259650839831e-02 7.162349960830947282e+01
7.900000000000000000e+01 -7.206700518355316221e-02 2.488256211025610298e+01
7.900000000000000000e+01 -3.417680409155254839e-01 8.726395085551061470e+00
8.000000000000000000e+01 3.811006560415080430e-02 1.085095153989373884e+01
8.000000000000000000e+01 -2.011482228713420278e-02 4.662249633874989740e+01
8.000000000000000000e+01 -1.745477392227915911e-02 7.133666221795301965e+01
8.000000000000000000e+01 -7.276504430284176650e-02 2.472888072787706903e+01
8.000000000000000000e+01 -3.514134508927213574e-01 8.881369248490738499e+00
8.100000000000000000e+01 4.632530496229737837e-02 1.069016806438468414e+01
8.100000000000000000e+01 -2.034265834480090962e-02 4.638915036266128311e+01
8.100000000000000000e+01 -1.766331172842815211e-02 7.105571012773746986e+01
8.100000000000000000e+01 -7.342608043618040203e-02 2.457441233089046762e+01
8.100000000000000000e+01 -3.615637255817958917e-01 9.031370809278673306e+00
8.200000000000000000e+01 5.469598011393891207e-02 1.054705022764613886e+01
8.200000000000000000e+01 -2.055649727337858015e-02 4.615273454720316693e+01
8.200000000000000000e+01 -1.787224625863985741e-02 7.077901317899524258e+01
8.200000000000000000e+01 -7.403949828097844410e-02 2.441806369410486255e+01
8.200000000000000000e+01 -3.719597383798580181e-01 9.174325109446819226e+00
8.300000000000000000e+01 6.295854275579604309e-02 1.041983352678800223e+01
8.300000000000000000e+01 -2.075469634187777565e-02 4.591223787813034818e+01
8.300000000000000000e+01 -1.808094565571486539e-02 7.050588998164327847e+01
8.300000000000000000e+01 -7.459747277002980181e-02 2.425933619015920684e+01
8.300000000000000000e+01 -3.823688256922514461e-01 9.309881677922028587e+00
