1.000000000000000000e+01 -1.346268419953088790e-05 1.118651035116750450e+02
1.000000000000000000e+01 -3.883293682602755904e-03 4.127009507431455404e+01
1.000000000000000000e+01 -4.694372971368192954e-02 4.454295396941676088e+00
1.000000000000000000e+01 -7.567313616458509230e-03 2.936249658286795494e+01
1.000000000000000000e+01 -3.945160468863435563e-03 8.336739246136185955e+01
1.000000000000000000e+01 -6.018372154414396435e-01 7.479757428494536953e+00
1.000000000000000000e+01 -1.000000000000000000e+00 4.540591149289282313e+00
1.000000000000000000e+01 -8.951687454006517219e-01 6.032765198908585091e+00
1.000000000000000000e+01 -1.000000000000000000e+00 5.758237537084860413e+00
1.000000000000000000e+01 -1.000000000000000000e+00 6.580310377760693719e+00
1.000000000000000000e+01 -8.891451210325744814e-01 8.509452410689419821e+00
1.100000000000000000e+01 -1.247150024788113671e-05 1.121747958781945584e+02
1.100000000000000000e+01 -4.262129407233248776e-03 4.125596088818767981e+01
1.100000000000000000e+01 -5.215325256110085045e-02 4.455433885955462969e+00
1.100000000000000000e+01 -8.305359474385043406e-03 2.937322290796354096e+01
1.100000000000000000e+01 -3.975264895453442353e-03 8.349644649732705659e+01
1.100000000000000000e+01 -1.000000000000000000e+00 4.987025837719804677e+00
1.100000000000000000e+01 -6.043603976522237131e-01 8.286387287371498545e+00
1.100000000000000000e+01 -8.970885332653665278e-01 6.686330548440971633e+00
1.100000000000000000e+01 -1.000000000000000000e+00 6.342073737623816321e+00
1.100000000000000000e+01 -1.000000000000000000e+00 7.281214426760863390e+00
1.200000000000000000e+01 -1.166653601122269798e-05 1.124118398793411586e+02
1.200000000000000000e+01 -4.652353844344910526e-03 4.123497922736208920e+01
1.200000000000000000e+01 -5.741192284035333965e-02 4.456435042863820861e+00
1.200000000000000000e+01 -9.073347815931807198e-03 2.938269273935052794e+01
1.200000000000000000e+01 -4.038699246727301545e-03 8.359603024951937300e+01
1.200000000000000000e+01 -1.000000000000000000e+00 5.432270645745123083e+00
1.200000000000000000e+01 -6.075418004366528457e-01 9.106902832563093853e+00
1.200000000000000000e+01 -8.994591673895734329e-01 7.345504464084230634e+00
1.200000000000000000e+01 -1.000000000000000000e+00 6.922665918168164900e+00
1.300000000000000000e+01 -1.101925391039734526e-05 1.125968719173927042e+02
1.300000000000000000e+01 -5.053280930061387552e-03 4.120820147699866709e+01
1.300000000000000000e+01 -6.272124107138267457e-02 4.457289417892665639e+00
1.300000000000000000e+01 -9.868476739291235159e-03 2.939125632709454550e+01
1.300000000000000000e+01 -4.128369539543306523e-03 8.367467006113629679e+01
1.300000000000000000e+01 -1.000000000000000000e+00 5.876352881064082823e+00
1.300000000000000000e+01 -6.115103396156333915e-01 9.939307503514655195e+00
1.300000000000000000e+01 -9.021494631846389556e-01 8.006102199704377753e+00
1.300000000000000000e+01 -1.000000000000000000e+00 7.497630775979647666e+00
1.400000000000000000e+01 -1.051188374032541565e-05 1.127436433351857943e+02
1.400000000000000000e+01 -5.464339567955753089e-03 4.117629095107876225e+01
1.400000000000000000e+01 -6.808211206153373662e-02 4.458001366626214157e+00
1.400000000000000000e+01 -1.068881726607520156e-02 2.939914455639361179e+01
1.400000000000000000e+01 -4.239027013149213735e-03 8.373803053967453991e+01
1.400000000000000000e+01 -1.000000000000000000e+00 6.318785872863213804e+00
1.400000000000000000e+01 -6.173665613232799387e-01 1.080816422281656841e+01
1.400000000000000000e+01 -9.048206806869366625e-01 8.660931386873633286e+00
1.500000000000000000e+01 -1.013520456920131254e-05 1.128615791158140809e+02
1.500000000000000000e+01 -5.885057046457521819e-03 4.113970630359227698e+01
1.500000000000000000e+01 -7.349542656796419215e-02 4.458582043135722373e+00
1.500000000000000000e+01 -1.153274058807470664e-02 2.940652580481738099e+01
1.500000000000000000e+01 -4.367000589842295021e-03 8.378998382909614406e+01
1.500000000000000000e+01 -1.000000000000000000e+00 6.760592543174658076e+00
1.500000000000000000e+01 -6.228361209220457662e-01 1.165001565308273790e+01
1.600000000000000000e+01 -9.886786147581606469e-06 1.129572943314668265e+02
1.600000000000000000e+01 -6.315011665903896843e-03 4.109872627673582457e+01
1.600000000000000000e+01 -7.896247813427759166e-02 4.459042012852632020e+00
1.600000000000000000e+01 -1.239932225951951954e-02 2.941350644213878240e+01
1.600000000000000000e+01 -4.509269461475885928e-03 8.383325512855400063e+01
1.600000000000000000e+01 -1.000000000000000000e+00 7.201042240275314477e+00
1.600000000000000000e+01 -6.286798416923917721e-01 1.248945485024624347e+01
1.700000000000000000e+01 -9.770163594509032853e-06 1.130355255196793394e+02
1.700000000000000000e+01 -6.753811555598394738e-03 4.105354050135705535e+01
1.700000000000000000e+01 -8.448507760564601121e-02 4.459390195692871650e+00
1.700000000000000000e+01 -1.328781247065477338e-02 2.942016236668437656e+01
1.700000000000000000e+01 -4.663582323626500048e-03 8.386980249437702639e+01
1.700000000000000000e+01 -1.000000000000000000e+00 7.640209873592995748e+00
1.800000000000000000e+01 -9.794244092558453515e-06 1.130997202681817129e+02
1.800000000000000000e+01 -7.201007470675922437e-03 4.100426897219777800e+01
1.800000000000000000e+01 -9.006559527591960490e-02 4.459632911797434041e+00
1.800000000000000000e+01 -4.828174927754834075e-03 8.390106113130298127e+01
1.800000000000000000e+01 -1.419765910351507808e-02 2.942654502039670916e+01
1.900000000000000000e+01 -9.973028566279991533e-06 1.131524206749954260e+02
1.900000000000000000e+01 -7.656103261372578135e-03 4.095098385922789674e+01
1.900000000000000000e+01 -5.001645035272958041e-03 8.392810248660495631e+01
1.900000000000000000e+01 -9.570686472275735657e-02 4.459778067610187691e+00
1.900000000000000000e+01 -1.512846027901158623e-02 2.943269087719349031e+01
2.000000000000000000e+01 -1.032551239896624431e-05 1.131955191457188477e+02
2.000000000000000000e+01 -8.118516286778539384e-03 4.089372258799478033e+01
2.000000000000000000e+01 -5.182864675314838472e-03 8.395173903471037136e+01
2.000000000000000000e+01 -1.014122292377877682e-01 4.459829896384092329e+00
2.000000000000000000e+01 -1.607993798990699566e-02 2.943862675018420560e+01
2.100000000000000000e+01 -1.087579235792023632e-05 1.132304317991595610e+02
2.100000000000000000e+01 -8.587562743429736148e-03 4.083249831325055368e+01
2.100000000000000000e+01 -5.370915664704324979e-03 8.397259606518052522e+01
2.100000000000000000e+01 -1.071853928319103227e-01 4.459794809921115544e+00
2.100000000000000000e+01 -1.705193699300016144e-02 2.944437476366278261e+01
2.200000000000000000e+01 -1.165324820898781919e-05 1.132582192075238510e+02
2.200000000000000000e+01 -9.062451200184735989e-03 4.076730667331077029e+01
2.200000000000000000e+01 -5.565042507067588518e-03 8.399116093197392274e+01
2.200000000000000000e+01 -1.130304451201751270e-01 4.459677907639608030e+00
2.200000000000000000e+01 -1.804443996534728367e-02 2.944995459521324221e+01
2.300000000000000000e+01 -1.269284698439422270e-05 1.132796711750741991e+02
2.300000000000000000e+01 -9.542285619993975607e-03 4.069813115813413162e+01
2.300000000000000000e+01 -5.764616898007591216e-03 8.400781795638705773e+01
2.300000000000000000e+01 -1.189517960694811971e-01 4.459484700807823110e+00
2.300000000000000000e+01 -1.905759040635214563e-02 2.945538507727154709e+01
2.400000000000000000e+01 -1.403556911607125592e-05 1.132953673768808898e+02
2.400000000000000000e+01 -1.002601710406087962e-02 4.062494802145077699e+01
2.400000000000000000e+01 -5.969116928028191625e-03 8.402287630175575828e+01
2.400000000000000000e+01 -1.249542015686888746e-01 4.459219633904156765e+00
2.400000000000000000e+01 -2.009173383027314935e-02 2.946068281414973811e+01
2.500000000000000000e+01 -1.572868273433326692e-05 1.133057211755912306e+02
2.500000000000000000e+01 -1.051272162884084316e-02 4.054772294103383956e+01
2.500000000000000000e+01 -6.178085267938709241e-03 8.403657576050675004e+01
2.500000000000000000e+01 -1.310426328299322540e-01 4.458888985290426099e+00
2.500000000000000000e+01 -2.114735279548696223e-02 2.946586945881318798e+01
2.600000000000000000e+01 -1.782657315947114965e-05 1.133110114448005987e+02
2.600000000000000000e+01 -1.100116875075973083e-02 4.046642259097670546e+01
2.600000000000000000e+01 -6.391140715231297814e-03 8.404912026921554968e+01
2.600000000000000000e+01 -1.372224189829045760e-01 4.458496924728919453e+00
2.600000000000000000e+01 -2.222522681796567506e-02 2.947095948079328309e+01
2.700000000000000000e+01 -2.039102891895188055e-05 1.133114067066333348e+02
2.700000000000000000e+01 -1.149019419099892546e-02 4.038100766798879704e+01
2.700000000000000000e+01 -6.607954789691245640e-03 8.406067271780857197e+01
2.700000000000000000e+01 -1.434991625169904361e-01 4.458048331667538555e+00
2.700000000000000000e+01 -2.332631213270820042e-02 2.947596835957623540e+01
2.800000000000000000e+01 -2.349205554753443177e-05 1.133069815610589330e+02
2.800000000000000000e+01 -1.197858620102534334e-02 4.029143630950530053e+01
2.800000000000000000e+01 -6.828239649358507773e-03 8.407136769162089251e+01
2.800000000000000000e+01 -1.498788192393020191e-01 4.457546023207432206e+00
2.800000000000000000e+01 -2.445177713540877540e-02 2.948090865662313576e+01
2.900000000000000000e+01 -2.720857988386413012e-05 1.132977300557102609e+02
2.900000000000000000e+01 -1.246507831868236445e-02 4.019766220873373896e+01
2.900000000000000000e+01 -7.051753447638128836e-03 8.408131814218218381e+01
2.900000000000000000e+01 -1.563679417606240185e-01 4.456985639023221424e+00
2.900000000000000000e+01 -2.560297260677411174e-02 2.948578836691759619e+01
3.000000000000000000e+01 -3.162886914899574483e-05 1.132835749483035954e+02
3.000000000000000000e+01 -1.294843456759757309e-02 4.009963622480400858e+01
3.000000000000000000e+01 -7.278258987161250436e-03 8.409061373768673775e+01
3.000000000000000000e+01 -1.629727246795774631e-01 4.456380414522731925e+00
3.000000000000000000e+01 -2.678150391595124011e-02 2.949061766609500879e+01
3.100000000000000000e+01 -3.685173847992227004e-05 1.132643745441556575e+02
3.100000000000000000e+01 -1.342730394164159437e-02 3.999730412279045311e+01
3.100000000000000000e+01 -7.507567229012355667e-03 8.409933429790660853e+01
3.100000000000000000e+01 -1.697002148880942252e-01 4.455730665539399560e+00
3.100000000000000000e+01 -2.798908847337637160e-02 2.949539844910178843e+01
3.200000000000000000e+01 -4.298717035250930045e-05 1.132399274748527347e+02
3.200000000000000000e+01 -1.390025995375800301e-02 3.989060314832705956e+01
3.200000000000000000e+01 -7.739515831158124727e-03 8.410754615221944164e+01
3.200000000000000000e+01 -1.765588362881193030e-01 4.455013259688312743e+00
3.200000000000000000e+01 -2.922762897236070093e-02 2.950012709643916864e+01
3.300000000000000000e+01 -5.015666928407413777e-05 1.132099759000007992e+02
3.300000000000000000e+01 -1.436585114287646132e-02 3.977947192477486738e+01
3.300000000000000000e+01 -7.973932191800947936e-03 8.411530294852116185e+01
3.300000000000000000e+01 -1.835545789729991772e-01 4.454272570227222339e+00
3.300000000000000000e+01 -3.049923751302524577e-02 2.950480772138885399e+01
3.400000000000000000e+01 -5.849478946843672907e-05 1.131742081603903216e+02
3.400000000000000000e+01 -1.482240854414697794e-02 3.966383455488488607e+01
3.400000000000000000e+01 -8.210687886581059802e-03 8.412265290451989586e+01
3.400000000000000000e+01 -1.906967427354648026e-01 4.453484122526688793e+00
3.400000000000000000e+01 -3.180616591656297565e-02 2.950942984314862372e+01
3.500000000000000000e+01 -6.814923985846985176e-05 1.131322597782008614e+02
3.500000000000000000e+01 -1.526808545773454366e-02 3.954361105031179591e+01
3.500000000000000000e+01 -8.449658441241795354e-03 8.412963620778852203e+01
3.500000000000000000e+01 -1.979941404863151677e-01 4.452647914950004449e+00
3.500000000000000000e+01 -3.315087594490693373e-02 2.951398519355516115e+01
3.600000000000000000e+01 -7.928193587342945484e-05 1.130837131371395543e+02
3.600000000000000000e+01 -1.570077739373809678e-02 3.941871523666470978e+01
3.600000000000000000e+01 -8.690733230843997528e-03 8.413628737052427198e+01
3.600000000000000000e+01 -2.054559186766137802e-01 4.451767701314785164e+00
3.600000000000000000e+01 -3.453603912604796822e-02 2.951846321180219945e+01
3.700000000000000000e+01 -9.206946306762766154e-05 1.130280981430264831e+02
3.700000000000000000e+01 -1.611806172633451287e-02 3.928905442487827315e+01
3.700000000000000000e+01 -8.933813452058176133e-03 8.414263608825048379e+01
3.700000000000000000e+01 -2.130918841253872931e-01 4.450845037233936985e+00
3.700000000000000000e+01 -3.596458195864322277e-02 2.952285033872557207e+01
3.800000000000000000e+01 -1.067035142642575870e-04 1.129648913881099901e+02
3.800000000000000000e+01 -1.651713044421234539e-02 3.915453028440964545e+01
3.800000000000000000e+01 -9.178810090198226412e-03 8.414870778270963569e+01
3.800000000000000000e+01 -2.209125139073298272e-01 4.449880296904454191e+00
3.800000000000000000e+01 -3.743972345404594781e-02 2.952713021516321845e+01
3.900000000000000000e+01 -1.233912232424538044e-04 1.128935150159108076e+02
3.900000000000000000e+01 -1.689471879568443455e-02 3.901504045471149595e+01
3.900000000000000000e+01 -9.425643250701370296e-03 8.415452437534636942e+01
3.900000000000000000e+01 -2.289289641086305338e-01 4.448873888856080150e+00
3.900000000000000000e+01 -3.896502225158852278e-02 2.953128332584048721e+01
4.000000000000000000e+01 -1.423552214424072865e-04 1.128133356476551370e+02
4.000000000000000000e+01 -1.724703290189271571e-02 3.887048036567687603e+01
4.000000000000000000e+01 -9.674242187578431518e-03 8.416010483845312251e+01
4.000000000000000000e+01 -2.371531338045252679e-01 4.447826150199520434e+00
4.000000000000000000e+01 -4.054443237659312305e-02 2.953528615043872207e+01
4.100000000000000000e+01 -1.638332079867585141e-04 1.127236630661246153e+02
4.100000000000000000e+01 -1.756975874626642842e-02 3.872074463057671778e+01
4.100000000000000000e+01 -9.924534491025533214e-03 8.416546885817479051e+01
4.100000000000000000e+01 -2.455910350134993814e-01 4.446847356843590227e+00
4.100000000000000000e+01 -4.218220722471319878e-02 2.953913308655977943e+01
4.200000000000000000e+01 -1.880938650852787648e-04 1.126237493333857032e+02
4.200000000000000000e+01 -1.786023155374667770e-02 3.856649258753711251e+01
4.200000000000000000e+01 -1.017615328141548842e-02 8.417052546556659820e+01
4.200000000000000000e+01 -2.543087862081904182e-01 4.445675408252259153e+00
4.200000000000000000e+01 -4.388694081184277285e-02 2.954265592166806087e+01
4.300000000000000000e+01 -2.156914861695416420e-04 1.125113435223103409e+02
4.300000000000000000e+01 -1.810717372681067139e-02 3.840685511297063925e+01
4.300000000000000000e+01 -1.043177068291465011e-02 8.417560421620486011e+01
4.300000000000000000e+01 -2.634531225196530824e-01 4.444621169201106170e+00
4.300000000000000000e+01 -4.565087301702389772e-02 2.954594038465360839e+01
4.400000000000000000e+01 -2.463498328515127808e-04 1.123882072474904135e+02
4.400000000000000000e+01 -1.830739251391832328e-02 3.824104418135223682e+01
4.400000000000000000e+01 -1.068664850371473657e-02 8.418035664338461288e+01
4.400000000000000000e+01 -2.726455808593066243e-01 4.443413805688611440e+00
4.400000000000000000e+01 -4.750103069364899205e-02 2.954907819091853938e+01
4.500000000000000000e+01 -2.806316971736804843e-04 1.122521888995846666e+02
4.500000000000000000e+01 -1.845279034014049233e-02 3.806962122516649316e+01
4.500000000000000000e+01 -1.094274582884433369e-02 8.418492505619408917e+01
4.500000000000000000e+01 -2.821357076794254182e-01 4.442169288262753035e+00
4.500000000000000000e+01 -4.943017481203156732e-02 2.955176186462620436e+01
4.600000000000000000e+01 -3.188173934310994874e-04 1.121022733163672456e+02
4.600000000000000000e+01 -1.853526096669888198e-02 3.789270134109995780e+01
4.600000000000000000e+01 -1.120061868962865005e-02 8.418933677983714858e+01
4.600000000000000000e+01 -2.919274656680553304e-01 4.440884692842256065e+00
4.600000000000000000e+01 -5.144868395356578389e-02 2.955397051492883520e+01
4.700000000000000000e+01 -3.612154051240229957e-04 1.119373995264932091e+02
4.700000000000000000e+01 -1.854496571625634596e-02 3.771015838633472583e+01
4.700000000000000000e+01 -1.146006410738498703e-02 8.419358995428159176e+01
4.700000000000000000e+01 -3.020392506935354326e-01 4.439560269621730448e+00
4.700000000000000000e+01 -5.356616465048488068e-02 2.955560332139415536e+01
4.800000000000000000e+01 -4.081171033175606117e-04 1.117564327610626407e+02
4.800000000000000000e+01 -1.847134785654240899e-02 3.752208634508378537e+01
4.800000000000000000e+01 -1.172155827277279565e-02 8.419773484188901591e+01
4.800000000000000000e+01 -3.124819496841838573e-01 4.438189526342466884e+00
4.800000000000000000e+01 -5.579103881801772413e-02 2.955650781642384572e+01
4.900000000000000000e+01 -4.598423177003663600e-04 1.115581655565020753e+02
4.900000000000000000e+01 -1.830221595690922909e-02 3.732836431376254893e+01
4.900000000000000000e+01 -1.198369134216814916e-02 8.420165294925399735e+01
4.900000000000000000e+01 -3.233108249794868216e-01 4.436806346723352057e+00
4.900000000000000000e+01 -5.813854759195548338e-02 2.955652380012324798e+01
5.000000000000000000e+01 -5.166428468697194156e-04 1.113414354707267506e+02
5.000000000000000000e+01 -1.802435772063689517e-02 3.712913536139716797e+01
5.000000000000000000e+01 -1.224791840953670836e-02 8.420546670805676115e+01
5.000000000000000000e+01 -3.345174304877727711e-01 4.435367716198920007e+00
5.000000000000000000e+01 -6.061767765771778477e-02 2.955540914530754648e+01
5.100000000000000000e+01 -5.788091206771753998e-04 1.111047555325044698e+02
5.100000000000000000e+01 -1.762360733440759483e-02 3.692468197832224064e+01
5.100000000000000000e+01 -1.251432520547654352e-02 8.420919347708552039e+01
5.100000000000000000e+01 -3.461300720295043543e-01 4.433885953684774783e+00
5.100000000000000000e+01 -6.323983777141882479e-02 2.955283147860107817e+01
5.200000000000000000e+01 -6.465841869787918939e-04 1.108468058539981911e+02
5.200000000000000000e+01 -1.708386505273670405e-02 3.671505057811715034e+01
5.200000000000000000e+01 -1.278086113834494067e-02 8.421266056699153069e+01
5.200000000000000000e+01 -3.582110961968016372e-01 4.432387391671023025e+00
5.200000000000000000e+01 -6.602974017417524710e-02 2.954851150172963514e+01
5.300000000000000000e+01 -7.201553974514780798e-04 1.105661464580439315e+02
5.300000000000000000e+01 -1.638885411209588250e-02 3.650078659914056090e+01
5.300000000000000000e+01 -1.304943422609515687e-02 8.421602976954093833e+01
5.300000000000000000e+01 -3.707599093467224272e-01 4.430848514954626616e+00
5.300000000000000000e+01 -6.899396154657916336e-02 2.954187147396260471e+01
5.400000000000000000e+01 -7.996882160493687212e-04 1.102613314163602354e+02
5.400000000000000000e+01 -1.552034260070618392e-02 3.628211048879497724e+01
5.400000000000000000e+01 -1.332016452953703640e-02 8.421928343159619601e+01
5.400000000000000000e+01 -3.838203699330935414e-01 4.429276013122079192e+00
5.400000000000000000e+01 -7.215232453420883374e-02 2.953233905100928780e+01
5.500000000000000000e+01 -8.852894655559630710e-04 1.099307174376286156e+02
5.500000000000000000e+01 -1.446212622444546965e-02 3.605990516291210213e+01
5.500000000000000000e+01 -1.359201562134783325e-02 8.422236131601007969e+01
5.500000000000000000e+01 -3.974344878543574211e-01 4.427679097715499168e+00
5.500000000000000000e+01 -7.552159674431985215e-02 2.951915101315137235e+01
5.600000000000000000e+01 -9.769893476849337340e-04 1.095727890156733082e+02
5.600000000000000000e+01 -1.319758436009441441e-02 3.583481103874275675e+01
5.600000000000000000e+01 -1.386630586929349894e-02 8.422534923878384916e+01
5.600000000000000000e+01 -4.116293948922994383e-01 4.426046324780632091e+00
5.600000000000000000e+01 -7.911126072631154138e-02 2.950131646630097038e+01
5.700000000000000000e+01 -1.074738973891083875e-03 1.091859177224696253e+02
5.700000000000000000e+01 -1.171225620392820146e-02 3.560767594441123407e+01
5.700000000000000000e+01 -1.414163827155598754e-02 8.422810920531156853e+01
5.700000000000000000e+01 -4.264909655043652714e-01 4.424412916730902090e+00
5.700000000000000000e+01 -8.295115387942313123e-02 2.947786854462381356e+01
5.800000000000000000e+01 -1.178423822318087379e-03 1.087683802752754190e+02
5.800000000000000000e+01 -9.999049285805116857e-03 3.537989114551967873e+01
5.800000000000000000e+01 -1.441906977692648979e-02 8.423073817467171409e+01
5.800000000000000000e+01 -4.420329697686821713e-01 4.422757907588295012e+00
5.800000000000000000e+01 -8.703220399806671503e-02 2.944732728510940589e+01
5.900000000000000000e+01 -1.287775627430763278e-03 1.083186601320776106e+02
5.900000000000000000e+01 -8.055636311321095339e-03 3.515259120218549072e+01
5.900000000000000000e+01 -1.469887872519121466e-02 8.423324516387845051e+01
5.900000000000000000e+01 -4.583096424562142501e-01 4.421081181360531964e+00
5.900000000000000000e+01 -9.135316922604047596e-02 2.940818262158099117e+01
6.000000000000000000e+01 -1.472736149703261169e-03 1.074147097424953898e+02
6.000000000000000000e+01 -5.782294960013237631e-03 3.491525355161185473e+01
6.000000000000000000e+01 -1.498705306560993954e-02 8.423399698589737739e+01
6.000000000000000000e+01 -4.751980512556911451e-01 4.421662442387109593e+00
6.000000000000000000e+01 -9.598283955480613194e-02 2.935851892023109855e+01
6.100000000000000000e+01 -3.386579189255780990e-03 3.469119705117394403e+01
6.100000000000000000e+01 -1.598400368943585573e-03 1.068364819361583216e+02
6.100000000000000000e+01 -1.527247429814557363e-02 8.423592192999038275e+01
6.100000000000000000e+01 -4.931310152350207310e-01 4.420243617989813245e+00
6.100000000000000000e+01 -1.007727524227851335e-01 2.929701641945540302e+01
6.200000000000000000e+01 -8.107498522479602860e-04 3.447125092493792664e+01
6.200000000000000000e+01 -1.727917868435854733e-03 1.062142685290939852e+02
6.200000000000000000e+01 -1.556157176084247903e-02 8.423765634457922147e+01
6.200000000000000000e+01 -5.120336546331966110e-01 4.418878253936402878e+00
6.200000000000000000e+01 -1.057591499020864578e-01 2.922204812765865611e+01
6.300000000000000000e+01 1.906662511078982243e-03 3.425624724369225760e+01
6.300000000000000000e+01 -1.860209286338403547e-03 1.055457916189239143e+02
6.300000000000000000e+01 -1.585439471924106336e-02 8.423919405237633384e+01
6.300000000000000000e+01 -5.319779482047118924e-01 4.417568863081546837e+00
6.300000000000000000e+01 -1.108924298689224486e-01 2.913210964326033547e+01
6.400000000000000000e+01 4.722761862731615114e-03 3.404655225881148795e+01
6.400000000000000000e+01 -1.993846626527902982e-03 1.048292787904721592e+02
6.400000000000000000e+01 -1.615227599518496981e-02 8.424056644331065513e+01
6.400000000000000000e+01 -5.530804107746353226e-01 4.416346042032860630e+00
6.400000000000000000e+01 -1.161331613945806307e-01 2.902602654327240117e+01
6.500000000000000000e+01 7.700178279374896712e-03 3.383109622649490689e+01
6.500000000000000000e+01 -2.170762363562703939e-03 1.036687024449667547e+02
6.500000000000000000e+01 -1.646430761511031779e-02 8.424001759020512736e+01
6.500000000000000000e+01 -5.751263930975413219e-01 4.417314412647504795e+00
6.500000000000000000e+01 -1.214649955113916435e-01 2.890058855722839226e+01
6.600000000000000000e+01 1.058621147824463302e-02 3.363044568681411306e+01
6.600000000000000000e+01 -2.302449046523820202e-03 1.027901806635630777e+02
6.600000000000000000e+01 -1.677597977373892699e-02 8.424072083905430475e+01
6.600000000000000000e+01 -5.987750560734481642e-01 4.416570144313772595e+00
6.600000000000000000e+01 -1.267377058455375349e-01 2.875882025655159779e+01
6.700000000000000000e+01 1.344204299302321180e-02 3.343319673221818533e+01
6.700000000000000000e+01 -2.430434507565641406e-03 1.018163247681210066e+02
6.700000000000000000e+01 -1.709759740543173590e-02 8.424108329553233432e+01
6.700000000000000000e+01 -6.238969764313088140e-01 4.416183219254592451e+00
6.700000000000000000e+01 -1.319511771249740339e-01 2.859832636494588343e+01
6.800000000000000000e+01 1.621307514248213413e-02 3.324024093788275280e+01
6.800000000000000000e+01 -2.545520575396644728e-03 1.008058054883532293e+02
6.800000000000000000e+01 -1.743062805298651111e-02 8.424147588370530571e+01
6.800000000000000000e+01 -6.507163536145139648e-01 4.415879853884493222e+00
6.800000000000000000e+01 -1.370545632082328658e-01 2.841906282074669932e+01
6.900000000000000000e+01 1.896624807936552262e-02 3.303904056077842455e+01
6.900000000000000000e+01 -2.658590104123102239e-03 9.937723903878992360e+01
6.900000000000000000e+01 -1.779456831177794046e-02 8.424009771288497461e+01
6.900000000000000000e+01 -6.790265738763606729e-01 4.417631117608045166e+00
6.900000000000000000e+01 -1.420115611567576153e-01 2.821656308620818621e+01
7.000000000000000000e+01 2.149245877999229545e-02 3.284845160971774902e+01
7.000000000000000000e+01 -2.729629377850956162e-03 9.817500670753969416e+01
7.000000000000000000e+01 -1.816812487925946115e-02 8.424017531482179777e+01
7.000000000000000000e+01 -7.096029066574096600e-01 4.418155016344699426e+00
7.000000000000000000e+01 -1.467132103669774312e-01 2.799691106961742548e+01
7.100000000000000000e+01 2.391623613356167605e-02 3.264906195058954097e+01
7.100000000000000000e+01 -2.758575997232782118e-03 9.662404904586681198e+01
7.100000000000000000e+01 -1.859770697256825367e-02 8.423943739864857605e+01
7.100000000000000000e+01 -7.421542255021721379e-01 4.420503449682071206e+00
7.100000000000000000e+01 -1.511545479052149588e-01 2.775257265282856167e+01
7.200000000000000000e+01 2.608283300459199663e-02 3.245613934970851489e+01
7.200000000000000000e+01 -2.728095682286451988e-03 9.521737784762494528e+01
7.200000000000000000e+01 -1.906116952300317482e-02 8.424035275953157509e+01
7.200000000000000000e+01 -7.773754753230984749e-01 4.422121094782235140e+00
7.200000000000000000e+01 -1.552259999732056583e-01 2.748934032663439098e+01
7.300000000000000000e+01 2.802963254674346177e-02 3.226037583544009379e+01
7.300000000000000000e+01 -2.605333156277924236e-03 9.370512572156904696e+01
7.300000000000000000e+01 -1.960763070808390490e-02 8.424247667555414409e+01
7.300000000000000000e+01 -8.153278745399340499e-01 4.424385666701774689e+00
7.300000000000000000e+01 -1.588742829657044386e-01 2.720275698971402889e+01
7.400000000000000000e+01 2.976611496249340072e-02 3.205200526417161200e+01
7.400000000000000000e+01 -2.267792265234850821e-03 9.185747931959112123e+01
7.400000000000000000e+01 -2.036720849263684574e-02 8.424655653763576879e+01
7.400000000000000000e+01 -8.560144371909428340e-01 4.428590635858245861e+00
7.400000000000000000e+01 -1.619849522794664376e-01 2.688703811657493503e+01
7.500000000000000000e+01 3.116627230359910947e-02 3.184729116581215891e+01
7.500000000000000000e+01 -1.636577496933426436e-03 9.013248893688736985e+01
7.500000000000000000e+01 -2.139795496988135259e-02 8.425345694736726898e+01
7.500000000000000000e+01 -9.003263596648715117e-01 4.432350174867107917e+00
7.500000000000000000e+01 -1.644676011578913855e-01 2.654953646001350975e+01
7.600000000000000000e+01 3.225811639096235611e-02 3.162683316436299208e+01
7.600000000000000000e+01 -4.385433136371893185e-05 8.809843090789952669e+01
7.600000000000000000e+01 -2.337981986319330463e-02 8.424754241596295401e+01
7.600000000000000000e+01 -9.479893738230368294e-01 4.438160361475953941e+00
7.600000000000000000e+01 -1.661047376018241484e-01 2.617859903816702527e+01
7.700000000000000000e+01 3.293920493146733353e-02 3.139889814074634700e+01
7.700000000000000000e+01 3.196432114557445480e-03 8.614060916401516010e+01
7.700000000000000000e+01 -2.699153902129832958e-02 8.408641305343424222e+01
7.700000000000000000e+01 -1.667268699599161186e-01 2.577720682970348420e+01
7.700000000000000000e+01 -9.995271439752818621e-01 4.445344473361671156e+00
7.700000000000000000e+01 -9.995271439752855258e-01 4.445344473425177689e+00
7.800000000000000000e+01 3.315042919110002678e-02 3.116916500811574409e+01
7.800000000000000000e+01 4.757817369475766944e-03 8.458216192628469798e+01
7.800000000000000000e+01 -2.891024299684542831e-02 8.356479963082165341e+01
7.800000000000000000e+01 -1.000000000000000000e+00 3.189731979185128186e+00
7.800000000000000000e+01 -1.661740325876234492e-01 2.534848248543705296e+01
7.800000000000000000e+01 -1.000000000000000000e+00 6.211578799713145749e+00
7.900000000000000000e+01 3.278897662823354597e-02 3.092088961281671189e+01
7.900000000000000000e+01 -2.899351154870544005e-03 8.295554524239038585e+01
7.900000000000000000e+01 -2.160261529974986938e-02 8.283179448418611912e+01
7.900000000000000000e+01 -1.000000000000000000e+00 2.764336092397614575e+00
7.900000000000000000e+01 -1.639687262455735983e-01 2.487978300337773874e+01
7.900000000000000000e+01 -1.000000000000000000e+00 7.194894857327128079e+00
8.000000000000000000e+01 3.169234132052181629e-02 3.066184544567679993e+01
8.000000000000000000e+01 -8.152915486501308151e-03 7.983004261222257014e+01
8.000000000000000000e+01 -1.669593294368057132e-02 8.351806586882550221e+01
8.000000000000000000e+01 -1.000000000000000000e+00 2.481393161939017933e+00
8.000000000000000000e+01 -1.597883794795636470e-01 2.437046865588760625e+01
8.100000000000000000e+01 2.978541469212552320e-02 3.039143079569188188e+01
8.100000000000000000e+01 -7.375102612913330899e-03 7.720421872083819892e+01
8.100000000000000000e+01 -1.782826125834319556e-02 8.362313864152160647e+01
8.100000000000000000e+01 -1.000000000000000000e+00 2.248581346645631918e+00
8.100000000000000000e+01 -1.532254848771341105e-01 2.382691022884792176e+01
8.200000000000000000e+01 2.686030214917695461e-02 3.011142329256742656e+01
8.200000000000000000e+01 -7.023265945283987260e-03 7.461268272735057394e+01
8.200000000000000000e+01 -1.855985050389142091e-02 8.362246110403545174e+01
8.200000000000000000e+01 -1.000000000000000000e+00 2.057872367567858962e+00
8.200000000000000000e+01 -1.437728485073976603e-01 2.324439222360467383e+01
8.300000000000000000e+01 2.273008580649659924e-02 2.982499602442941367e+01
8.300000000000000000e+01 -6.897373668113714572e-03 7.200849649303607691e+01
8.300000000000000000e+01 -1.911247140211769571e-02 8.357585976171209552e+01
8.300000000000000000e+01 -1.000000000000000000e+00 1.898033784095518373e+00
8.300000000000000000e+01 -1.309324545170398035e-01 2.262172700001359971e+01
8.400000000000000000e+01 1.724080116607211097e-02 2.953815707953147296e+01
8.400000000000000000e+01 -6.943577017002355509e-03 6.939948727245962345e+01
8.400000000000000000e+01 -1.956712534187659766e-02 8.349607294056339413e+01
8.400000000000000000e+01 -1.000000000000000000e+00 1.763109799642218256e+00
8.400000000000000000e+01 -1.143057834945867407e-01 2.195756091997876780e+01
8.500000000000000000e+01 1.024487701450929426e-02 2.925513476353986420e+01
8.500000000000000000e+01 -7.159311390515907605e-03 6.676297588211710377e+01
8.500000000000000000e+01 -1.000000000000000000e+00 1.650963969843102452e+00
8.500000000000000000e+01 -1.996177128408042553e-02 8.338233944534867703e+01
8.500000000000000000e+01 -9.352646857377763800e-02 2.124534087530947701e+01
8.600000000000000000e+01 2.109744865403809580e-03 2.899522840427519199e+01
8.600000000000000000e+01 -7.547248784278139284e-03 6.424192597382258896e+01
8.600000000000000000e+01 -6.928129139603836362e-02 2.049529888500595831e+01
8.600000000000000000e+01 -1.000000000000000000e+00 1.557991417948314750e+00
8.600000000000000000e+01 -2.030628945387247253e-02 8.323668762927125897e+01
8.700000000000000000e+01 -6.963796361816827762e-03 2.875630967048345354e+01
8.700000000000000000e+01 -8.122669057856499869e-03 6.178823939625721096e+01
8.700000000000000000e+01 -4.194314009612292588e-02 1.970152545390820009e+01
8.700000000000000000e+01 -1.000000000000000000e+00 1.486050017285601266e+00
8.700000000000000000e+01 -2.061498406358579574e-02 8.304920199887096999e+01
8.800000000000000000e+01 -1.302013275965832606e-02 1.888330441358915834e+01
8.800000000000000000e+01 -1.625613310504921485e-02 2.854408478741166988e+01
8.800000000000000000e+01 -8.858930328911485824e-03 5.951057380159538468e+01
8.800000000000000000e+01 -1.000000000000000000e+00 1.433914717858856491e+00
8.800000000000000000e+01 -2.088851578874966267e-02 8.281892125599415522e+01
8.900000000000000000e+01 1.643301015629440240e-02 1.804961720929393820e+01
8.900000000000000000e+01 -9.725857153311947417e-03 5.740744174917309550e+01
8.900000000000000000e+01 -2.539915798302436190e-02 2.834812335354123647e+01
8.900000000000000000e+01 -1.000000000000000000e+00 1.403717394364765614e+00
8.900000000000000000e+01 -2.112923818721556754e-02 8.253667084270495025e+01
9.000000000000000000e+01 4.528443403728223127e-02 1.721421783065865796e+01
9.000000000000000000e+01 -1.067083071173132239e-02 5.549282316271649762e+01
9.000000000000000000e+01 -3.410600207947340340e-02 2.815668882796770589e+01
9.000000000000000000e+01 -1.000000000000000000e+00 1.397669497414669948e+00
9.000000000000000000e+01 -2.133707879451795034e-02 8.219388875112906589e+01
