1.000000000000000000e+01 1.824783143468121404e-04 5.402682000000000873e-01 3.514836784581674284e-03
1.100000000000000000e+01 2.215343329575731712e-04 5.402621000000000784e-01 4.262624567668312978e-03
1.200000000000000000e+01 2.646063933171424395e-04 5.402539000000000646e-01 5.085498069738009566e-03
1.300000000000000000e+01 3.117774978413196622e-04 5.402434000000001513e-01 5.984524409228694948e-03
1.400000000000000000e+01 3.633972327549434152e-04 5.402300000000000990e-01 6.965809658370782260e-03
1.500000000000000000e+01 4.191407730178001905e-04 5.402133000000001184e-01 8.022495417995659933e-03
1.600000000000000000e+01 4.792960595936122579e-04 5.401927000000000811e-01 9.159383198741108748e-03
1.700000000000000000e+01 5.440302596981022500e-04 5.401675000000001337e-01 1.037889156631128032e-02
1.800000000000000000e+01 6.134001297832498501e-04 5.401372000000000950e-01 1.168125587284491416e-02
1.900000000000000000e+01 6.875776753060587740e-04 5.401009000000001059e-01 1.306883534951626749e-02
2.000000000000000000e+01 7.667107152959706578e-04 5.400579000000000907e-01 1.454344474712799054e-02
2.100000000000000000e+01 8.509595709841804917e-04 5.400072000000001315e-01 1.610703835339854020e-02
2.200000000000000000e+01 9.404943549427037530e-04 5.399480000000000945e-01 1.776167008013854187e-02
2.300000000000000000e+01 1.035495255693794471e-03 5.398791000000000562e-01 1.950949344833504892e-02
2.400000000000000000e+01 1.136156096980978948e-03 5.397995000000000987e-01 2.135278142906496535e-02
2.500000000000000000e+01 1.242678392616691860e-03 5.397078000000000708e-01 2.329388670017344676e-02
2.600000000000000000e+01 1.355282783719940478e-03 5.396028000000001601e-01 2.533536121155517684e-02
2.700000000000000000e+01 1.474190811241338868e-03 5.394829000000000985e-01 2.747963670126514837e-02
2.800000000000000000e+01 1.599651028484091065e-03 5.393466000000001204e-01 2.972958409553318193e-02
2.900000000000000000e+01 1.731909300495797308e-03 5.391922000000001214e-01 3.208782411838810578e-02
3.000000000000000000e+01 1.879324407358886131e-03 5.390072000000001307e-01 3.470082002788617975e-02
3.100000000000000000e+01 2.027440816296735213e-03 5.388081000000001231e-01 3.730895256899219303e-02
3.200000000000000000e+01 2.183396549617432937e-03 5.385842000000000684e-01 4.003749985578433646e-02
3.300000000000000000e+01 2.347556233966401149e-03 5.383331000000001199e-01 4.289043825465038706e-02
3.400000000000000000e+01 2.520218165060563158e-03 5.380521000000001441e-01 4.587046585163189610e-02
3.500000000000000000e+01 2.701762661699105145e-03 5.377384000000000608e-01 4.898151813583187519e-02
3.600000000000000000e+01 2.892568570911754813e-03 5.373889000000000582e-01 5.222730035784591690e-02
3.700000000000000000e+01 3.096966692149023901e-03 5.369924000000001474e-01 5.567797201229249954e-02
3.800000000000000000e+01 3.308188203998147035e-03 5.365591000000000665e-01 5.921564579145479484e-02
3.900000000000000000e+01 3.529974065348759349e-03 5.360789000000001359e-01 6.290046833755483235e-02
4.000000000000000000e+01 3.762758461365315037e-03 5.355477000000000709e-01 6.673615201476294778e-02
4.100000000000000000e+01 4.006983401618751696e-03 5.349608000000001251e-01 7.072629862623157349e-02
4.200000000000000000e+01 4.263106821979200864e-03 5.343137000000001136e-01 7.487452916789816282e-02
4.300000000000000000e+01 4.531571499308351472e-03 5.336011000000001614e-01 7.918397475770057314e-02
4.400000000000000000e+01 4.812831774209470892e-03 5.328179000000000665e-01 8.365771583892933627e-02
4.500000000000000000e+01 5.107339416635450768e-03 5.319583000000001061e-01 8.829855260534016925e-02
4.600000000000000000e+01 5.419076531202704321e-03 5.310052000000000660e-01 9.316361494420512257e-02
4.700000000000000000e+01 5.741951559132124627e-03 5.299722000000001154e-01 9.815352546982461512e-02
4.800000000000000000e+01 6.079373238583873906e-03 5.288438000000000860e-01 1.033165218907305255e-01
4.900000000000000000e+01 6.431751960550375659e-03 5.276131000000000570e-01 1.086538944970155407e-01
5.000000000000000000e+01 6.799440814648709079e-03 5.262730000000001018e-01 1.141659051682938492e-01
5.100000000000000000e+01 7.182740802355202202e-03 5.248164000000000717e-01 1.198518371691042889e-01
5.200000000000000000e+01 7.581903666522634908e-03 5.232360000000001454e-01 1.257101752476440237e-01
5.300000000000000000e+01 7.997131691654326899e-03 5.215243000000001627e-01 1.317386056462356014e-01
5.400000000000000000e+01 8.428556011340061077e-03 5.196740000000000803e-01 1.379337168264824776e-01
5.500000000000000000e+01 8.876228020042075534e-03 5.176779000000001352e-01 1.442909999193579540e-01
5.600000000000000000e+01 9.342504105690393676e-03 5.155173000000000672e-01 1.508388705436645161e-01
5.700000000000000000e+01 9.822620593140304890e-03 5.132073000000001439e-01 1.575038773483722065e-01
5.800000000000000000e+01 1.031859522239097181e-02 5.107312000000001628e-01 1.643102479362162638e-01
5.900000000000000000e+01 1.083011974645037463e-02 5.080829000000001150e-01 1.712489861106230304e-01
6.000000000000000000e+01 1.135676746921073822e-02 5.052570000000000672e-01 1.783095998241549796e-01
6.100000000000000000e+01 1.189802512791817736e-02 5.022489000000001091e-01 1.854809006054980447e-01
6.200000000000000000e+01 1.245326948063523245e-02 4.990544000000001201e-01 1.927504039630531241e-01
6.300000000000000000e+01 1.302178972014880060e-02 4.956703000000001191e-01 2.001049290336806286e-01
6.400000000000000000e+01 1.360278423763358439e-02 4.920944000000000984e-01 2.075304986150749709e-01
6.500000000000000000e+01 1.419537508436147580e-02 4.883250000000001201e-01 2.150125386823276974e-01
6.600000000000000000e+01 1.479861544300419690e-02 4.843619000000001229e-01 2.225360782708424301e-01
6.700000000000000000e+01 1.541248030697489613e-02 4.802023000000001374e-01 2.300907044187605055e-01
6.800000000000000000e+01 1.603406395100779105e-02 4.758531000000000843e-01 2.376517353745095096e-01
6.900000000000000000e+01 1.666316616428928019e-02 4.713140000000001217e-01 2.452081665348876116e-01
7.000000000000000000e+01 1.729870631313342941e-02 4.665880000000001138e-01 2.527450339483165442e-01
7.100000000000000000e+01 1.793906209742066049e-02 4.616833000000001297e-01 2.602409932677385851e-01
7.200000000000000000e+01 1.858440513408002315e-02 4.565941000000001138e-01 2.676976376948451697e-01
7.300000000000000000e+01 1.923291506079907731e-02 4.513317000000001133e-01 2.750918307923553852e-01
7.400000000000000000e+01 1.988355599803229637e-02 4.459020000000001316e-01 2.824106090079178677e-01
7.500000000000000000e+01 2.053534316311290964e-02 4.403112000000001247e-01 2.896419073464187588e-01
7.600000000000000000e+01 2.118733863528680234e-02 4.345659000000001160e-01 2.967744594546919967e-01
7.700000000000000000e+01 2.183899507046654573e-02 4.286704000000001180e-01 3.038011842741693003e-01
7.800000000000000000e+01 2.248905940560165864e-02 4.226345000000001351e-01 3.107089293601351665e-01
7.900000000000000000e+01 2.313672391216025845e-02 4.164670000000000871e-01 3.174878234576228309e-01
8.000000000000000000e+01 2.378070863776989702e-02 4.101815000000000877e-01 3.241239144332497824e-01
8.100000000000000000e+01 2.442177052820711930e-02 4.037711000000001049e-01 3.306254740076405851e-01
8.200000000000000000e+01 2.505867725119373043e-02 3.972499000000001002e-01 3.369792485123915826e-01
8.300000000000000000e+01 2.569091974410957907e-02 3.906253000000001196e-01 3.431799573529103475e-01
8.400000000000000000e+01 2.631805402202675934e-02 3.839046000000000958e-01 3.492232177591386155e-01
8.500000000000000000e+01 2.693966853705837688e-02 3.770951000000001274e-01 3.551048455355340638e-01
8.600000000000000000e+01 2.755543251979665487e-02 3.702038000000000828e-01 3.608218538999486968e-01
8.700000000000000000e+01 2.816504140564966840e-02 3.632378000000000551e-01 3.663713548341331339e-01
8.800000000000000000e+01 2.876825570771774851e-02 3.562037000000000675e-01 3.717513581443719906e-01
