1.000000000000000000e+01 5.078502610757714732e-04 5.402452000000000920e-01 5.829159645614325445e-03
1.100000000000000000e+01 6.164789938057366539e-04 5.402282000000001583e-01 7.068636611794150600e-03
1.200000000000000000e+01 7.368945648951864911e-04 5.402057000000001219e-01 8.439667891201270422e-03
1.300000000000000000e+01 8.683300113080155615e-04 5.401766000000001178e-01 9.932616658037157764e-03
1.400000000000000000e+01 1.011378433617275609e-03 5.401396000000001640e-01 1.155332645663123027e-02
1.500000000000000000e+01 1.166351665540173036e-03 5.400934000000000568e-01 1.330432271891520031e-02
1.600000000000000000e+01 1.333536979456103428e-03 5.400364000000000830e-01 1.518774856266162133e-02
1.700000000000000000e+01 1.513240309213670191e-03 5.399670000000000858e-01 1.720585589315817496e-02
1.800000000000000000e+01 1.705785824669242209e-03 5.398833000000000659e-01 1.936099540223235049e-02
1.900000000000000000e+01 1.911520822524559850e-03 5.397833000000000769e-01 2.165567636954884856e-02
2.000000000000000000e+01 2.130802940208196238e-03 5.396648000000000556e-01 2.409238709367924822e-02
2.100000000000000000e+01 2.364017873363514696e-03 5.395255000000001022e-01 2.667384429698205564e-02
2.200000000000000000e+01 2.611556444297864678e-03 5.393627000000000837e-01 2.940265383310866273e-02
2.300000000000000000e+01 2.873840254572635009e-03 5.391737000000000890e-01 3.228169993242917951e-02
2.400000000000000000e+01 3.151285030910895135e-03 5.389555000000001428e-01 3.531362642253444567e-02
2.500000000000000000e+01 3.444344736145866278e-03 5.387048000000000947e-01 3.850132474074851457e-02
2.600000000000000000e+01 3.763261311495422288e-03 5.384086000000001260e-01 4.195380706733495974e-02
2.700000000000000000e+01 4.090676044324342495e-03 5.380796000000001023e-01 4.548000925703007263e-02
2.800000000000000000e+01 4.435318673702038327e-03 5.377064000000001398e-01 4.917256295431476215e-02
2.900000000000000000e+01 4.797652800407662364e-03 5.372845000000001647e-01 5.303393714897031846e-02
3.000000000000000000e+01 5.178184809975717312e-03 5.368093000000001558e-01 5.706675769877096044e-02
3.100000000000000000e+01 5.577344710245965044e-03 5.362759000000001386e-01 6.127316527195295071e-02
3.200000000000000000e+01 5.995609554917449499e-03 5.356791000000000746e-01 6.565524622978131941e-02
3.300000000000000000e+01 6.433416479816959563e-03 5.350134000000000833e-01 7.021467885974901069e-02
3.400000000000000000e+01 6.895105426858393581e-03 5.342665000000000886e-01 7.499360527445653180e-02
3.500000000000000000e+01 7.373791149521214186e-03 5.334440000000001403e-01 7.991710045034323973e-02
3.600000000000000000e+01 7.873181653321065579e-03 5.325343000000001270e-01 8.502074661455115423e-02
3.700000000000000000e+01 8.393554954794249859e-03 5.315311000000001451e-01 9.030420825963543507e-02
3.800000000000000000e+01 8.935123030899791083e-03 5.304276000000001101e-01 9.576643290558257970e-02
3.900000000000000000e+01 9.498165252297369882e-03 5.292170000000001595e-01 1.014062617942105005e-01
4.000000000000000000e+01 1.008248541199786852e-02 5.278926000000001562e-01 1.072198574232302998e-01
4.100000000000000000e+01 1.068817643745582566e-02 5.264476000000001266e-01 1.132043407378078015e-01
4.200000000000000000e+01 1.131510214986628481e-02 5.248751000000001499e-01 1.193552064627756981e-01
4.300000000000000000e+01 1.196302651206981003e-02 5.231684000000000889e-01 1.256670546215868933e-01
4.400000000000000000e+01 1.263158319819245728e-02 5.213211000000000928e-01 1.321332920526747112e-01
4.500000000000000000e+01 1.332032519736573405e-02 5.193270000000000941e-01 1.387467303615922964e-01
4.600000000000000000e+01 1.402862216828564337e-02 5.171802000000000898e-01 1.454984906995037963e-01
4.700000000000000000e+01 1.475576542458184245e-02 5.148753000000001467e-01 1.523791991619596886e-01
4.800000000000000000e+01 1.550092126874271121e-02 5.124077000000001325e-01 1.593784889617305411e-01
4.900000000000000000e+01 1.626311057238272531e-02 5.097729000000000843e-01 1.664848014513348462e-01
5.000000000000000000e+01 1.704126206588277292e-02 5.069676000000000737e-01 1.736859837527017225e-01
5.100000000000000000e+01 1.783419191865753470e-02 5.039888000000001256e-01 1.809690897796988884e-01
5.200000000000000000e+01 1.864062615127750830e-02 5.008347000000000770e-01 1.883205790412934288e-01
5.300000000000000000e+01 1.945922578599714944e-02 4.975040000000001128e-01 1.957266155871169311e-01
5.400000000000000000e+01 2.028857539277449662e-02 4.939965000000001161e-01 2.031728682455913870e-01
5.500000000000000000e+01 2.112720823979930690e-02 4.903125000000000955e-01 2.106448095694945788e-01
5.600000000000000000e+01 2.197365211393183249e-02 4.864535000000000942e-01 2.181281133551258578e-01
5.700000000000000000e+01 2.282640890097016942e-02 4.824215000000001141e-01 2.256084556648339512e-01
5.800000000000000000e+01 2.368400239847843688e-02 4.782194000000001277e-01 2.330719121718714537e-01
5.900000000000000000e+01 2.454497059640721457e-02 4.738508000000001275e-01 2.405048584537693157e-01
6.000000000000000000e+01 2.540789481240043543e-02 4.693197000000001173e-01 2.478942685892790432e-01
6.100000000000000000e+01 2.627140965374237871e-02 4.646310000000001272e-01 2.552277142868151771e-01
6.200000000000000000e+01 2.713560510944589693e-02 4.597867000000001036e-01 2.624978597885451737e-01
6.300000000000000000e+01 2.799656212525740082e-02 4.547984000000001026e-01 2.696850719525208939e-01
6.400000000000000000e+01 2.885441923999993580e-02 4.496692000000001022e-01 2.767833157391406673e-01
6.500000000000000000e+01 2.970808398668371708e-02 4.444056000000001228e-01 2.837829496744571078e-01
6.600000000000000000e+01 3.055656400459279276e-02 4.390142000000001321e-01 2.906753273461963882e-01
6.700000000000000000e+01 3.139893317318263183e-02 4.335016000000000980e-01 2.974523988387230977e-01
6.800000000000000000e+01 3.223433460066420231e-02 4.278752000000001221e-01 3.041067104715730607e-01
6.900000000000000000e+01 3.306200178975335358e-02 4.221419000000001254e-01 3.106317040936415474e-01
7.000000000000000000e+01 3.388122004077287475e-02 4.163094000000001071e-01 3.170212185500553281e-01
7.100000000000000000e+01 3.469135732917084242e-02 4.103853000000001194e-01 3.232698885086749963e-01
7.200000000000000000e+01 3.549084007109164218e-02 4.043860000000001342e-01 3.293640993084747670e-01
7.300000000000000000e+01 3.628177550636303705e-02 3.982965000000001088e-01 3.353223376388366206e-01
7.400000000000000000e+01 3.706263487537349993e-02 3.921334000000001319e-01 3.411313864450564726e-01
