1.000000000000000000e+01 -3.876294726546959495e-03 4.126565301006355924e+01
1.000000000000000000e+01 -4.689358717190088982e-02 4.456190595569704094e+00
1.000000000000000000e+01 -7.558532143862706221e-03 2.936253522971632890e+01
1.000000000000000000e+01 -5.689869071592479344e-01 7.269519447666908718e+00
1.000000000000000000e+01 -1.000000000000000000e+00 4.548540443339760486e+00
1.000000000000000000e+01 -8.625339657019394091e-01 6.297622092662417792e+00
1.000000000000000000e+01 -1.000000000000000000e+00 6.652923220217877187e+00
1.000000000000000000e+01 -1.000000000000000000e+00 6.714949125685456544e+00
1.000000000000000000e+01 -1.000000000000000000e+00 7.116313061415528551e+00
1.000000000000000000e+01 -8.980582695080013833e-01 8.089438433444142262e+00
1.100000000000000000e+01 -4.256063285200522087e-03 4.124876283076000050e+01
1.100000000000000000e+01 -5.208529898461962404e-02 4.457832476952309442e+00
1.100000000000000000e+01 -8.297897793030735089e-03 2.937321053656169312e+01
1.100000000000000000e+01 -5.705643964511719624e-01 7.970842346891348740e+00
1.100000000000000000e+01 -1.000000000000000000e+00 4.996481923054699514e+00
1.100000000000000000e+01 -8.654642488814956458e-01 6.907038723338215114e+00
1.100000000000000000e+01 -1.000000000000000000e+00 7.358526770712822795e+00
1.100000000000000000e+01 -1.000000000000000000e+00 7.443819031971508515e+00
1.100000000000000000e+01 -1.000000000000000000e+00 7.652513455720458602e+00
1.200000000000000000e+01 -4.646835949881074172e-03 4.122404295019979514e+01
1.200000000000000000e+01 -5.732220196820048824e-02 4.459391531566050837e+00
1.200000000000000000e+01 -9.066939088093103546e-03 2.938257268961628199e+01
1.200000000000000000e+01 -5.724173911777680201e-01 8.675108199748136073e+00
1.200000000000000000e+01 -1.000000000000000000e+00 5.443314896250916135e+00
1.200000000000000000e+01 -8.693377509497055566e-01 7.522734921631078819e+00
1.300000000000000000e+01 -5.047976305495902039e-03 4.119233594312251512e+01
1.300000000000000000e+01 -6.260503432127814682e-02 4.460877897392047764e+00
1.300000000000000000e+01 -9.862882261286459382e-03 2.939097472629054764e+01
1.300000000000000000e+01 -5.744567532113875608e-01 9.386456402903972318e+00
1.300000000000000000e+01 -1.000000000000000000e+00 5.889037507862808773e+00
1.300000000000000000e+01 -8.742389564549883918e-01 8.148971524219300377e+00
1.400000000000000000e+01 -5.460419523994259651e-03 4.115420584492336786e+01
1.400000000000000000e+01 -6.801044683402983348e-02 4.462357018968832634e+00
1.400000000000000000e+01 -1.068596121267855435e-02 2.939864487262716963e+01
1.400000000000000000e+01 -5.767369349242056353e-01 1.010241959828210945e+01
1.400000000000000000e+01 -1.000000000000000000e+00 6.333367367059905995e+00
1.400000000000000000e+01 -8.803306523726547317e-01 8.784946764244857320e+00
1.500000000000000000e+01 -5.879946376522030178e-03 4.110952079164616180e+01
1.500000000000000000e+01 -7.339807206887670465e-02 4.463761153093711798e+00
1.500000000000000000e+01 -1.153178654448356460e-02 2.940578576410294431e+01
1.500000000000000000e+01 -5.786057688168003699e-01 1.084073873444702940e+01
1.500000000000000000e+01 -1.000000000000000000e+00 6.776087317105661256e+00
1.600000000000000000e+01 -6.308531179804032808e-03 4.105847752341818335e+01
1.600000000000000000e+01 -7.883781097767042501e-02 4.465154134677383979e+00
1.600000000000000000e+01 -1.239936361089877433e-02 2.941245259967307035e+01
1.600000000000000000e+01 -5.803052405236291955e-01 1.160232984409258883e+01
1.600000000000000000e+01 -1.000000000000000000e+00 7.217163079281566418e+00
1.700000000000000000e+01 -6.745266783341678611e-03 4.100092133622542434e+01
1.700000000000000000e+01 -8.433110535216668813e-02 4.466571949118715246e+00
1.700000000000000000e+01 -1.328883502132670140e-02 2.941873951576934587e+01
1.700000000000000000e+01 -5.819874571990178991e-01 1.239422364265136345e+01
1.700000000000000000e+01 -1.000000000000000000e+00 7.656002265230755555e+00
1.800000000000000000e+01 -7.189307399244636299e-03 4.093662009731119866e+01
1.800000000000000000e+01 -8.987048216454597560e-02 4.467995019501736387e+00
1.800000000000000000e+01 -1.419856195968713722e-02 2.942466557081800360e+01
1.800000000000000000e+01 -5.841713655618196999e-01 1.323467454756049477e+01
1.900000000000000000e+01 -7.639830348412672209e-03 4.086526460392008886e+01
1.900000000000000000e+01 -9.546606784052198702e-02 4.469464987671273093e+00
1.900000000000000000e+01 -1.512946102612964909e-02 2.943029135744195912e+01
2.000000000000000000e+01 -8.096224643629747544e-03 4.078648538663446033e+01
2.000000000000000000e+01 -1.011173682118324396e-01 4.470995591083240406e+00
2.000000000000000000e+01 -1.608129719292655455e-02 2.943562875526062683e+01
2.100000000000000000e+01 -8.558665325196217200e-03 4.069982544145600656e+01
2.100000000000000000e+01 -1.068260751415676113e-01 4.472605266248286249e+00
2.100000000000000000e+01 -1.705395071868774301e-02 2.944067899889040874e+01
2.200000000000000000e+01 -9.023929652429048265e-03 4.060471361750166608e+01
2.200000000000000000e+01 -1.125950794394362520e-01 4.474314752313385490e+00
2.200000000000000000e+01 -1.804703155995051461e-02 2.944545338804015344e+01
2.300000000000000000e+01 -9.492525842388549462e-03 4.050060557641334924e+01
2.300000000000000000e+01 -1.184273173707674764e-01 4.476144572197378046e+00
2.300000000000000000e+01 -1.906128735631583068e-02 2.944995953640532704e+01
2.400000000000000000e+01 -9.962373179152396105e-03 4.038682602223763496e+01
2.400000000000000000e+01 -1.243250573010958177e-01 4.478114357515505795e+00
2.400000000000000000e+01 -2.009700141529391013e-02 2.945420471010650232e+01
2.500000000000000000e+01 -1.043208428421289920e-02 4.026269823064068021e+01
2.500000000000000000e+01 -1.302917077644489552e-01 4.480245495112652243e+00
2.500000000000000000e+01 -2.115553847755683239e-02 2.945820604083443328e+01
2.600000000000000000e+01 -1.089981533060443465e-02 4.012741591109671191e+01
2.600000000000000000e+01 -1.363300064213425478e-01 4.482557158153086085e+00
2.600000000000000000e+01 -2.223780123279965257e-02 2.946196539947340653e+01
2.700000000000000000e+01 -1.136342431642648441e-02 3.998009104721483453e+01
2.700000000000000000e+01 -1.424426416075440516e-01 4.485070412233452153e+00
2.700000000000000000e+01 -2.334485517439046504e-02 2.946548548859511030e+01
2.800000000000000000e+01 -1.182083633781199489e-02 3.981982109545926818e+01
2.800000000000000000e+01 -1.486331428226618234e-01 4.487806027650836249e+00
2.800000000000000000e+01 -2.447870613375528748e-02 2.946878364858191901e+01
2.900000000000000000e+01 -1.226911455131488200e-02 3.964555965770259860e+01
2.900000000000000000e+01 -1.549042316958973431e-01 4.490785191780468644e+00
2.900000000000000000e+01 -2.564118811706670928e-02 2.947186516777013665e+01
3.000000000000000000e+01 -1.270504972908828925e-02 3.945121084524041777e+01
3.000000000000000000e+01 -1.611576457240674332e-01 4.497615742863663613e+00
3.000000000000000000e+01 -2.684075969729970979e-02 2.947468774120800461e+01
3.100000000000000000e+01 -1.312287498594225457e-02 3.924411906688215623e+01
3.100000000000000000e+01 -1.675681996942149365e-01 4.501931727708866404e+00
3.100000000000000000e+01 -2.806962430757558788e-02 2.947736588786409939e+01
3.200000000000000000e+01 -1.351898608935214047e-02 3.901910962147793072e+01
3.200000000000000000e+01 -1.740609364869885878e-01 4.506695682653361956e+00
3.200000000000000000e+01 -2.933713938771220081e-02 2.947988478311032523e+01
3.300000000000000000e+01 -1.388718877546817401e-02 3.877465684736605311e+01
3.300000000000000000e+01 -1.806361805457890601e-01 4.511968698669574174e+00
3.300000000000000000e+01 -3.064786620268394532e-02 2.948226640853106773e+01
3.400000000000000000e+01 -1.422004155895980303e-02 3.850921066557269512e+01
3.400000000000000000e+01 -1.872957926439852427e-01 4.517763104186891532e+00
3.400000000000000000e+01 -3.200763799716856151e-02 2.948454892594732257e+01
3.500000000000000000e+01 -1.450831566381363680e-02 3.822106715665506016e+01
3.500000000000000000e+01 -1.940397623885204148e-01 4.524141551408255246e+00
3.500000000000000000e+01 -3.342389555900773801e-02 2.948678345738365536e+01
3.600000000000000000e+01 -1.474076654266739082e-02 3.790841357544164225e+01
3.600000000000000000e+01 -2.008679890019831049e-01 4.531156936177859862e+00
3.600000000000000000e+01 -3.490639210584015051e-02 2.948903042114850948e+01
3.700000000000000000e+01 -1.489968737218182182e-02 3.756556473317587574e+01
3.700000000000000000e+01 -2.076694366472138231e-01 4.541739259179131238e+00
3.700000000000000000e+01 -3.647117991868339265e-02 2.949138474714368741e+01
3.800000000000000000e+01 -1.496590528289434667e-02 3.719726501519095763e+01
3.800000000000000000e+01 -2.146369508986243901e-01 4.550750489979619395e+00
3.800000000000000000e+01 -3.812643967277950380e-02 2.949400122286604642e+01
3.900000000000000000e+01 -1.491282105678316296e-02 3.679854699330564216e+01
3.900000000000000000e+01 -2.216798500146305306e-01 4.560660587516670361e+00
3.900000000000000000e+01 -3.989830584169292566e-02 2.949703556239663627e+01
4.000000000000000000e+01 -1.470419447002525165e-02 3.636743720205416963e+01
4.000000000000000000e+01 -2.287948706469998261e-01 4.571546388688393137e+00
4.000000000000000000e+01 -4.181758242240025958e-02 2.950066537035030834e+01
4.100000000000000000e+01 -1.428801182202705210e-02 3.590212963465683060e+01
4.100000000000000000e+01 -2.359779506020859008e-01 4.583489888260584344e+00
4.100000000000000000e+01 -4.392733538983244201e-02 2.950510118927831371e+01
4.200000000000000000e+01 -1.359098531079935834e-02 3.540115253535770279e+01
4.200000000000000000e+01 -2.432239231591587225e-01 4.596583950962127574e+00
4.200000000000000000e+01 -4.629125614217122209e-02 2.951053258464915174e+01
4.300000000000000000e+01 -1.250683988340483763e-02 3.486365699021960296e+01
4.300000000000000000e+01 -2.505273146719834143e-01 4.610913611370347276e+00
4.300000000000000000e+01 -4.900574198018139982e-02 2.951694028946056392e+01
4.400000000000000000e+01 -1.087662355779267856e-02 3.429001170173071245e+01
4.400000000000000000e+01 -2.578813875048811544e-01 4.626576782495524398e+00
4.400000000000000000e+01 -5.221916719585419780e-02 2.952361887147492325e+01
4.500000000000000000e+01 -8.463135038841938448e-03 3.368330752257212168e+01
4.500000000000000000e+01 -2.652783081755334949e-01 4.643678887311649461e+00
4.500000000000000000e+01 -5.615754684433038602e-02 2.952789589694911498e+01
4.600000000000000000e+01 -4.917401985333148470e-03 3.304761273162095847e+01
4.600000000000000000e+01 -2.725803567026205410e-01 4.664806583544600649e+00
4.600000000000000000e+01 -6.115544749683300002e-02 2.952195839953682821e+01
4.700000000000000000e+01 -1.370609811917110871e-05 3.241327418063860932e+01
4.700000000000000000e+01 -2.800099444005860749e-01 4.685531283468365338e+00
4.700000000000000000e+01 -6.743206609844383526e-02 2.948736350584565713e+01
4.800000000000000000e+01 6.032135645740090840e-03 3.180703994675674551e+01
4.800000000000000000e+01 -2.874501392083094187e-01 4.708068148843431722e+00
4.800000000000000000e+01 -7.476081023360806044e-02 2.939558039830414771e+01
4.900000000000000000e+01 1.221432608244451580e-02 3.124889542338520343e+01
4.900000000000000000e+01 -2.948883200995401910e-01 4.732552355306927083e+00
4.900000000000000000e+01 -8.213160740467989607e-02 2.922738502734354071e+01
5.000000000000000000e+01 1.740641858332511727e-02 3.073312188500803188e+01
5.000000000000000000e+01 -3.023115842156177124e-01 4.759110781852086802e+00
5.000000000000000000e+01 -8.841850319263015734e-02 2.898805877655956564e+01
5.100000000000000000e+01 2.092853325113820315e-02 3.024348117140221959e+01
5.100000000000000000e+01 -3.097061065337659569e-01 4.787875132355644325e+00
5.100000000000000000e+01 -9.294441647232690173e-02 2.869420162460676238e+01
5.200000000000000000e+01 2.241232032453095019e-02 2.976751571993792567e+01
5.200000000000000000e+01 -3.170578402255608275e-01 4.818971540462248626e+00
5.200000000000000000e+01 -9.534464502167142030e-02 2.836007198329575729e+01
5.300000000000000000e+01 2.153601080603183629e-02 2.929913357756321801e+01
5.300000000000000000e+01 -3.243519735431838469e-01 4.852532215426667683e+00
5.300000000000000000e+01 -9.530127132820293001e-02 2.799462291328122632e+01
5.400000000000000000e+01 1.783389403392569156e-02 2.883836709888988992e+01
5.400000000000000000e+01 -3.315733958791066138e-01 4.888689167109293798e+00
5.400000000000000000e+01 -9.235199092202121818e-02 2.760139752457539686e+01
5.500000000000000000e+01 1.047125714535787448e-02 2.839479743024631730e+01
5.500000000000000000e+01 -3.387073531505090940e-01 4.927559703388048717e+00
5.500000000000000000e+01 -8.566414968088006954e-02 2.717506722847737777e+01
5.600000000000000000e+01 -2.184868504340052326e-03 2.800892260020797764e+01
5.600000000000000000e+01 -3.456132694716170795e-01 4.971233177139287029e+00
5.600000000000000000e+01 -7.359882035685934298e-02 2.667791230364037247e+01
5.700000000000000000e+01 -1.968631423365916483e-02 2.785370421859489554e+01
5.700000000000000000e+01 -5.659598341105204211e-02 2.595849985928429149e+01
5.700000000000000000e+01 -3.525220224932684165e-01 5.016056724911618581e+00
5.800000000000000000e+01 -3.111126015429047098e-02 2.792735087960119955e+01
5.800000000000000000e+01 -4.554889877279012789e-02 2.503369885593398436e+01
5.800000000000000000e+01 -3.593049895121360193e-01 5.063942552402564523e+00
5.900000000000000000e+01 -3.983592361737736676e-02 2.414376689933590114e+01
5.900000000000000000e+01 -3.709227703069736815e-02 2.798146831889109620e+01
5.900000000000000000e+01 -3.659504384371635721e-01 5.114970255219628115e+00
6.000000000000000000e+01 -3.600880917192723907e-02 2.330601019461375856e+01
6.000000000000000000e+01 -4.107911831040410994e-02 2.799659717823718807e+01
6.000000000000000000e+01 -3.724513847558944546e-01 5.169228395976395163e+00
6.100000000000000000e+01 -3.298351664336596906e-02 2.250988559041164905e+01
6.100000000000000000e+01 -4.415078315376629037e-02 2.798477470139401646e+01
6.100000000000000000e+01 -3.788023776843967849e-01 5.226791935473848127e+00
6.200000000000000000e+01 -3.034958088809902241e-02 2.174930254527316720e+01
6.200000000000000000e+01 -4.671115018883089526e-02 2.795384085499752658e+01
6.200000000000000000e+01 -3.850005297387616432e-01 5.287722921688011724e+00
6.300000000000000000e+01 -2.791186845849077947e-02 2.102114805853477719e+01
6.300000000000000000e+01 -4.894816869031474310e-02 2.790840642280635819e+01
6.300000000000000000e+01 -3.910461016406067691e-01 5.352068625711084771e+00
6.400000000000000000e+01 -2.556189534863176002e-02 2.032374748234474637e+01
6.400000000000000000e+01 -5.096280801358732404e-02 2.785130295843334380e+01
6.400000000000000000e+01 -3.969425658311973582e-01 5.419864626019210263e+00
6.500000000000000000e+01 -2.323215495384135798e-02 1.965608487616768940e+01
6.500000000000000000e+01 -5.281479310037523467e-02 2.778436496371019260e+01
6.500000000000000000e+01 -4.026969287093426497e-01 5.491132879087014196e+00
6.600000000000000000e+01 -2.087672979122591824e-02 1.901741613022148769e+01
6.600000000000000000e+01 -5.454191623231744585e-02 2.770884223970533000e+01
6.600000000000000000e+01 -4.083198204798000330e-01 5.565882449439990332e+00
6.700000000000000000e+01 -1.845850900683531845e-02 1.840646296060456422e+01
6.700000000000000000e+01 -5.616924717075939821e-02 2.762561038925034040e+01
6.700000000000000000e+01 -4.138203147923756875e-01 5.644156744158246752e+00
6.800000000000000000e+01 -1.595747210847301215e-02 1.782377357019691289e+01
6.800000000000000000e+01 -5.771403810005548696e-02 2.753535828290606347e+01
6.800000000000000000e+01 -4.192258388785027878e-01 5.725859005231090926e+00
6.900000000000000000e+01 -1.334776676216155485e-02 1.726802381345864745e+01
6.900000000000000000e+01 -5.918848620787125342e-02 2.743859741349922388e+01
6.900000000000000000e+01 -4.245542431855138799e-01 5.810987750890099335e+00
7.000000000000000000e+01 -1.060885274481719598e-02 1.673843097726528839e+01
7.000000000000000000e+01 -6.060133636471714408e-02 2.733574810369142583e+01
7.000000000000000000e+01 -4.298300937313577763e-01 5.899508969359393618e+00
7.100000000000000000e+01 -7.722746134033858616e-03 1.623408475214234770e+01
7.100000000000000000e+01 -6.195668646920432510e-02 2.722713232919712922e+01
7.100000000000000000e+01 -4.351445384393241023e-01 5.990426438793658548e+00
7.200000000000000000e+01 -4.665183963745786998e-03 1.575422292916301004e+01
7.200000000000000000e+01 -6.326409774221380955e-02 2.711311619478404111e+01
7.200000000000000000e+01 -4.403879581407943999e-01 6.085777166065086341e+00
7.300000000000000000e+01 -1.418859582117389627e-03 1.529798086175140881e+01
7.300000000000000000e+01 -1.576358901999077092e-02 4.990343676638047299e+01
7.300000000000000000e+01 -6.452392289986348672e-02 2.699395611211013701e+01
7.300000000000000000e+01 -4.456736418829560509e-01 6.184282027857054942e+00
7.400000000000000000e+01 2.037391932045997181e-03 1.486448152274344814e+01
7.400000000000000000e+01 -1.609930889029751594e-02 4.962287424890392629e+01
7.400000000000000000e+01 -6.573841073896533049e-02 2.686990634494247132e+01
7.400000000000000000e+01 -4.510380527353428648e-01 6.285816009442474872e+00
7.500000000000000000e+01 5.725410426510134723e-03 1.445287819854728362e+01
7.500000000000000000e+01 -1.642126663099524944e-02 4.934786574692138572e+01
7.500000000000000000e+01 -6.690902598306472382e-02 2.674120366282418360e+01
7.500000000000000000e+01 -4.565188758383118550e-01 6.390223847955564196e+00
7.600000000000000000e+01 9.667132723216252665e-03 1.406237652416943718e+01
7.600000000000000000e+01 -1.672979441541865009e-02 4.907746118480557840e+01
7.600000000000000000e+01 -6.803660033479942693e-02 2.660807128815671163e+01
7.600000000000000000e+01 -4.621540047387328043e-01 6.497312189922317849e+00
7.700000000000000000e+01 1.388901545275032443e-02 1.369158364094672464e+01
7.700000000000000000e+01 -1.702428037658532123e-02 4.881011449321519535e+01
7.700000000000000000e+01 -6.911968554818281874e-02 2.647050071445445596e+01
7.700000000000000000e+01 -4.680360955844800608e-01 6.606003582805914931e+00
7.800000000000000000e+01 1.839509888898602577e-02 1.334154337124120637e+01
7.800000000000000000e+01 -1.730760139946733653e-02 4.854686717789322614e+01
7.800000000000000000e+01 -7.016319888861592691e-02 2.632922636979496289e+01
7.800000000000000000e+01 -4.740363609254884536e-01 6.718390448958352579e+00
7.900000000000000000e+01 2.320576221847944071e-02 1.301072168895217551e+01
7.900000000000000000e+01 -1.757801122331279983e-02 4.828591080379615619e+01
7.900000000000000000e+01 -7.116305257083468949e-02 2.618415696265048709e+01
7.900000000000000000e+01 -4.802974984589351570e-01 6.832445273396393404e+00
8.000000000000000000e+01 2.833742652749019625e-02 1.269818085176126488e+01
8.000000000000000000e+01 -1.783383552233075778e-02 4.802595580991606283e+01
8.000000000000000000e+01 -7.211607377434746391e-02 2.603535738373590291e+01
8.000000000000000000e+01 -4.869155673745985680e-01 6.946811802370231881e+00
8.100000000000000000e+01 3.377435492223736235e-02 1.240401024781197137e+01
8.100000000000000000e+01 -1.807760100948838794e-02 4.776726986238163164e+01
8.100000000000000000e+01 -7.302461063835419264e-02 2.588308903133714267e+01
8.100000000000000000e+01 -4.937817190236724052e-01 7.062533799686178781e+00
8.200000000000000000e+01 3.950252356386790842e-02 1.212778667531600796e+01
8.200000000000000000e+01 -1.830820335644826533e-02 4.750914152854402772e+01
8.200000000000000000e+01 -7.388591328989944917e-02 2.572754213984279303e+01
8.200000000000000000e+01 -5.009335869540616493e-01 7.178626335221085952e+00
8.300000000000000000e+01 4.549028850178874622e-02 1.186913815005755524e+01
8.300000000000000000e+01 -1.852529229644502007e-02 4.725110102541321311e+01
8.300000000000000000e+01 -7.469802836590473671e-02 2.556888349236484004e+01
8.300000000000000000e+01 -5.083572975035585140e-01 7.294552149418687570e+00
8.400000000000000000e+01 5.169131832774508800e-02 1.162764303883971628e+01
8.400000000000000000e+01 -1.872837749533322327e-02 4.699272082184759114e+01
8.400000000000000000e+01 -7.545864932289272908e-02 2.540727301051599341e+01
8.400000000000000000e+01 -5.160259614341932144e-01 7.409791468224439903e+00
8.500000000000000000e+01 5.804627253513085922e-02 1.140278989355432770e+01
8.500000000000000000e+01 -1.891681905503455122e-02 4.673361033436496825e+01
8.500000000000000000e+01 -7.616510145707745816e-02 2.524286393770741910e+01
8.500000000000000000e+01 -5.239015168551128809e-01 7.523880442335643792e+00
8.600000000000000000e+01 6.448626088393964728e-02 1.119394918983044285e+01
8.600000000000000000e+01 -1.908981863787118094e-02 4.647341157064618500e+01
8.600000000000000000e+01 -7.681431650608104567e-02 2.507580238767827296e+01
8.600000000000000000e+01 -5.319380982694736915e-01 7.636446184502867496e+00
8.700000000000000000e+01 7.093751369183133593e-02 1.100036450366539320e+01
8.700000000000000000e+01 -1.924641078073271311e-02 4.621179490477511820e+01
8.700000000000000000e+01 -7.740280401195297200e-02 2.490622742087279917e+01
8.700000000000000000e+01 -5.400863626599656797e-01 7.747232608699721190e+00
8.800000000000000000e+01 7.732642032105317698e-02 1.082116261761176901e+01
8.800000000000000000e+01 -1.938545452708642647e-02 4.594845490409767308e+01
8.800000000000000000e+01 -7.792661347903348523e-02 2.473427069433961378e+01
8.800000000000000000e+01 -5.482980249457157784e-01 7.856112008897016885e+00
8.900000000000000000e+01 8.358403128694409656e-02 1.065538002610420421e+01
8.900000000000000000e+01 -1.950562522060295817e-02 4.568310706657518949e+01
8.900000000000000000e+01 -7.838129193571077846e-02 2.456005652139384665e+01
8.900000000000000000e+01 -5.565297867655361053e-01 7.963082594792919799e+00
9.000000000000000000e+01 8.963296302459460019e-02 1.050240809125809349e+01
9.000000000000000000e+01 -1.960581662477390089e-02 4.541610568642872181e+01
9.000000000000000000e+01 -7.876335894129760096e-02 2.438401576616717037e+01
9.000000000000000000e+01 -5.647146708438566254e-01 8.068574134143529974e+00
