1.000000000000000000e+01 -2.979371323259506071e-02 -6.997042223207743064e+02
1.000000000000000000e+01 -2.979371323654489770e-02 6.997042223207733969e+02
1.000000000000000000e+01 -1.004402748649568800e+00 2.592525534485887988e+02
1.000000000000000000e+01 -1.004402748653682176e+00 -2.592525534485889693e+02
1.000000000000000000e+01 -1.312451426558483458e+00 -2.797835600395248079e+01
1.000000000000000000e+01 -1.312451426561858092e+00 2.797835600395270461e+01
1.000000000000000000e+01 -1.394190797989476316e+00 -1.844851625933743549e+02
1.000000000000000000e+01 -1.394190797992575614e+00 1.844851625933723085e+02
1.000000000000000000e+01 -2.065152626216379961e+00 -5.237834187993895512e+02
1.000000000000000000e+01 -2.065152626217142018e+00 5.237834187993888690e+02
1.000000000000000000e+01 -4.297026907451537703e+00 1.009473936139494640e+03
1.000000000000000000e+01 -4.297026907451968469e+00 -1.009473936139494867e+03
1.000000000000000000e+01 -4.624386314941029141e+00 9.769521495679413192e+02
1.000000000000000000e+01 -4.624386314943933485e+00 -9.769521495679439340e+02
1.000000000000000000e+01 -7.268123213991377618e+00 1.581207391153704748e+03
1.000000000000000000e+01 -7.268123213991918519e+00 -1.581207391153705430e+03
1.000000000000000000e+01 -2.601972162747122752e+01 3.764571587630955207e+01
1.000000000000000000e+01 -2.601972162747182082e+01 -3.764571587630754834e+01
1.000000000000000000e+01 -2.858670194652683705e+01 1.146081412879112174e-15
1.000000000000000000e+01 -3.441409871995181646e+01 -1.969241669729973765e+01
1.000000000000000000e+01 -3.441409871995199410e+01 1.969241669729999344e+01
1.000000000000000000e+01 -4.232949383333253479e+01 -8.632434639018368791e-15
1.000000000000000000e+01 -4.308608884703023989e+01 2.346552391171045748e+00
1.000000000000000000e+01 -4.308608884703225073e+01 -2.346552391171067509e+00
1.000000000000000000e+01 -4.532913289068458340e+01 -2.233745008027303314e+01
1.000000000000000000e+01 -4.532913289068933693e+01 2.233745008027253576e+01
1.000000000000000000e+01 -7.154674958469672674e+01 -4.073665980325992455e-13
1.000000000000000000e+01 -1.012509561152016317e+02 9.397627710224749631e-01
1.000000000000000000e+01 -1.012509561152038913e+02 -9.397627710234087717e-01
1.000000000000000000e+01 -1.194426239622548280e+02 2.206367923170174029e-13
1.000000000000000000e+01 -1.507612342536847621e+02 1.556369733204356679e-14
1.000000000000000000e+01 -1.966319274184573942e+02 3.379515308920537602e-13
1.000000000000000000e+01 -2.035556607461502097e+02 -4.096588423348635644e+01
1.000000000000000000e+01 -2.035556607461503802e+02 4.096588423348686803e+01
1.000000000000000000e+01 -2.807016074477724601e+02 -9.115139202113242715e-13
1.000000000000000000e+01 -3.928254064088105224e+02 1.411621145130458821e+01
1.000000000000000000e+01 -3.928254064088109772e+02 -1.411621145130390609e+01
1.000000000000000000e+01 -4.827191192538318774e+02 7.701822489738933980e-13
1.000000000000000000e+01 -5.281452946542573272e+02 1.696794556281909600e-13
1.000000000000000000e+01 -6.534934678498061658e+02 -5.613116149139824066e-13
1.000000000000000000e+01 -1.518698504801688841e+03 4.678054581683118174e-13
1.000000000000000000e+01 -2.602485575367903039e+03 -5.026548245743666484e+03
1.000000000000000000e+01 -2.656372691004171429e+03 -4.709517375535760948e+03
1.000000000000000000e+01 -2.656372691004171429e+03 4.709517375535762767e+03
1.000000000000000000e+01 -2.732980291663625394e+03 -4.871593284033171472e-12
1.000000000000000000e+01 -2.913738458663287929e+03 3.318330167770658591e+03
1.000000000000000000e+01 -2.913738458663294750e+03 -3.318330167770649041e+03
1.000000000000000000e+01 -3.084686012063964881e+03 3.288746507093551372e+03
1.000000000000000000e+01 -3.084686012063974886e+03 -3.288746507093546370e+03
1.000000000000000000e+01 -3.127991495836232389e+03 -4.370266690552525190e-13
1.000000000000000000e+01 -3.175412418542669911e+03 5.026548245743668303e+03
1.000000000000000000e+01 -3.218209316008431415e+03 -3.435571671832577977e+03
1.000000000000000000e+01 -3.218209316008435053e+03 3.435571671832582069e+03
1.000000000000000000e+01 -3.259518186192286521e+03 -1.427171103146829255e-13
1.000000000000000000e+01 -3.385750241479216584e+03 7.135448262361665615e-13
1.000000000000000000e+01 -3.507273242320849931e+03 8.889471838712204317e+02
1.000000000000000000e+01 -3.507273242320852205e+03 -8.889471838712192948e+02
1.000000000000000000e+01 -3.607548874332721425e+03 6.225840223260150975e-12
1.000000000000000000e+01 -3.790444005363434371e+03 -7.700961017799576211e+02
1.000000000000000000e+01 -3.790444005363442557e+03 7.700961017799619412e+02
1.000000000000000000e+01 -4.599878038774836568e+03 4.128174954971020270e+03
1.000000000000000000e+01 -4.599878038774849301e+03 -4.128174954970993895e+03
1.000000000000000000e+01 -5.660122334132604010e+03 -5.557817083240922784e+02
1.000000000000000000e+01 -5.660122334132654032e+03 5.557817083241008049e+02
1.100000000000000000e+01 -3.958777141278240624e-02 -7.001739988440726847e+02
1.100000000000000000e+01 -3.958777141459295101e-02 7.001739988440729121e+02
1.100000000000000000e+01 -1.102230107715070240e+00 -2.591322060625105337e+02
1.100000000000000000e+01 -1.102230107717520280e+00 2.591322060625099652e+02
1.100000000000000000e+01 -1.458185467631347709e+00 2.798399994938074187e+01
1.100000000000000000e+01 -1.458185467637413524e+00 -2.798399994938057489e+01
1.100000000000000000e+01 -1.531123092658776441e+00 1.845509852901887768e+02
1.100000000000000000e+01 -1.531123092659682383e+00 -1.845509852901932675e+02
1.100000000000000000e+01 -2.084582491656103986e+00 -5.245854361224824061e+02
1.100000000000000000e+01 -2.084582491662087200e+00 5.245854361224828608e+02
1.100000000000000000e+01 -4.117413635948397044e+00 1.015040409384512373e+03
1.100000000000000000e+01 -4.117413635949926487e+00 -1.015040409384508280e+03
1.100000000000000000e+01 -4.685609535108235413e+00 -9.835505132194821272e+02
1.100000000000000000e+01 -4.685609535117498226e+00 9.835505132194809903e+02
1.100000000000000000e+01 -7.184453379356539493e+00 1.602295382589225937e+03
1.100000000000000000e+01 -7.184453379362301995e+00 -1.602295382589227756e+03
1.100000000000000000e+01 -2.859448417657098673e+01 -4.119841424638197225e+01
1.100000000000000000e+01 -2.859448417657136332e+01 4.119841424638281069e+01
1.100000000000000000e+01 -3.140232996675860022e+01 3.467314302643477037e-13
1.100000000000000000e+01 -3.791510681876727062e+01 2.141141228847095945e+01
1.100000000000000000e+01 -3.791510681876864197e+01 -2.141141228847254041e+01
1.100000000000000000e+01 -4.640069386314677047e+01 -1.089532287162850629e-14
1.100000000000000000e+01 -4.743018320044294001e+01 3.095863568095165164e+00
1.100000000000000000e+01 -4.743018320044375002e+01 -3.095863568095184704e+00
1.100000000000000000e+01 -5.006772768677416963e+01 -2.426696307568665034e+01
1.100000000000000000e+01 -5.006772768677537044e+01 2.426696307568760247e+01
1.100000000000000000e+01 -7.865014871506733130e+01 -1.206764121042986617e-12
1.100000000000000000e+01 -1.110586061535425557e+02 1.174679217340695470e+00
1.100000000000000000e+01 -1.110586061535675384e+02 -1.174679217340068638e+00
1.100000000000000000e+01 -1.313366120502622323e+02 2.114055743277095126e-13
1.100000000000000000e+01 -1.657128874276046133e+02 1.886502056966376038e-13
1.100000000000000000e+01 -2.168929449115517514e+02 -3.355744545157821209e-13
1.100000000000000000e+01 -2.211169481758815607e+02 -4.872632977731103665e+01
1.100000000000000000e+01 -2.211169481758830671e+02 4.872632977731136350e+01
1.100000000000000000e+01 -3.106197225338974590e+02 -1.727961557994723366e-12
1.100000000000000000e+01 -4.286205277012191459e+02 -1.327230704252221472e+01
1.100000000000000000e+01 -4.286205277012201691e+02 1.327230704252170845e+01
1.100000000000000000e+01 -5.096661901749247363e+02 -3.375707148752798269e-13
1.100000000000000000e+01 -5.789217391257274130e+02 -7.034719929700387284e-13
1.100000000000000000e+01 -7.213306784625780210e+02 -5.434842163822621743e-13
1.100000000000000000e+01 -1.759380801600128962e+03 -9.843726120371868620e-13
1.100000000000000000e+01 -2.828907413025935057e+03 -5.529203070318033497e+03
1.100000000000000000e+01 -2.920437264148076338e+03 -5.273907694158777304e+03
1.100000000000000000e+01 -2.920437264148076792e+03 5.273907694158779123e+03
1.100000000000000000e+01 -2.950299348204482612e+03 -3.774315947500539384e-12
1.100000000000000000e+01 -3.210796053876764745e+03 -3.660768412834609080e+03
1.100000000000000000e+01 -3.210796053876767019e+03 3.660768412834610444e+03
1.100000000000000000e+01 -3.392758621326489902e+03 -3.625022399055624646e+03
1.100000000000000000e+01 -3.392758621326502180e+03 3.625022399055612823e+03
1.100000000000000000e+01 -3.404038474103720546e+03 -1.360414199015729446e-12
1.100000000000000000e+01 -3.484519826293085771e+03 -5.529203070318031678e+03
1.100000000000000000e+01 -3.509920971290484431e+03 -3.758075886074700520e+03
1.100000000000000000e+01 -3.509920971290484886e+03 3.758075886074695063e+03
1.100000000000000000e+01 -3.546663143114274590e+03 4.877510948990507475e-13
1.100000000000000000e+01 -3.678856700695294421e+03 -1.182919341154678416e-12
1.100000000000000000e+01 -3.859112849268123682e+03 1.000794399487806345e+03
1.100000000000000000e+01 -3.859112849268129139e+03 -1.000794399487804867e+03
1.100000000000000000e+01 -3.902494053732159955e+03 -5.839549038959344048e-12
1.100000000000000000e+01 -4.159473080034422310e+03 6.520524032350689367e+02
1.100000000000000000e+01 -4.159473080034427767e+03 -6.520524032350733705e+02
1.100000000000000000e+01 -5.020333371935166724e+03 -4.471360606736201589e+03
1.100000000000000000e+01 -5.020333371935172181e+03 4.471360606736198861e+03
1.100000000000000000e+01 -6.043108672022466635e+03 -3.314028647602300222e-11
1.100000000000000000e+01 -7.239573856274380887e+03 7.550518514849586306e-11
1.200000000000000000e+01 -5.313778404292504587e-02 -6.997369075838133767e+02
1.200000000000000000e+01 -5.313778404672879485e-02 6.997369075838134904e+02
1.200000000000000000e+01 -1.202522587909467866e+00 -2.589577920221642557e+02
1.200000000000000000e+01 -1.202522587910213492e+00 2.589577920221619252e+02
1.200000000000000000e+01 -1.605227748634560081e+00 -2.798861875964732704e+01
1.200000000000000000e+01 -1.605227748637124474e+00 2.798861875964706414e+01
1.200000000000000000e+01 -1.673546079731443204e+00 -1.846082165750860327e+02
1.200000000000000000e+01 -1.673546079731629721e+00 1.846082165750862885e+02
1.200000000000000000e+01 -2.120895446444398313e+00 -5.251997153079859117e+02
1.200000000000000000e+01 -2.120895446447213839e+00 5.251997153079861391e+02
1.200000000000000000e+01 -3.968420479388470312e+00 -1.019353119640052569e+03
1.200000000000000000e+01 -3.968420479388721667e+00 1.019353119640055979e+03
1.200000000000000000e+01 -4.765476063894311665e+00 -9.895106794699447619e+02
1.200000000000000000e+01 -4.765476063900030645e+00 9.895106794699435113e+02
1.200000000000000000e+01 -7.026494732185495806e+00 -1.619022496749065567e+03
1.200000000000000000e+01 -7.026494732188835357e+00 1.619022496749065340e+03
1.200000000000000000e+01 -3.121185347296585988e+01 -4.474506035101521917e+01
1.200000000000000000e+01 -3.121185347296673385e+01 4.474506035101485679e+01
1.200000000000000000e+01 -3.421120060001073426e+01 -1.402135629337928720e-13
1.200000000000000000e+01 -4.155655141844501088e+01 -2.300655061147043412e+01
1.200000000000000000e+01 -4.155655141844567879e+01 2.300655061146931146e+01
1.200000000000000000e+01 -5.054367808745304558e+01 -1.147158542739555121e-15
1.200000000000000000e+01 -5.204941917454124933e+01 -4.009009471163976990e+00
1.200000000000000000e+01 -5.204941917454146960e+01 4.009009471163642147e+00
1.200000000000000000e+01 -5.484293893323625468e+01 2.622621221495892740e+01
1.200000000000000000e+01 -5.484293893323777525e+01 -2.622621221496016375e+01
1.200000000000000000e+01 -8.585382092816519162e+01 -2.821075272008461763e-13
1.200000000000000000e+01 -1.206297943030132274e+02 -2.676089043662229994e+00
1.200000000000000000e+01 -1.206297943030307067e+02 2.676089043661185940e+00
1.200000000000000000e+01 -1.432653572898823029e+02 2.689365491723033495e-13
1.200000000000000000e+01 -1.804963759914921297e+02 6.055341301193659861e-13
1.200000000000000000e+01 -2.368830947104456470e+02 -1.682841776758140980e-13
1.200000000000000000e+01 -2.377036226616093302e+02 5.631302752110258325e+01
1.200000000000000000e+01 -2.377036226616100123e+02 -5.631302752110341459e+01
1.200000000000000000e+01 -3.412514599006128719e+02 4.581429691242207722e-13
1.200000000000000000e+01 -4.630315895003063815e+02 7.689879676478605930e+00
1.200000000000000000e+01 -4.630315895003079731e+02 -7.689879676480985360e+00
1.200000000000000000e+01 -5.367004772250023734e+02 1.000583364892549125e-12
1.200000000000000000e+01 -6.293888964686785812e+02 3.284233426664725004e-13
1.200000000000000000e+01 -7.894437945779422989e+02 7.912673401953116801e-14
1.200000000000000000e+01 -1.997763264274035464e+03 -8.760498044550685350e-13
1.200000000000000000e+01 -3.024975323078713245e+03 -6.031857894892399599e+03
1.200000000000000000e+01 -3.161093963989816530e+03 -1.495742212353004503e-12
1.200000000000000000e+01 -3.197918841549685112e+03 -5.838581548372012548e+03
1.200000000000000000e+01 -3.197918841549689660e+03 5.838581548372010730e+03
1.200000000000000000e+01 -3.510628510071450364e+03 4.006861573604825026e+03
1.200000000000000000e+01 -3.510628510071456731e+03 -4.006861573604823661e+03
1.200000000000000000e+01 -3.669220639110380034e+03 1.254102720450469559e-13
1.200000000000000000e+01 -3.701794230429698018e+03 -3.964473852196078951e+03
1.200000000000000000e+01 -3.701794230429702566e+03 3.964473852196077132e+03
1.200000000000000000e+01 -3.783658669814396944e+03 6.031857894892402328e+03
1.200000000000000000e+01 -3.800367566094968879e+03 -4.082079071058805312e+03
1.200000000000000000e+01 -3.800367566094970243e+03 4.082079071058804402e+03
1.200000000000000000e+01 -3.828845075631403688e+03 -2.939398186676496807e-12
1.200000000000000000e+01 -3.963616022050871834e+03 -3.213390045037969618e-12
1.200000000000000000e+01 -4.198578796510234497e+03 -6.547629082886170234e-12
1.200000000000000000e+01 -4.202778805741257202e+03 -1.096820797300500544e+03
1.200000000000000000e+01 -4.202778805741259021e+03 1.096820797300500772e+03
1.200000000000000000e+01 -4.546070583274265118e+03 5.289628833444932070e+02
1.200000000000000000e+01 -4.546070583274268756e+03 -5.289628833444879774e+02
1.200000000000000000e+01 -5.472489021743771445e+03 4.841027888047395209e+03
1.200000000000000000e+01 -5.472489021743823287e+03 -4.841027888047372471e+03
1.200000000000000000e+01 -6.372985226401253385e+03 2.138090605549402636e-12
1.200000000000000000e+01 -9.333327229986127350e+03 1.613327704261179403e-11
1.300000000000000000e+01 -7.112913010304949823e-02 6.984372449272110543e+02
1.300000000000000000e+01 -7.112913011187782519e-02 -6.984372449272117365e+02
1.300000000000000000e+01 -1.305284033726855641e+00 2.587338805331673370e+02
1.300000000000000000e+01 -1.305284033731505700e+00 -2.587338805331692697e+02
1.300000000000000000e+01 -1.755742541396294820e+00 2.799247009126051822e+01
1.300000000000000000e+01 -1.755742541403012780e+00 -2.799247009125940977e+01
1.300000000000000000e+01 -1.821521793035244308e+00 -1.846591254233285042e+02
1.300000000000000000e+01 -1.821521793039815540e+00 1.846591254233266852e+02
1.300000000000000000e+01 -2.170850422045747852e+00 -5.256794492786913224e+02
1.300000000000000000e+01 -2.170850422049119821e+00 5.256794492786902993e+02
1.300000000000000000e+01 -3.848105284440672236e+00 1.022757351637704005e+03
1.300000000000000000e+01 -3.848105284440690443e+00 -1.022757351637701504e+03
1.300000000000000000e+01 -4.863427307864463423e+00 -9.952487145337215679e+02
1.300000000000000000e+01 -4.863427307866214910e+00 9.952487145337187258e+02
1.300000000000000000e+01 -6.834013987523472444e+00 1.632485840520496367e+03
1.300000000000000000e+01 -6.834013987524783396e+00 -1.632485840520497277e+03
1.300000000000000000e+01 -3.387737373543443198e+01 -4.829588711128683087e+01
1.300000000000000000e+01 -3.387737373543558306e+01 4.829588711128816669e+01
1.300000000000000000e+01 -3.700962485726394391e+01 -2.840278142470321127e-13
1.300000000000000000e+01 -4.538643145077154628e+01 -2.446296277257601659e+01
1.300000000000000000e+01 -4.538643145077269736e+01 2.446296277257840757e+01
1.300000000000000000e+01 -5.486682753026844495e+01 0.000000000000000000e+00
1.300000000000000000e+01 -5.691726567237382994e+01 -5.077525718321717285e+00
1.300000000000000000e+01 -5.691726567237455470e+01 5.077525718319930270e+00
1.300000000000000000e+01 -5.964465006824000426e+01 2.821203536240841103e+01
1.300000000000000000e+01 -5.964465006824311644e+01 -2.821203536240695797e+01
1.300000000000000000e+01 -9.314410884768869892e+01 -1.939285174234726213e-12
1.300000000000000000e+01 -1.297957530471168752e+02 -4.853594298631068504e+00
1.300000000000000000e+01 -1.297957530471180974e+02 4.853594298631095150e+00
1.300000000000000000e+01 -1.552667688226037797e+02 2.014722065968528758e-12
1.300000000000000000e+01 -1.950001580303764968e+02 6.768056758286818447e-13
1.300000000000000000e+01 -2.539207665388174178e+02 -6.393677533131718604e+01
1.300000000000000000e+01 -2.539207665388185262e+02 6.393677533131519652e+01
1.300000000000000000e+01 -2.563024352920479600e+02 -8.041594734078987354e-13
1.300000000000000000e+01 -3.722273856348420509e+02 4.917758912951154543e-13
1.300000000000000000e+01 -4.816737477927330247e+02 -2.176634282590030455e-13
1.300000000000000000e+01 -5.096262258561947647e+02 1.667759043394267310e-12
1.300000000000000000e+01 -5.652134561036353944e+02 -5.997234008299898151e-15
1.300000000000000000e+01 -6.770062058193065013e+02 7.370681763018880402e-13
1.300000000000000000e+01 -8.558090261333533135e+02 7.178277022147110293e-13
1.300000000000000000e+01 -2.225634338576276150e+03 3.636064092900872644e-13
1.300000000000000000e+01 -3.206461038205010482e+03 -6.534512719466769340e+03
1.300000000000000000e+01 -3.372451059777666615e+03 -2.389496573863361254e-12
1.300000000000000000e+01 -3.480620502432190278e+03 -6.388458135749528992e+03
1.300000000000000000e+01 -3.480620502432194371e+03 6.388458135749528083e+03
1.300000000000000000e+01 -3.815359779566505040e+03 -4.357782359845986321e+03
1.300000000000000000e+01 -3.815359779566517318e+03 4.357782359845980864e+03
1.300000000000000000e+01 -3.920334868557203663e+03 -2.926780296784445175e-12
1.300000000000000000e+01 -4.012275230503249531e+03 4.308813432330694923e+03
1.300000000000000000e+01 -4.012275230503269086e+03 -4.308813432330690375e+03
1.300000000000000000e+01 -4.061652938259555867e+03 -6.534512719466768431e+03
1.300000000000000000e+01 -4.078887501508480455e+03 -3.797830645197638725e-12
1.300000000000000000e+01 -4.087164028935848819e+03 4.408761313907538351e+03
1.300000000000000000e+01 -4.087164028935854276e+03 -4.408761313907531076e+03
1.300000000000000000e+01 -4.251231799686936938e+03 1.266564504505734565e-12
1.300000000000000000e+01 -4.500466212482689116e+03 7.076653476781204736e-13
1.300000000000000000e+01 -4.540817051257998173e+03 -1.182841579840626991e+03
1.300000000000000000e+01 -4.540817051258005449e+03 1.182841579840626764e+03
1.300000000000000000e+01 -4.935832995643727372e+03 4.371613894433888845e+02
1.300000000000000000e+01 -4.935832995643736467e+03 -4.371613894433906466e+02
1.300000000000000000e+01 -5.958963738919481330e+03 5.246748879955332086e+03
1.300000000000000000e+01 -5.958963738919524985e+03 -5.246748879955306620e+03
1.300000000000000000e+01 -6.857286929873461304e+03 3.916143637217945135e-12
1.300000000000000000e+01 -1.158863884593183138e+04 -2.711440153751647792e-11
1.400000000000000000e+01 -9.381975345003547295e-02 6.963156560052822215e+02
1.400000000000000000e+01 -9.381975345078867601e-02 -6.963156560052863142e+02
1.400000000000000000e+01 -1.409745802265752301e+00 -2.584612302541773943e+02
1.400000000000000000e+01 -1.409745802269843251e+00 2.584612302541745521e+02
1.400000000000000000e+01 -1.906009697660445257e+00 2.799540802467180711e+01
1.400000000000000000e+01 -1.906009697662214508e+00 -2.799540802466967193e+01
1.400000000000000000e+01 -1.973749262476045985e+00 -1.847050786470843491e+02
1.400000000000000000e+01 -1.973749262483835976e+00 1.847050786470837807e+02
1.400000000000000000e+01 -2.231537986003546248e+00 5.260598244354956705e+02
1.400000000000000000e+01 -2.231537986009162200e+00 -5.260598244354956705e+02
1.400000000000000000e+01 -3.753989715433715180e+00 1.025488361031396607e+03
1.400000000000000000e+01 -3.753989715438239561e+00 -1.025488361031398881e+03
1.400000000000000000e+01 -4.974687265908620759e+00 1.001032614807564642e+03
1.400000000000000000e+01 -4.974687265909015998e+00 -1.001032614807564869e+03
1.400000000000000000e+01 -6.630291747602958807e+00 -1.643464659915454831e+03
1.400000000000000000e+01 -6.630291747611503084e+00 1.643464659915456195e+03
1.400000000000000000e+01 -3.664724927071657845e+01 5.200964588238976916e+01
1.400000000000000000e+01 -3.664724927071790006e+01 -5.200964588238777253e+01
1.400000000000000000e+01 -3.980019426334481381e+01 -5.018579724538020487e-13
1.400000000000000000e+01 -4.953239371832692939e+01 2.580781416978734910e+01
1.400000000000000000e+01 -4.953239371832972893e+01 -2.580781416978624776e+01
1.400000000000000000e+01 -5.949147039396614645e+01 0.000000000000000000e+00
1.400000000000000000e+01 -6.208043847410927185e+01 -6.391124002521115344e+00
1.400000000000000000e+01 -6.208043847410977634e+01 6.391124002521237912e+00
1.400000000000000000e+01 -6.440495666019540977e+01 -3.049251317091730584e+01
1.400000000000000000e+01 -6.440495666019639032e+01 3.049251317092055302e+01
1.400000000000000000e+01 -1.004804864274125293e+02 9.572645422635622201e-14
1.400000000000000000e+01 -1.385225106993076167e+02 7.162962894444488526e+00
1.400000000000000000e+01 -1.385225106993153190e+02 -7.162962894444663497e+00
1.400000000000000000e+01 -1.673036028687095040e+02 -2.341460167241496503e-13
1.400000000000000000e+01 -2.091465135469480288e+02 -1.433329123656782290e-12
1.400000000000000000e+01 -2.697046947634119647e+02 -7.187103415002360407e+01
1.400000000000000000e+01 -2.697046947634169101e+02 7.187103415002610518e+01
1.400000000000000000e+01 -2.746548727957501228e+02 5.416985435739962933e-13
1.400000000000000000e+01 -4.048061758299651842e+02 -9.784483313406616831e-13
1.400000000000000000e+01 -4.996987042442960387e+02 1.016907303982511962e-12
1.400000000000000000e+01 -5.528258147377421210e+02 5.466002281267908216e-13
1.400000000000000000e+01 -5.920785698522133771e+02 6.687685065230860586e-13
1.400000000000000000e+01 -7.157089986696074675e+02 1.028754701792085101e-12
1.400000000000000000e+01 -9.231748070101018584e+02 -9.841075564620372659e-13
1.400000000000000000e+01 -2.455157813514798363e+03 7.728628553690321837e-13
1.400000000000000000e+01 -3.396774234964783318e+03 7.037167544041134533e+03
1.400000000000000000e+01 -3.593255933409954196e+03 -2.826603916137858271e-12
1.400000000000000000e+01 -3.754000179508610017e+03 6.931900758717823010e+03
1.400000000000000000e+01 -3.754000179508610472e+03 -6.931900758717826648e+03
1.400000000000000000e+01 -4.127733902080564803e+03 -4.714733418311309833e+03
1.400000000000000000e+01 -4.127733902080574808e+03 4.714733418311308924e+03
1.400000000000000000e+01 -4.142018112073982593e+03 3.402930153695607512e-12
1.400000000000000000e+01 -4.280267014399792970e+03 -4.774083228311238761e-13
1.400000000000000000e+01 -4.316689322996716328e+03 7.037167544041134533e+03
1.400000000000000000e+01 -4.325293557740814322e+03 4.663466293025933737e+03
1.400000000000000000e+01 -4.325293557740818869e+03 -4.663466293025920095e+03
1.400000000000000000e+01 -4.366120628791777563e+03 4.734517400680334504e+03
1.400000000000000000e+01 -4.366120628791784839e+03 -4.734517400680336323e+03
1.400000000000000000e+01 -4.549295290891041077e+03 4.003705327146144473e-13
1.400000000000000000e+01 -4.804627560333230576e+03 6.911277027199758309e-12
1.400000000000000000e+01 -4.863497092002330646e+03 -1.257831072121950001e+03
1.400000000000000000e+01 -4.863497092002335194e+03 1.257831072121946363e+03
1.400000000000000000e+01 -5.325257741013334453e+03 -4.266982797356420747e+02
1.400000000000000000e+01 -5.325257741013335362e+03 4.266982797356448032e+02
1.400000000000000000e+01 -6.461169675561054646e+03 -5.706280715874548150e+03
1.400000000000000000e+01 -6.461169675561097392e+03 5.706280715874524503e+03
1.400000000000000000e+01 -7.400562151199035725e+03 9.960704234963288870e-13
1.400000000000000000e+01 -1.262133601632344289e+04 1.525316387969207602e-10
1.500000000000000000e+01 -1.215092618492328302e-01 -6.933577431890727212e+02
1.500000000000000000e+01 -1.215092618545516728e-01 6.933577431890716980e+02
1.500000000000000000e+01 -1.516059657270253380e+00 2.581401215386530339e+02
1.500000000000000000e+01 -1.516059657281712880e+00 -2.581401215386537160e+02
1.500000000000000000e+01 -2.057634777652763702e+00 2.799780037022315682e+01
1.500000000000000000e+01 -2.057634777653018165e+00 -2.799780037022424040e+01
1.500000000000000000e+01 -2.130358372978127246e+00 -1.847470883273891786e+02
1.500000000000000000e+01 -2.130358372978283565e+00 1.847470883273871607e+02
1.500000000000000000e+01 -2.301338986528916664e+00 5.263647799341332529e+02
1.500000000000000000e+01 -2.301338986529266162e+00 -5.263647799341291602e+02
1.500000000000000000e+01 -3.682881597754537495e+00 -1.027711299586526366e+03
1.500000000000000000e+01 -3.682881597759303016e+00 1.027711299586529549e+03
1.500000000000000000e+01 -5.097190109243946665e+00 1.007099174047578799e+03
1.500000000000000000e+01 -5.097190109245874901e+00 -1.007099174047576412e+03
1.500000000000000000e+01 -6.429496097551540501e+00 -1.652522363996714375e+03
1.500000000000000000e+01 -6.429496097555326806e+00 1.652522363996718013e+03
1.500000000000000000e+01 -3.957752112010594203e+01 -5.600185841998640512e+01
1.500000000000000000e+01 -3.957752112010705048e+01 5.600185841998538905e+01
1.500000000000000000e+01 -4.257356639936079290e+01 8.241750995822415059e-13
1.500000000000000000e+01 -5.384166626661222921e+01 -2.698939836932999725e+01
1.500000000000000000e+01 -5.384166626661687616e+01 2.698939836932876801e+01
1.500000000000000000e+01 -6.449696783528942490e+01 1.845762392400688608e-14
1.500000000000000000e+01 -6.833793142169619728e+01 7.582764746444252246e+00
1.500000000000000000e+01 -6.833793142169838575e+01 -7.582764746444469850e+00
1.500000000000000000e+01 -6.911896945295521277e+01 3.325555659900982164e+01
1.500000000000000000e+01 -6.911896945295522698e+01 -3.325555659900837924e+01
1.500000000000000000e+01 -1.075771811812393395e+02 5.742075298830908258e-13
1.500000000000000000e+01 -1.452178180891579586e+02 6.273794526649419723e+00
1.500000000000000000e+01 -1.452178180891647514e+02 -6.273794526649632886e+00
1.500000000000000000e+01 -1.792289323102608876e+02 -5.179891034513813009e-13
1.500000000000000000e+01 -2.228457716743412220e+02 -3.103114003688341179e-13
1.500000000000000000e+01 -2.805845920958150828e+02 -7.890175467363209805e+01
1.500000000000000000e+01 -2.805845920958190618e+02 7.890175467362972483e+01
1.500000000000000000e+01 -2.905440026857683051e+02 5.753432452598693011e-14
1.500000000000000000e+01 -4.344360895054496723e+02 3.263378366271067984e-12
1.500000000000000000e+01 -5.152609565241375549e+02 2.892339293476457641e-13
1.500000000000000000e+01 -5.901499445376534823e+02 -6.936192288825367010e-14
1.500000000000000000e+01 -6.133569400749239549e+02 6.586724357870892438e-13
1.500000000000000000e+01 -7.370155222058288018e+02 8.532942902063660782e-13
1.500000000000000000e+01 -9.883119887904459802e+02 -1.010906486562733051e-12
1.500000000000000000e+01 -2.674846906138702707e+03 3.519365459832804061e-13
1.500000000000000000e+01 -3.607750002017070528e+03 -7.539822368615503365e+03
1.500000000000000000e+01 -3.739554630314745737e+03 3.808446845053103289e-13
1.500000000000000000e+01 -3.946132530593480624e+03 7.539822368615501546e+03
1.500000000000000000e+01 -4.084646090457183618e+03 -7.539822368615503365e+03
1.500000000000000000e+01 -4.365489328373500030e+03 6.734126370973465351e-12
1.500000000000000000e+01 -4.449099858400109952e+03 -5.071264595535264561e+03
1.500000000000000000e+01 -4.449099858400110861e+03 5.071264595535244553e+03
1.500000000000000000e+01 -4.457607829327184845e+03 -2.971571404243458383e-12
1.500000000000000000e+01 -4.541223529781613252e+03 -7.539822368615503365e+03
1.500000000000000000e+01 -4.621262025456491756e+03 5.070644286735951937e+03
1.500000000000000000e+01 -4.621262025456511765e+03 -5.070644286735944661e+03
1.500000000000000000e+01 -4.656792526890030786e+03 -5.025250072760924922e+03
1.500000000000000000e+01 -4.656792526890052613e+03 5.025250072760953117e+03
1.500000000000000000e+01 -4.857605778359215037e+03 1.978020428086201909e-12
1.500000000000000000e+01 -5.117189975184237483e+03 -2.778780804718684578e-12
1.500000000000000000e+01 -5.172924486548580717e+03 1.309965884404805365e+03
1.500000000000000000e+01 -5.172924486548589812e+03 -1.309965884404806047e+03
1.500000000000000000e+01 -5.643696173735272168e+03 5.491243163993631242e+02
1.500000000000000000e+01 -5.643696173735278535e+03 -5.491243163993628968e+02
1.500000000000000000e+01 -6.918014953168032662e+03 6.237081619453110761e+03
1.500000000000000000e+01 -6.918014953168039028e+03 -6.237081619453109852e+03
1.500000000000000000e+01 -8.021095944092831814e+03 -1.038583942388691597e-11
1.500000000000000000e+01 -1.406503849407032249e+04 -2.906914744153467898e-10
1.600000000000000000e+01 -1.541139334914879977e-01 6.895562409022464863e+02
1.600000000000000000e+01 -1.541139335070782490e-01 -6.895562409022434167e+02
1.600000000000000000e+01 -1.623905075760512684e+00 -2.577691101534137488e+02
1.600000000000000000e+01 -1.623905075763015793e+00 2.577691101534115887e+02
1.600000000000000000e+01 -2.210630488555431317e+00 2.799964359129331370e+01
1.600000000000000000e+01 -2.210630488560006324e+00 -2.799964359129116431e+01
1.600000000000000000e+01 -2.291025206180718587e+00 1.847856735573912772e+02
1.600000000000000000e+01 -2.291025206185338003e+00 -1.847856735573904814e+02
1.600000000000000000e+01 -2.378733559998847280e+00 5.266110115099518225e+02
1.600000000000000000e+01 -2.378733560008400083e+00 -5.266110115099519362e+02
1.600000000000000000e+01 -3.632692326545349903e+00 1.029547374691431742e+03
1.600000000000000000e+01 -3.632692326545539530e+00 -1.029547374691432879e+03
1.600000000000000000e+01 -5.227824360967073147e+00 1.013611388530972818e+03
1.600000000000000000e+01 -5.227824360974050677e+00 -1.013611388530973159e+03
1.600000000000000000e+01 -6.239097812104789753e+00 1.660072944991585246e+03
1.600000000000000000e+01 -6.239097812113026720e+00 -1.660072944991590248e+03
1.600000000000000000e+01 -4.279058924527276986e+01 6.035833337673524568e+01
1.600000000000000000e+01 -4.279058924527853236e+01 -6.035833337673576438e+01
1.600000000000000000e+01 -4.532604605514259077e+01 5.846355965059594722e-12
1.600000000000000000e+01 -5.773800488509368734e+01 2.768591239264064896e+01
1.600000000000000000e+01 -5.773800488509830586e+01 -2.768591239264396364e+01
1.600000000000000000e+01 -7.032576647655793067e+01 1.721285464180259173e-13
1.600000000000000000e+01 -7.348919166930330960e+01 -3.653329409332626199e+01
1.600000000000000000e+01 -7.348919166930502911e+01 3.653329409332875599e+01
1.600000000000000000e+01 -7.430942925838246538e+01 -5.153884086680000656e-13
1.600000000000000000e+01 -9.747830729897778212e+01 -8.094474198102375340e+00
1.600000000000000000e+01 -9.747830729897808055e+01 8.094474198097676876e+00
1.600000000000000000e+01 -1.176700459107751016e+02 8.041625224751346000e-13
1.600000000000000000e+01 -1.659415188847970626e+02 3.111945652398647471e-12
1.600000000000000000e+01 -1.903220077607946337e+02 5.456375406493662770e-14
1.600000000000000000e+01 -2.348225905010507404e+02 -3.057434268657278091e-13
1.600000000000000000e+01 -2.818151608045490661e+02 -6.120457924236750102e+01
1.600000000000000000e+01 -2.818151608045589569e+02 6.120457924236426095e+01
1.600000000000000000e+01 -2.990360703012133854e+02 -1.706827412414377496e-13
1.600000000000000000e+01 -4.479008978732483115e+02 1.709038866134124878e-13
1.600000000000000000e+01 -5.465950477377792822e+02 1.388974937503334885e-12
1.600000000000000000e+01 -6.136629221374022336e+02 3.536022681569646888e-13
1.600000000000000000e+01 -6.418414262244427846e+02 1.294698362666356997e-12
1.600000000000000000e+01 -7.575573794927593099e+02 -2.968717327561197116e-12
1.600000000000000000e+01 -1.052046650253607140e+03 4.998397155038929188e-13
1.600000000000000000e+01 -2.861785051852311426e+03 1.385919794597502576e-12
1.600000000000000000e+01 -3.702558104145436118e+03 -3.558990093905524615e-14
1.600000000000000000e+01 -3.837203963758749978e+03 8.042477193189869467e+03
1.600000000000000000e+01 -4.096022954565346481e+03 -8.042477193189868558e+03
1.600000000000000000e+01 -4.483391347168651919e+03 8.042477193189870377e+03
1.600000000000000000e+01 -4.664202737549922858e+03 4.610469571700838287e+01
1.600000000000000000e+01 -4.664202737549931953e+03 -4.610469571700913605e+01
1.600000000000000000e+01 -4.759555534731200169e+03 8.042477193189870377e+03
1.600000000000000000e+01 -4.813009490532835116e+03 5.502398509544517765e+03
1.600000000000000000e+01 -4.813009490532860582e+03 -5.502398509544526860e+03
1.600000000000000000e+01 -4.822519574242699491e+03 -5.376763413499975286e+03
1.600000000000000000e+01 -4.822519574242752242e+03 5.376763413499971648e+03
1.600000000000000000e+01 -4.997582733848551470e+03 5.356664714147807899e+03
1.600000000000000000e+01 -4.997582733848554199e+03 -5.356664714147809718e+03
1.600000000000000000e+01 -5.168701643139549560e+03 6.030882968977462696e-12
1.600000000000000000e+01 -5.431130601375442893e+03 7.574098661879195945e-12
1.600000000000000000e+01 -5.517528718735522489e+03 1.362864867108322869e+03
1.600000000000000000e+01 -5.517528718735529765e+03 -1.362864867108320141e+03
1.600000000000000000e+01 -5.902012562157733555e+03 6.600236182073124382e+02
1.600000000000000000e+01 -5.902012562157740831e+03 -6.600236182073093687e+02
1.600000000000000000e+01 -7.265681319263314435e+03 6.729332096603577156e+03
1.600000000000000000e+01 -7.265681319263334444e+03 -6.729332096603566242e+03
1.600000000000000000e+01 -8.692213304359129324e+03 2.360893564144768360e-12
1.600000000000000000e+01 -1.570089928570884695e+04 8.042477193189714853e+03
1.700000000000000000e+01 -1.912263098470631528e-01 6.848982584060529462e+02
1.700000000000000000e+01 -1.912263098534018047e-01 -6.848982584060524914e+02
1.700000000000000000e+01 -1.732984511956363383e+00 2.573457754560774902e+02
1.700000000000000000e+01 -1.732984511970779185e+00 -2.573457754560823219e+02
1.700000000000000000e+01 -2.365164001534254101e+00 2.800117514964746590e+01
1.700000000000000000e+01 -2.365164001539079131e+00 -2.800117514964859922e+01
1.700000000000000000e+01 -2.455779587087503657e+00 -1.848214205271785033e+02
1.700000000000000000e+01 -2.455779587089250260e+00 1.848214205271840171e+02
1.700000000000000000e+01 -2.462491716559974453e+00 -5.268098597999884305e+02
1.700000000000000000e+01 -2.462491716572086098e+00 5.268098597999894537e+02
1.700000000000000000e+01 -3.606491308834895992e+00 -1.031096618482564509e+03
1.700000000000000000e+01 -3.606491308837760812e+00 1.031096618482565418e+03
1.700000000000000000e+01 -5.356809760337494453e+00 -1.020686069734940475e+03
1.700000000000000000e+01 -5.356809760340746074e+00 1.020686069734938883e+03
1.700000000000000000e+01 -6.062867193659609910e+00 1.666425319771746672e+03
1.700000000000000000e+01 -6.062867193666863663e+00 -1.666425319771751901e+03
1.700000000000000000e+01 -4.596379845671108200e+01 -6.457882407780365952e+01
1.700000000000000000e+01 -4.596379845671206965e+01 6.457882407780061840e+01
1.700000000000000000e+01 -4.806747877430676397e+01 -4.157379537783954724e-12
1.700000000000000000e+01 -6.007650257428834095e+01 2.796463918584612074e+01
1.700000000000000000e+01 -6.007650257429240526e+01 -2.796463918584080943e+01
1.700000000000000000e+01 -7.406752834940101593e+01 2.498815480158032898e+00
1.700000000000000000e+01 -7.406752834940132857e+01 -2.498815480157696278e+00
1.700000000000000000e+01 -7.517327909770793326e+01 -3.888689333907566237e+01
1.700000000000000000e+01 -7.517327909771536554e+01 3.888689333907633738e+01
1.700000000000000000e+01 -8.823636625936765654e+01 -4.078614448315723706e+01
1.700000000000000000e+01 -8.823636625936950395e+01 4.078614448315818208e+01
1.700000000000000000e+01 -1.221845307569544303e+02 3.435004661889449094e-12
1.700000000000000000e+01 -1.854465208333742794e+02 -1.444412306143335777e-13
1.700000000000000000e+01 -1.992607914332451742e+02 2.620847936729382008e-12
1.700000000000000000e+01 -2.356788494253677015e+02 1.704836153329895762e-12
1.700000000000000000e+01 -2.646561546487749865e+02 -2.285548301042933912e-13
1.700000000000000000e+01 -3.226430779796368711e+02 -3.197495758880859285e+01
1.700000000000000000e+01 -3.226430779796420438e+02 3.197495758880942418e+01
1.700000000000000000e+01 -4.611611472453623151e+02 3.946141808240913085e-13
1.700000000000000000e+01 -6.034371516663309194e+02 -1.319865081327647589e-13
1.700000000000000000e+01 -6.358151133434439544e+02 -4.885669785105985221e-13
1.700000000000000000e+01 -6.779991463773551459e+02 -2.793565312400950676e-12
1.700000000000000000e+01 -7.890607417050948698e+02 6.793629085011040881e-13
1.700000000000000000e+01 -1.118704650038896489e+03 -1.566162734135020613e-12
1.700000000000000000e+01 -3.022629086829065272e+03 -1.082888348810004864e-12
1.700000000000000000e+01 -3.707675011730369079e+03 -5.800082811491669527e-14
1.700000000000000000e+01 -4.065810053403407892e+03 -8.545132017764237389e+03
1.700000000000000000e+01 -4.324379109486349989e+03 -8.545132017764237389e+03
1.700000000000000000e+01 -4.860225021055123761e+03 1.338976135205195203e-12
1.700000000000000000e+01 -4.930762686694603872e+03 -8.527196546693221535e+03
1.700000000000000000e+01 -4.930762686694669355e+03 8.527196546693216078e+03
1.700000000000000000e+01 -5.039171948838589742e+03 -6.387820477904987639e-12
1.700000000000000000e+01 -5.077557368466026674e+03 5.927943825483092041e+03
1.700000000000000000e+01 -5.077557368466042135e+03 -5.927943825483106593e+03
1.700000000000000000e+01 -5.120258090903077573e+03 -5.676800679011128523e+03
1.700000000000000000e+01 -5.120258090903100310e+03 5.676800679011129432e+03
1.700000000000000000e+01 -5.334334673439701874e+03 -5.681191469280729507e+03
1.700000000000000000e+01 -5.334334673439707331e+03 5.681191469280728597e+03
1.700000000000000000e+01 -5.479912425759839607e+03 3.196785486788153298e-12
1.700000000000000000e+01 -5.751690203648068746e+03 2.381593568141950349e-12
1.700000000000000000e+01 -5.896384482220521022e+03 -1.446641167847974884e+03
1.700000000000000000e+01 -5.896384482220527389e+03 1.446641167847970337e+03
1.700000000000000000e+01 -6.176609501926431221e+03 -7.356952638528880470e+02
1.700000000000000000e+01 -6.176609501926438497e+03 7.356952638528844091e+02
1.700000000000000000e+01 -7.540823543244268876e+03 7.099628989331929006e+03
1.700000000000000000e+01 -7.540823543244283428e+03 -7.099628989331920820e+03
1.700000000000000000e+01 -9.356706797640841614e+03 5.301607329728776018e-12
1.700000000000000000e+01 -1.368560401446386459e+04 -8.545132017764102784e+03
1.800000000000000000e+01 -2.320722749028283072e-01 -6.793783249284398380e+02
1.800000000000000000e+01 -2.320722749137769103e-01 6.793783249284475687e+02
1.800000000000000000e+01 -1.843026787065456862e+00 -2.568669005487408867e+02
1.800000000000000000e+01 -1.843026787074454553e+00 2.568669005487408867e+02
1.800000000000000000e+01 -2.521207012674625769e+00 2.800250764919633895e+01
1.800000000000000000e+01 -2.521207012674973491e+00 -2.800250764919353941e+01
1.800000000000000000e+01 -2.551915260650883255e+00 5.269695598239530909e+02
1.800000000000000000e+01 -2.551915260656293150e+00 -5.269695598239484298e+02
1.800000000000000000e+01 -2.624477279096715687e+00 1.848544722379922973e+02
1.800000000000000000e+01 -2.624477279098799798e+00 -1.848544722379947700e+02
1.800000000000000000e+01 -3.685900745573758464e+00 1.032506546621007146e+03
1.800000000000000000e+01 -3.685900745575388271e+00 -1.032506546621005555e+03
1.800000000000000000e+01 -5.399962113502787986e+00 -1.028333258990965760e+03
1.800000000000000000e+01 -5.399962113506008521e+00 1.028333258990963486e+03
1.800000000000000000e+01 -5.902506367531096920e+00 1.671813415414731480e+03
1.800000000000000000e+01 -5.902506367543228549e+00 -1.671813415414737619e+03
1.800000000000000000e+01 -4.919473470414511240e+01 -6.821882152383504661e+01
1.800000000000000000e+01 -4.919473470414923355e+01 6.821882152383921039e+01
1.800000000000000000e+01 -5.081216309514828566e+01 -1.899507232437307978e-13
1.800000000000000000e+01 -6.193310385848280220e+01 -2.823734898754366185e+01
1.800000000000000000e+01 -6.193310385848282351e+01 2.823734898754198497e+01
1.800000000000000000e+01 -7.679133540557482718e+01 -4.011815118490034848e+01
1.800000000000000000e+01 -7.679133540557579352e+01 4.011815118490203247e+01
1.800000000000000000e+01 -7.760166581642154426e+01 2.535658468238092045e+00
1.800000000000000000e+01 -7.760166581642286587e+01 -2.535658468238250585e+00
1.800000000000000000e+01 -9.010170652803277846e+01 4.560071419686528316e+01
1.800000000000000000e+01 -9.010170652803600433e+01 -4.560071419687016459e+01
1.800000000000000000e+01 -1.287681779856461901e+02 3.272765323023929863e-12
1.800000000000000000e+01 -2.009445590487299569e+02 -4.832183203806872127e-12
1.800000000000000000e+01 -2.085122208715793306e+02 4.934167164871650959e-12
1.800000000000000000e+01 -2.416812357736178285e+02 3.100666890911895637e-13
1.800000000000000000e+01 -2.736002238347200546e+02 1.625564541585326286e-13
1.800000000000000000e+01 -3.499786232059531130e+02 -3.179201926347347751e+01
1.800000000000000000e+01 -3.499786232059534541e+02 3.179201926347201379e+01
1.800000000000000000e+01 -4.831715711764902039e+02 2.561577205049368221e-12
1.800000000000000000e+01 -6.569094405470582387e+02 -2.783866125105495470e+01
1.800000000000000000e+01 -6.569094405470630136e+02 2.783866125105465628e+01
1.800000000000000000e+01 -7.157542840465788458e+02 2.408547025364538829e-12
1.800000000000000000e+01 -8.335457403440581174e+02 1.110208831085446699e-12
1.800000000000000000e+01 -1.185396577974508318e+03 -9.989007707699610752e-13
1.800000000000000000e+01 -3.170775683673899948e+03 8.659711662589380757e-13
1.800000000000000000e+01 -3.843446536356349498e+03 8.946736862302495593e-13
1.800000000000000000e+01 -4.292623211424986039e+03 -9.047786842338600763e+03
1.800000000000000000e+01 -4.592780269036609752e+03 -9.047786842338604401e+03
1.800000000000000000e+01 -5.043697010363503068e+03 1.007372060319329113e-12
1.800000000000000000e+01 -5.224325626301623743e+03 -8.896522507722746013e+03
1.800000000000000000e+01 -5.224325626301624652e+03 8.896522507722744194e+03
1.800000000000000000e+01 -5.341435908895796274e+03 6.328139149649399769e+03
1.800000000000000000e+01 -5.341435908895799002e+03 -6.328139149649397950e+03
1.800000000000000000e+01 -5.376114638677363473e+03 1.479335468672098049e-12
1.800000000000000000e+01 -5.421914986864160710e+03 -5.996124429685568430e+03
1.800000000000000000e+01 -5.421914986864173443e+03 5.996124429685544783e+03
1.800000000000000000e+01 -5.665376101066282899e+03 -6.003615837437508162e+03
1.800000000000000000e+01 -5.665376101066286537e+03 6.003615837437503615e+03
1.800000000000000000e+01 -5.790805816785570642e+03 -6.367136605565693158e-12
1.800000000000000000e+01 -6.074848991896613370e+03 4.925693750833371473e-12
1.800000000000000000e+01 -6.267864946481794505e+03 -1.542210358372784185e+03
1.800000000000000000e+01 -6.267864946481795414e+03 1.542210358372781684e+03
1.800000000000000000e+01 -6.493056229101628560e+03 8.295881441768070772e+02
1.800000000000000000e+01 -6.493056229101629469e+03 -8.295881441768069635e+02
1.800000000000000000e+01 -7.905312875303634428e+03 7.506173365440528869e+03
1.800000000000000000e+01 -7.905312875303636247e+03 -7.506173365440537054e+03
1.800000000000000000e+01 -1.000088417904411654e+04 -1.424854787433813625e-11
1.800000000000000000e+01 -1.372061411080531252e+04 9.047786842338558927e+03
1.900000000000000000e+01 -2.756792481658366656e-01 6.730001304033741008e+02
1.900000000000000000e+01 -2.756792481701175745e-01 -6.730001304033750102e+02
1.900000000000000000e+01 -1.953765653442452344e+00 2.563287624061848646e+02
1.900000000000000000e+01 -1.953765653445340034e+00 -2.563287624061828183e+02
1.900000000000000000e+01 -2.646375487938320781e+00 -5.270960864907223140e+02
1.900000000000000000e+01 -2.646375487946738492e+00 5.270960864907134464e+02
1.900000000000000000e+01 -2.678823812802865856e+00 -2.800377871809151031e+01
1.900000000000000000e+01 -2.678823812807570537e+00 2.800377871809423169e+01
1.900000000000000000e+01 -2.797119448078676296e+00 -1.848850042987357654e+02
1.900000000000000000e+01 -2.797119448094859795e+00 1.848850042987367601e+02
1.900000000000000000e+01 -3.678302722069779929e+00 -1.033044653550331986e+03
1.900000000000000000e+01 -3.678302722089009880e+00 1.033044653550335397e+03
1.900000000000000000e+01 -5.549017684884313795e+00 -1.037396373215660560e+03
1.900000000000000000e+01 -5.549017684893199132e+00 1.037396373215662607e+03
1.900000000000000000e+01 -5.758135465464216729e+00 -1.676416309600186196e+03
1.900000000000000000e+01 -5.758135465480409110e+00 1.676416309600179829e+03
1.900000000000000000e+01 -5.318995464655114347e+01 6.959811170609860653e+01
1.900000000000000000e+01 -5.318995464655218086e+01 -6.959811170609886233e+01
1.900000000000000000e+01 -5.365321612892857672e+01 -1.974306870928474560e-12
1.900000000000000000e+01 -6.328711492125851379e+01 2.141246838331225888e+01
1.900000000000000000e+01 -6.328711492125990645e+01 -2.141246838331003488e+01
1.900000000000000000e+01 -7.649288010357973633e+01 -3.817050144607355833e+01
1.900000000000000000e+01 -7.649288010358564804e+01 3.817050144607048878e+01
1.900000000000000000e+01 -7.649980452690932964e+01 -2.350284939032824221e-12
1.900000000000000000e+01 -8.079883064755448174e+01 -3.763166372051647120e-12
1.900000000000000000e+01 -9.713287806895705501e+01 5.207568217073347938e+01
1.900000000000000000e+01 -9.713287806896646259e+01 -5.207568217073315964e+01
1.900000000000000000e+01 -1.353849512643340347e+02 1.988685168696708969e-12
1.900000000000000000e+01 -2.116864967612572173e+02 -3.393965434939324906e-13
1.900000000000000000e+01 -2.290851992322696162e+02 9.485250402328926234e-13
1.900000000000000000e+01 -2.470858404542540825e+02 1.770502322115938170e-12
1.900000000000000000e+01 -2.863568103648131569e+02 -4.780367461385391397e-13
1.900000000000000000e+01 -3.771607864067196374e+02 3.056723850079892557e+01
1.900000000000000000e+01 -3.771607864067204332e+02 -3.056723850079787397e+01
1.900000000000000000e+01 -4.964154784941253524e+02 7.593289480752220593e-13
1.900000000000000000e+01 -6.854989849440863736e+02 7.174978512207707126e+01
1.900000000000000000e+01 -6.854989849440867147e+02 -7.174978512207582071e+01
1.900000000000000000e+01 -7.503219323248193859e+02 -1.898196087722919412e-12
1.900000000000000000e+01 -8.634165684958144311e+02 1.031406874575720321e-12
1.900000000000000000e+01 -1.193715339186264828e+03 1.712542971619558499e-13
1.900000000000000000e+01 -3.298850412265083833e+03 -5.092737767345111774e-13
1.900000000000000000e+01 -3.835917046200316690e+03 -2.360165947782509435e-12
1.900000000000000000e+01 -4.501682410670763602e+03 9.550441666912967776e+03
1.900000000000000000e+01 -4.585179880355552086e+03 -4.359120576791706768e-12
1.900000000000000000e+01 -4.869220999261869110e+03 -9.550441666912971414e+03
1.900000000000000000e+01 -5.483039975938983844e+03 9.301286735522664458e+03
1.900000000000000000e+01 -5.483039975938999305e+03 -9.301286735522662639e+03
1.900000000000000000e+01 -5.616629297772569771e+03 -6.726100529590421502e+03
1.900000000000000000e+01 -5.616629297772578866e+03 6.726100529590421502e+03
1.900000000000000000e+01 -5.699337239512277847e+03 -6.304131411828388082e+03
1.900000000000000000e+01 -5.699337239512286942e+03 6.304131411828384444e+03
1.900000000000000000e+01 -5.787543830419115693e+03 -7.067652402890493644e-12
1.900000000000000000e+01 -6.008666002429546097e+03 -6.320608429251123198e+03
1.900000000000000000e+01 -6.008666002429547916e+03 6.320608429251120469e+03
1.900000000000000000e+01 -6.123805259660898628e+03 1.709432708836329288e-12
1.900000000000000000e+01 -6.323797657810878263e+03 8.351830945180320999e-13
1.900000000000000000e+01 -6.714001895947372759e+03 1.681164326123089722e+03
1.900000000000000000e+01 -6.714001895947383673e+03 -1.681164326123094497e+03
1.900000000000000000e+01 -6.893383373697054594e+03 8.364281077937301916e+02
1.900000000000000000e+01 -6.893383373697059142e+03 -8.364281077937318969e+02
1.900000000000000000e+01 -8.254430631946834183e+03 8.036151042432067698e+03
1.900000000000000000e+01 -8.254430631946837821e+03 -8.036151042432055874e+03
1.900000000000000000e+01 -1.097094224005267097e+04 -2.337190627708185385e-11
1.900000000000000000e+01 -1.160101082270959887e+04 9.550441666912945948e+03
2.000000000000000000e+01 -3.207774686451579926e-01 6.657788012630437606e+02
2.000000000000000000e+01 -3.207774686485455606e-01 -6.657788012630396679e+02
2.000000000000000000e+01 -2.064750988455307024e+00 2.557264064917114297e+02
2.000000000000000000e+01 -2.064750988461345749e+00 -2.557264064917073085e+02
2.000000000000000000e+01 -2.745419243252790409e+00 -5.271934468458983929e+02
2.000000000000000000e+01 -2.745419243257407604e+00 5.271934468458966876e+02
2.000000000000000000e+01 -2.838066380278523315e+00 2.800512997926178471e+01
2.000000000000000000e+01 -2.838066380280611867e+00 -2.800512997926682246e+01
2.000000000000000000e+01 -2.973559538595005325e+00 -1.849129067246750253e+02
2.000000000000000000e+01 -2.973559538596449947e+00 1.849129067246746843e+02
2.000000000000000000e+01 -3.569793380960002871e+00 1.034090696462039659e+03
2.000000000000000000e+01 -3.569793380965290641e+00 -1.034090696462038295e+03
2.000000000000000000e+01 -5.629536443442665572e+00 -1.680373582009596703e+03
2.000000000000000000e+01 -5.629536443448550642e+00 1.680373582009594202e+03
2.000000000000000000e+01 -5.816066501047122195e+00 1.046567468192948809e+03
2.000000000000000000e+01 -5.816066501062620908e+00 -1.046567468192955175e+03
2.000000000000000000e+01 -5.648590755453627565e+01 -1.244194569583061859e-11
2.000000000000000000e+01 -5.681188710406566145e+01 7.300866977475450881e+01
2.000000000000000000e+01 -5.681188710407026576e+01 -7.300866977475908470e+01
2.000000000000000000e+01 -6.651270258703910088e+01 -1.936479998896354005e+01
2.000000000000000000e+01 -6.651270258704303728e+01 1.936479998897339883e+01
2.000000000000000000e+01 -7.694921468529133790e+01 -1.815788629323274259e-13
2.000000000000000000e+01 -8.118271448686380154e+01 3.964946476810730758e+01
2.000000000000000000e+01 -8.118271448686856218e+01 -3.964946476810548859e+01
2.000000000000000000e+01 -8.620569322482121777e+01 3.445910076661740392e-14
2.000000000000000000e+01 -1.026619188041614166e+02 -5.618325087302656584e+01
2.000000000000000000e+01 -1.026619188041688204e+02 5.618325087302316234e+01
2.000000000000000000e+01 -1.420598517134672534e+02 -1.198940479341719988e-12
2.000000000000000000e+01 -2.212674194196164308e+02 -8.302712493006442072e-14
2.000000000000000000e+01 -2.482102188245717400e+02 7.576411942803057465e-13
2.000000000000000000e+01 -2.587353661615239844e+02 1.030991099968549831e-12
2.000000000000000000e+01 -3.012350643665201915e+02 -9.381543651124242774e-13
2.000000000000000000e+01 -3.999626685798396011e+02 2.639669293426664254e+01
2.000000000000000000e+01 -3.999626685798411927e+02 -2.639669293426730690e+01
2.000000000000000000e+01 -5.427696712936389076e+02 5.366294615379925818e-13
2.000000000000000000e+01 -7.475531506213476405e+02 3.678842730382827142e+01
2.000000000000000000e+01 -7.475531506213511648e+02 -3.678842730382532267e+01
2.000000000000000000e+01 -7.864433045936289091e+02 2.318698542769491659e-12
2.000000000000000000e+01 -9.197596230293761437e+02 1.248641845974370328e-12
2.000000000000000000e+01 -1.296522511268956123e+03 -2.220238245548451943e-13
2.000000000000000000e+01 -3.443749122319581147e+03 -9.526525827301130700e-14
2.000000000000000000e+01 -4.221893082542109369e+03 -1.456808143051714027e-12
2.000000000000000000e+01 -4.734271723162871240e+03 1.005309649148733843e+04
2.000000000000000000e+01 -4.993144468541601782e+03 4.186097826496159461e-13
2.000000000000000000e+01 -5.152599010700460894e+03 1.005309649148733843e+04
2.000000000000000000e+01 -5.770857399892910507e+03 -9.799280506058876199e+03
2.000000000000000000e+01 -5.770857399892911417e+03 9.799280506058878018e+03
2.000000000000000000e+01 -5.895721860018221378e+03 -7.111152257027853921e+03
2.000000000000000000e+01 -5.895721860018227744e+03 7.111152257027851192e+03
2.000000000000000000e+01 -6.001766891900314477e+03 -6.639256395507447451e+03
2.000000000000000000e+01 -6.001766891900316296e+03 6.639256395507451998e+03
2.000000000000000000e+01 -6.118850305854341968e+03 -2.298556440925246890e-12
2.000000000000000000e+01 -6.311250380168041374e+03 -6.637924681238256198e+03
2.000000000000000000e+01 -6.311250380168051379e+03 6.637924681238243465e+03
2.000000000000000000e+01 -6.439856727823601432e+03 2.947147338681184931e-12
2.000000000000000000e+01 -6.653770577874276569e+03 -1.814705629816720516e-12
2.000000000000000000e+01 -7.091417745466726956e+03 -1.773606337302407383e+03
2.000000000000000000e+01 -7.091417745466734232e+03 1.773606337302403062e+03
2.000000000000000000e+01 -7.183850939422822194e+03 9.245478788928724043e+02
2.000000000000000000e+01 -7.183850939422824013e+03 -9.245478788928737686e+02
2.000000000000000000e+01 -8.686702899254041768e+03 8.210052748896005141e+03
2.000000000000000000e+01 -8.686702899254050863e+03 -8.210052748896010598e+03
2.000000000000000000e+01 -1.164960131010054647e+04 3.383788745172060440e-13
2.000000000000000000e+01 -1.345414335772283630e+04 -1.005309649148731660e+04
2.100000000000000000e+01 -3.659671444404676843e-01 -6.577411453975433915e+02
2.100000000000000000e+01 -3.659671444484035030e-01 6.577411453975417999e+02
2.100000000000000000e+01 -2.175584563336975918e+00 -2.550548477980832729e+02
2.100000000000000000e+01 -2.175584563353926359e+00 2.550548477980818518e+02
2.100000000000000000e+01 -2.848759281439985358e+00 -5.272645864324103968e+02
2.100000000000000000e+01 -2.848759281441068936e+00 5.272645864324058493e+02
2.100000000000000000e+01 -2.999084092354854736e+00 2.800673561309445248e+01
2.100000000000000000e+01 -2.999084092360471132e+00 -2.800673561309261572e+01
2.100000000000000000e+01 -3.154053251657659818e+00 -1.849384593924689852e+02
2.100000000000000000e+01 -3.154053251660359436e+00 1.849384593924675073e+02
2.100000000000000000e+01 -3.565638409293847566e+00 -1.034889277391495852e+03
2.100000000000000000e+01 -3.565638409299168199e+00 1.034889277391496535e+03
2.100000000000000000e+01 -5.515864763633351764e+00 1.683793480585443831e+03
2.100000000000000000e+01 -5.515864763638252732e+00 -1.683793480585437692e+03
2.100000000000000000e+01 -5.995507465838826988e+00 -1.056635381940629941e+03
2.100000000000000000e+01 -5.995507465843983752e+00 1.056635381940632215e+03
2.100000000000000000e+01 -5.929573961423233186e+01 -2.571368304368337994e-12
2.100000000000000000e+01 -6.036539740751267402e+01 -7.642406351662694419e+01
2.100000000000000000e+01 -6.036539740751724281e+01 7.642406351662690156e+01
2.100000000000000000e+01 -7.059418800196826282e+01 1.969846424506025073e+01
2.100000000000000000e+01 -7.059418800196981181e+01 -1.969846424505751870e+01
2.100000000000000000e+01 -7.750811960455584426e+01 -1.623154879074662950e-14
2.100000000000000000e+01 -8.605062728785523518e+01 -4.111825945565559692e+01
2.100000000000000000e+01 -8.605062728785753734e+01 4.111825945565614404e+01
2.100000000000000000e+01 -9.158230548223995982e+01 0.000000000000000000e+00
2.100000000000000000e+01 -1.081635616431482845e+02 -6.023466833301295509e+01
2.100000000000000000e+01 -1.081635616431486255e+02 6.023466833301552725e+01
2.100000000000000000e+01 -1.488466717923325575e+02 -1.327087736597099100e-12
2.100000000000000000e+01 -2.310329817218959931e+02 -1.176180199469553728e-12
2.100000000000000000e+01 -2.690979676407878856e+02 -3.939480336720723841e+00
2.100000000000000000e+01 -2.690979676407894772e+02 3.939480336721352671e+00
2.100000000000000000e+01 -3.167493350020790217e+02 -1.635157798068815002e-12
2.100000000000000000e+01 -4.212904117901298946e+02 -2.478431639177894397e+01
2.100000000000000000e+01 -4.212904117901307472e+02 2.478431639177828316e+01
2.100000000000000000e+01 -5.787011918471479248e+02 -1.357713994661152014e-14
2.100000000000000000e+01 -7.853807348231676997e+02 -3.003477070385217473e+01
2.100000000000000000e+01 -7.853807348231689502e+02 3.003477070385052983e+01
2.100000000000000000e+01 -8.244241410752796355e+02 9.833928465456561415e-13
2.100000000000000000e+01 -9.853729327501985154e+02 5.776296650623379970e-13
2.100000000000000000e+01 -1.369392665452061010e+03 4.806223704849910188e-13
2.100000000000000000e+01 -3.558435419719956826e+03 -1.806885872616937316e-13
2.100000000000000000e+01 -4.492358928660039055e+03 -2.889983036748685650e-12
2.100000000000000000e+01 -4.972895111285411076e+03 -1.055575131606170362e+04
2.100000000000000000e+01 -5.184106749676796426e+03 -1.084263611053703509e-12
2.100000000000000000e+01 -5.432498608917283491e+03 -1.055575131606170362e+04
2.100000000000000000e+01 -6.037660116237533657e+03 -1.025563735843293216e+04
2.100000000000000000e+01 -6.037660116237540933e+03 1.025563735843293398e+04
2.100000000000000000e+01 -6.167895954346439794e+03 -7.506012033419484396e+03
2.100000000000000000e+01 -6.167895954346451617e+03 7.506012033419480758e+03
2.100000000000000000e+01 -6.304602753742959976e+03 6.971995844005555227e+03
2.100000000000000000e+01 -6.304602753742969071e+03 -6.971995844005547951e+03
2.100000000000000000e+01 -6.443656192569294035e+03 1.816058316980121747e-12
2.100000000000000000e+01 -6.626852682393490795e+03 -6.959183478659231696e+03
2.100000000000000000e+01 -6.626852682393491705e+03 6.959183478659224420e+03
2.100000000000000000e+01 -6.753032511438103938e+03 -3.067117406123808789e-12
2.100000000000000000e+01 -6.967135294316411091e+03 2.897605103675224256e-12
2.100000000000000000e+01 -7.474190977209178527e+03 1.874955058966436354e+03
2.100000000000000000e+01 -7.474190977209184894e+03 -1.874955058966432262e+03
2.100000000000000000e+01 -7.506031829565056796e+03 1.023342777952021606e+03
2.100000000000000000e+01 -7.506031829565056796e+03 -1.023342777952014330e+03
2.100000000000000000e+01 -9.112926472325489158e+03 8.519315102270216812e+03
2.100000000000000000e+01 -9.112926472325500072e+03 -8.519315102270204079e+03
2.100000000000000000e+01 -1.237560995061748326e+04 -2.296486786324464274e-11
2.100000000000000000e+01 -1.433878960163956799e+04 -1.055575131606169089e+04
2.200000000000000000e+01 -4.098121598618449934e-01 6.489260503997589922e+02
2.200000000000000000e+01 -4.098121598837571877e-01 -6.489260503997566047e+02
2.200000000000000000e+01 -2.285769796566664791e+00 -2.543081947477958522e+02
2.200000000000000000e+01 -2.285769796578009050e+00 2.543081947477908216e+02
2.200000000000000000e+01 -2.955985892966117579e+00 -5.273109295327308246e+02
2.200000000000000000e+01 -2.955985892968240769e+00 5.273109295327299151e+02
2.200000000000000000e+01 -3.161771351434869537e+00 2.800869546901879303e+01
2.200000000000000000e+01 -3.161771351438779298e+00 -2.800869546901901685e+01
2.200000000000000000e+01 -3.338103302508299119e+00 -1.849611396419494724e+02
2.200000000000000000e+01 -3.338103302509813020e+00 1.849611396419504956e+02
2.200000000000000000e+01 -3.578614809799220087e+00 -1.035547999702613424e+03
2.200000000000000000e+01 -3.578614809815375608e+00 1.035547999702611378e+03
2.200000000000000000e+01 -5.416070592243709569e+00 1.686762544340749173e+03
2.200000000000000000e+01 -5.416070592260309624e+00 -1.686762544340751219e+03
2.200000000000000000e+01 -6.174057963771159230e+00 -1.067496495576423968e+03
2.200000000000000000e+01 -6.174057963778888158e+00 1.067496495576426923e+03
2.200000000000000000e+01 -6.197232568076579895e+01 -1.754459544383317343e-12
2.200000000000000000e+01 -6.384324422873671523e+01 8.012153899803460888e+01
2.200000000000000000e+01 -6.384324422873977056e+01 -8.012153899804062007e+01
2.200000000000000000e+01 -7.445223488502291787e+01 -2.414367141310684417e+01
2.200000000000000000e+01 -7.445223488502701059e+01 2.414367141309150355e+01
2.200000000000000000e+01 -7.967087370995929518e+01 1.061382940169700937e-11
2.200000000000000000e+01 -9.136207654863484606e+01 4.251309512398140100e+01
2.200000000000000000e+01 -9.136207654863966354e+01 -4.251309512398087520e+01
2.200000000000000000e+01 -9.792940418647329182e+01 3.433185365579368131e-13
2.200000000000000000e+01 -1.127703890025258460e+02 6.407384966961710404e+01
2.200000000000000000e+01 -1.127703890025406110e+02 -6.407384966960324846e+01
2.200000000000000000e+01 -1.557595767576813159e+02 -1.815298666474477620e-12
2.200000000000000000e+01 -2.412385743163198981e+02 1.816724246757505704e-12
2.200000000000000000e+01 -2.778442704424281260e+02 -5.847144379340576712e-12
2.200000000000000000e+01 -2.878440306003486739e+02 -4.896954313169330192e-12
2.200000000000000000e+01 -3.350620516342386281e+02 6.805166831767005816e-12
2.200000000000000000e+01 -4.397821498440912933e+02 2.293920295153753486e+01
2.200000000000000000e+01 -4.397821498440922028e+02 -2.293920295154064348e+01
2.200000000000000000e+01 -6.190330244402127846e+02 1.964847247459842269e-13
2.200000000000000000e+01 -8.160637207133031552e+02 3.541171346327210756e+01
2.200000000000000000e+01 -8.160637207133080437e+02 -3.541171346327076463e+01
2.200000000000000000e+01 -8.598232819229414190e+02 1.791571520002999174e-13
2.200000000000000000e+01 -1.070554455137296827e+03 -3.318712749914813397e-12
2.200000000000000000e+01 -1.439784732031460408e+03 -1.003075354077160865e-12
2.200000000000000000e+01 -3.675810644516343473e+03 2.243083892832154653e-13
2.200000000000000000e+01 -4.801373409072002687e+03 -3.084384164239451988e-12
2.200000000000000000e+01 -5.225915390927332737e+03 -1.105840614063607063e+04
2.200000000000000000e+01 -5.330958396823419207e+03 1.360013111969754162e-12
2.200000000000000000e+01 -5.709516019200571463e+03 1.105840614063606699e+04
2.200000000000000000e+01 -6.291620101165022788e+03 -1.071510764835478767e+04
2.200000000000000000e+01 -6.291620101165030064e+03 1.071510764835478585e+04
2.200000000000000000e+01 -6.438943329065436956e+03 -7.891854516108504868e+03
2.200000000000000000e+01 -6.438943329065441503e+03 7.891854516108504868e+03
2.200000000000000000e+01 -6.608769741863243325e+03 -7.306020824576075938e+03
2.200000000000000000e+01 -6.608769741863244235e+03 7.306020824576082305e+03
2.200000000000000000e+01 -6.769891326380239661e+03 -5.480495342188793792e-12
2.200000000000000000e+01 -6.941804647050116728e+03 -7.281134370023721203e+03
2.200000000000000000e+01 -6.941804647050127642e+03 7.281134370023707561e+03
2.200000000000000000e+01 -7.057741319493227820e+03 1.383865754334247291e-12
2.200000000000000000e+01 -7.270777661486612487e+03 -1.002935309777881129e-11
2.200000000000000000e+01 -7.821895274048888496e+03 1.158324775877123329e+03
2.200000000000000000e+01 -7.821895274048888496e+03 -1.158324775877130605e+03
2.200000000000000000e+01 -7.868011601572153268e+03 -1.979703266092058811e+03
2.200000000000000000e+01 -7.868011601572158725e+03 1.979703266092057675e+03
2.200000000000000000e+01 -9.516414788978991055e+03 -8.794833800521000740e+03
2.200000000000000000e+01 -9.516414788979036530e+03 8.794833800520958903e+03
2.200000000000000000e+01 -1.311415371796397812e+04 -2.691016181774228778e-11
2.200000000000000000e+01 -1.522685053156064896e+04 1.105840614063605608e+04
