1.000000000000000000e+01 -1.366417372813086994e-05 1.118584233709000983e+02
1.000000000000000000e+01 -3.881768852617513768e-03 4.127021043898182739e+01
1.000000000000000000e+01 -4.694210771150635064e-02 4.454319305329638823e+00
1.000000000000000000e+01 -7.565052468732935340e-03 2.936254591577815276e+01
1.000000000000000000e+01 -3.944617884380226258e-03 8.336720581569342414e+01
1.000000000000000000e+01 -5.833606336029861783e-01 7.364467302220234934e+00
1.000000000000000000e+01 -1.000000000000000000e+00 4.539908238846243727e+00
1.000000000000000000e+01 -8.631919301445939441e-01 6.161500457482788740e+00
1.000000000000000000e+01 -9.999124294754597742e-01 6.524081282951464722e+00
1.000000000000000000e+01 -9.999124294754608844e-01 6.524081282954357519e+00
1.000000000000000000e+01 -8.982651121068147004e-01 8.322932622359436650e+00
1.100000000000000000e+01 -1.281764980815205273e-05 1.121651134226554518e+02
1.100000000000000000e+01 -4.261284457579305775e-03 4.125602807044160869e+01
1.100000000000000000e+01 -5.215099076600374778e-02 4.455468214983556940e+00
1.100000000000000000e+01 -8.303716868105402715e-03 2.937326662506291086e+01
1.100000000000000000e+01 -3.974799179911074100e-03 8.349622270309249927e+01
1.100000000000000000e+01 -5.855451358474654810e-01 8.134199838527793602e+00
1.100000000000000000e+01 -1.000000000000000000e+00 4.986786893324040015e+00
1.100000000000000000e+01 -8.654046169034428360e-01 6.840115738077572338e+00
1.100000000000000000e+01 -9.999203476114572053e-01 7.189562163344081824e+00
1.100000000000000000e+01 -9.999203476114567612e-01 7.189562163351297386e+00
1.200000000000000000e+01 -1.222900943304903892e-05 1.123982014205931108e+02
1.200000000000000000e+01 -4.652107752175813765e-03 4.123497480084989775e+01
1.200000000000000000e+01 -5.740890722469220442e-02 4.456479281299499107e+00
1.200000000000000000e+01 -9.072245892521728014e-03 2.938272600690745406e+01
1.200000000000000000e+01 -4.038311181174522591e-03 8.359575940790985271e+01
1.200000000000000000e+01 -5.883732820689793197e-01 8.915872803197880003e+00
1.200000000000000000e+01 -1.000000000000000000e+00 5.432545928514709743e+00
1.200000000000000000e+01 -8.684547499825621131e-01 7.528354921967713942e+00
1.200000000000000000e+01 -9.999683641709621318e-01 7.849495503847353284e+00
1.200000000000000000e+01 -9.999683641709619097e-01 7.849495503848643807e+00
1.300000000000000000e+01 -1.189347761044053889e-05 1.125781291731808409e+02
1.300000000000000000e+01 -5.053583014329588244e-03 4.120809864354627905e+01
1.300000000000000000e+01 -6.271732703764373862e-02 4.457344628056030267e+00
1.300000000000000000e+01 -9.867844001326217529e-03 2.939127546416949244e+01
1.300000000000000000e+01 -4.128072262429629234e-03 8.367434257719149571e+01
1.300000000000000000e+01 -5.918588524251333638e-01 9.708972417227307972e+00
1.300000000000000000e+01 -1.000000000000000000e+00 5.877184977774179586e+00
1.300000000000000000e+01 -8.723391556209885156e-01 8.221405812543718383e+00
1.400000000000000000e+01 -1.182214770237752120e-05 1.127184311559421275e+02
1.400000000000000000e+01 -5.465175511065971728e-03 4.117606669970902544e+01
1.400000000000000000e+01 -6.807711239587879715e-02 4.458069709516399470e+00
1.400000000000000000e+01 -1.068850936727962567e-02 2.939915012800266325e+01
1.400000000000000000e+01 -4.238916451240793554e-03 8.373763402611311335e+01
1.400000000000000000e+01 -5.959424735365220771e-01 1.051165412019792988e+01
1.400000000000000000e+01 -1.000000000000000000e+00 6.320676067472019710e+00
1.400000000000000000e+01 -8.768246464102986693e-01 8.914111763945930633e+00
1.500000000000000000e+01 -1.204021622720692934e-05 1.128282919270348970e+02
1.500000000000000000e+01 -5.886405096783921091e-03 4.113931133763637860e+01
1.500000000000000000e+01 -7.348914423284166886e-02 4.458665477898029472e+00
1.500000000000000000e+01 -1.153278880094773216e-02 2.940651134511726283e+01
1.500000000000000000e+01 -4.366994540823320066e-03 8.378951001384528752e+01
1.500000000000000000e+01 -1.000000000000000000e+00 6.762969309697206555e+00
1.500000000000000000e+01 -6.005084602740065058e-01 1.132115735804235435e+01
2.000000000000000000e+01 -1.927137986835522198e-05 1.130875390702752838e+02
2.000000000000000000e+01 -8.120497741233414016e-03 4.089165451769275705e+01
2.000000000000000000e+01 -5.183601298459844867e-03 8.395071143632868882e+01
2.000000000000000000e+01 -1.013953965173722965e-01 4.460029514396057770e+00
2.000000000000000000e+01 -1.608002659119746672e-02 2.943850339553749862e+01
2.100000000000000000e+01 -2.249283138736125919e-05 1.130982003047732576e+02
2.100000000000000000e+01 -8.589103840698811623e-03 4.082988702544280102e+01
2.100000000000000000e+01 -5.371853525590321483e-03 8.397141679835401362e+01
2.100000000000000000e+01 -1.071653617850213402e-01 4.460027790352799393e+00
2.100000000000000000e+01 -1.705179348198880562e-02 2.944423378593519658e+01
1.600000000000000000e+01 -1.258609512686223632e-05 1.129140612782535271e+02
1.600000000000000000e+01 -6.316811842348662477e-03 4.109811468639979637e+01
1.600000000000000000e+01 -7.895468193863822148e-02 4.459142861792435575e+00
1.600000000000000000e+01 -1.239962125522938233e-02 2.941347026870773007e+01
1.600000000000000000e+01 -4.509384193610165188e-03 8.383269408478808771e+01
1.600000000000000000e+01 -1.000000000000000000e+00 7.203998662286203114e+00
1.600000000000000000e+01 -6.054138860254612009e-01 1.213445890339541045e+01
1.700000000000000000e+01 -1.351108100046330311e-05 1.129801844220772438e+02
1.700000000000000000e+01 -6.755933336987819150e-03 4.105265923198291489e+01
1.700000000000000000e+01 -8.447550741766256255e-02 4.459510939521315720e+00
1.700000000000000000e+01 -1.328823431825891174e-02 2.942010328265066121e+01
1.700000000000000000e+01 -4.663831020852607194e-03 8.386914331781390786e+01
1.700000000000000000e+01 -1.000000000000000000e+00 7.643687733740325285e+00
1.700000000000000000e+01 -6.105072748688625817e-01 1.294882411999258842e+01
1.800000000000000000e+01 -1.487949374996683696e-05 1.130297895583279058e+02
1.800000000000000000e+01 -7.203284094262846562e-03 4.100305916224820635e+01
1.800000000000000000e+01 -9.005394292328487704e-02 4.459777153410866113e+00
1.800000000000000000e+01 -4.828570250998394722e-03 8.390029225460018836e+01
1.800000000000000000e+01 -1.419807255663324899e-02 2.942646317054657956e+01
1.900000000000000000e+01 -1.676903835158886046e-05 1.130650702071101392e+02
1.900000000000000000e+01 -7.658335681164495957e-03 4.094938049276498049e+01
1.900000000000000000e+01 -5.002201965648794824e-03 8.392721118700275440e+01
1.900000000000000000e+01 -9.569281449730575317e-02 4.459947969319469685e+00
1.900000000000000000e+01 -1.512875055635505735e-02 2.943258727824901300e+01
2.200000000000000000e+01 -2.655512056453697032e-05 1.130976682396332080e+02
2.200000000000000000e+01 -9.063400985259418424e-03 4.076406488077309831e+01
2.200000000000000000e+01 -5.566206508159252282e-03 8.398981312291044787e+01
2.200000000000000000e+01 -1.130067376054533640e-01 4.459948839203627280e+00
2.200000000000000000e+01 -1.804408216160255721e-02 2.944979794187875655e+01
2.300000000000000000e+01 -3.159604717113977026e-05 1.130862517148469664e+02
2.300000000000000000e+01 -9.542544808393520553e-03 4.069416084437708747e+01
2.300000000000000000e+01 -5.766035132072573448e-03 8.400628274596179779e+01
2.300000000000000000e+01 -1.189238887245971932e-01 4.459798147610265495e+00
2.300000000000000000e+01 -1.905707529619015891e-02 2.945521365042036166e+01
2.400000000000000000e+01 -3.777028877062340651e-05 1.130640121702106313e+02
2.400000000000000000e+01 -1.002560022928213404e-02 4.062013699709750369e+01
2.400000000000000000e+01 -5.970814799321527873e-03 8.402113004469207169e+01
2.400000000000000000e+01 -1.249214818115590292e-01 4.459581237463141612e+00
2.400000000000000000e+01 -2.009112432700319723e-02 2.946049832282626113e+01
2.500000000000000000e+01 -4.524990256938004728e-05 1.130308071388533335e+02
2.500000000000000000e+01 -1.051154624396343461e-02 4.054194725735403892e+01
2.500000000000000000e+01 -6.180101263675635490e-03 8.403459922367906643e+01
2.500000000000000000e+01 -1.310044863579393759e-01 4.459303099700462347e+00
2.500000000000000000e+01 -2.114676725484314693e-02 2.946566869270651878e+01
2.600000000000000000e+01 -5.422473247323676243e-05 1.129863212007896891e+02
2.600000000000000000e+01 -1.099928480611966387e-02 4.045953911190878927e+01
2.600000000000000000e+01 -6.393515342356514454e-03 8.404688781819177734e+01
2.600000000000000000e+01 -1.371781674402385576e-01 4.458968299046928152e+00
2.600000000000000000e+01 -2.222474258572638278e-02 2.947074061430905445e+01
2.700000000000000000e+01 -6.490255568206508270e-05 1.129300889471732887e+02
2.700000000000000000e+01 -1.148765016924102426e-02 4.037285459918109609e+01
2.700000000000000000e+01 -6.610730983991588289e-03 8.405815671061266414e+01
2.700000000000000000e+01 -1.434480927393820826e-01 4.458580822633432916e+00
2.700000000000000000e+01 -2.332599729976387801e-02 2.947572854506259077e+01
2.800000000000000000e+01 -7.750889678746727453e-05 1.128615121770944825e+02
2.800000000000000000e+01 -1.197541790373554335e-02 4.028183077294200842e+01
2.800000000000000000e+01 -6.831466186724585894e-03 8.406853770613656707e+01
2.800000000000000000e+01 -1.498201365842491140e-01 4.458144219641676287e+00
2.800000000000000000e+01 -2.445168845674489111e-02 2.948064497552856267e+01
2.900000000000000000e+01 -9.228649056568965017e-05 1.127798726637113589e+02
2.900000000000000000e+01 -1.246130944866716099e-02 4.018639965638421074e+01
2.900000000000000000e+01 -7.055475569566326682e-03 8.407813935512665182e+01
2.900000000000000000e+01 -1.563004978064967965e-01 4.457661436876573013e+00
2.900000000000000000e+01 -2.560317980421290829e-02 2.948549984807648272e+01
3.000000000000000000e+01 -1.094939977054690668e-04 1.126843439589486024e+02
3.000000000000000000e+01 -1.294399219291840659e-02 4.008648766455560519e+01
3.000000000000000000e+01 -7.282545122006418500e-03 8.408705139071717838e+01
3.000000000000000000e+01 -1.628957080351178532e-01 4.457135238319875015e+00
3.000000000000000000e+01 -2.678203385244986787e-02 2.949030039216707522e+01
3.100000000000000000e+01 -1.294046082092164532e-04 1.125739976530641684e+02
3.100000000000000000e+01 -1.342206962683361281e-02 3.998201502661913764e+01
3.100000000000000000e+01 -7.512487447029709241e-03 8.409534829630935349e+01
3.100000000000000000e+01 -1.696126613683733853e-01 4.456567804961268919e+00
3.100000000000000000e+01 -2.799000563466131838e-02 2.949505065497440981e+01
3.200000000000000000e+01 -1.525391076194384913e-04 1.124463619529222740e+02
3.200000000000000000e+01 -1.389527260546942131e-02 3.987368926713994455e+01
3.200000000000000000e+01 -7.746293634314565732e-03 8.410309474349028847e+01
3.200000000000000000e+01 -1.766378721974485033e-01 4.456012453245528526e+00
3.200000000000000000e+01 -2.923228456951894316e-02 2.949970376091067337e+01
3.300000000000000000e+01 -1.787972293096600895e-04 1.123029114336738132e+02
3.300000000000000000e+01 -1.435889769544506679e-02 3.975977369961847785e+01
3.300000000000000000e+01 -7.981331507714586881e-03 8.411032328723274532e+01
3.300000000000000000e+01 -1.836362787739451996e-01 4.455370685732779279e+00
3.300000000000000000e+01 -3.050612770701932944e-02 2.950437091458848826e+01
3.400000000000000000e+01 -2.086384110447973242e-04 1.121412722439772693e+02
3.400000000000000000e+01 -1.481352405005260595e-02 3.964109213645986785e+01
3.400000000000000000e+01 -8.218685810042682116e-03 8.411707930233069419e+01
3.400000000000000000e+01 -1.907740154477192418e-01 4.454685764924688485e+00
3.400000000000000000e+01 -3.181556417706978002e-02 2.950899150592947606e+01
3.500000000000000000e+01 -2.423772621909051907e-04 1.119601673603256557e+02
3.500000000000000000e+01 -1.525688043415273677e-02 3.951746506196988662e+01
3.500000000000000000e+01 -8.458727009656366938e-03 8.412343467397997188e+01
3.500000000000000000e+01 -1.980747562251436444e-01 4.453970959935204199e+00
3.500000000000000000e+01 -3.316182275362904164e-02 2.951351969316639057e+01
3.600000000000000000e+01 -2.803256911782645217e-04 1.117581516157518564e+02
3.600000000000000000e+01 -1.568663052308959943e-02 3.938875183120602230e+01
3.600000000000000000e+01 -8.701105794683972050e-03 8.412939974754787897e+01
3.600000000000000000e+01 -2.055392053015686615e-01 4.453230488640852691e+00
3.600000000000000000e+01 -3.454877348565632555e-02 2.951797264769636797e+01
3.700000000000000000e+01 -3.227337697792663322e-04 1.115340393396630532e+02
3.700000000000000000e+01 -1.610026460679920418e-02 3.925482310921361062e+01
3.700000000000000000e+01 -8.945735943148260677e-03 8.413499840654797879e+01
3.700000000000000000e+01 -2.131778880229355799e-01 4.452449301148430294e+00
3.700000000000000000e+01 -3.597944263985355939e-02 2.952233714108965046e+01
3.800000000000000000e+01 -3.698868817706435779e-04 1.112862363596555184e+02
3.800000000000000000e+01 -1.649502356333537242e-02 3.911555045974012046e+01
3.800000000000000000e+01 -9.191974185251588700e-03 8.414020086996758607e+01
3.800000000000000000e+01 -2.210084599890398960e-01 4.451643150993611187e+00
3.800000000000000000e+01 -3.745877738284381087e-02 2.952661941937167711e+01
3.900000000000000000e+01 -4.220095109707430845e-04 1.110132723061290960e+02
3.900000000000000000e+01 -1.686707083478140162e-02 3.897080027308848571e+01
3.900000000000000000e+01 -9.441153627671094659e-03 8.414515459765442529e+01
3.900000000000000000e+01 -2.290197195139879738e-01 4.450792936630354468e+00
3.900000000000000000e+01 -3.898619417962162492e-02 2.953074225551198850e+01
4.000000000000000000e+01 -4.793188590556648815e-04 1.107136219834564059e+02
4.000000000000000000e+01 -1.721253987206092587e-02 3.882032974695092520e+01
4.000000000000000000e+01 -9.692019883768021940e-03 8.414974810279184680e+01
4.000000000000000000e+01 -2.372450472817268230e-01 4.449917836821319028e+00
4.000000000000000000e+01 -4.056990630264251801e-02 2.953474014543989767e+01
4.100000000000000000e+01 -5.419568933228868140e-04 1.103857021766431785e+02
4.100000000000000000e+01 -1.752701614257202306e-02 3.866409699538457545e+01
4.100000000000000000e+01 -9.944669770813400686e-03 8.415401757880793809e+01
4.100000000000000000e+01 -2.456905431017831765e-01 4.449014133805469839e+00
4.100000000000000000e+01 -4.221382222565103759e-02 2.953857258389766827e+01
4.200000000000000000e+01 -6.100354628015716794e-04 1.100279677682073611e+02
4.200000000000000000e+01 -1.780451920952333747e-02 3.850178841601847068e+01
4.200000000000000000e+01 -1.019946079814456480e-02 8.415798798025997485e+01
4.200000000000000000e+01 -2.543686332086656510e-01 4.448080048044449342e+00
4.200000000000000000e+01 -4.392238967305596431e-02 2.954219813958533436e+01
4.300000000000000000e+01 -6.835796792140238056e-04 1.096388380311714457e+02
4.300000000000000000e+01 -1.803924803814684757e-02 3.833338810704180588e+01
4.300000000000000000e+01 -1.045609243745942475e-02 8.416164606850718144e+01
4.300000000000000000e+01 -2.632945909442629406e-01 4.447119236579950119e+00
4.300000000000000000e+01 -4.570253181978777696e-02 2.954558444848381171e+01
4.400000000000000000e+01 -7.625551158729233911e-04 1.092167498530938019e+02
4.400000000000000000e+01 -1.822369031018884755e-02 3.815858611667946576e+01
4.400000000000000000e+01 -1.071466503402998538e-02 8.416498516679541808e+01
4.400000000000000000e+01 -2.724906264615106211e-01 4.446136327757876927e+00
4.400000000000000000e+01 -4.756357454513656519e-02 2.954872343213315844e+01
4.500000000000000000e+01 -8.468471243433209773e-04 1.087601959103337066e+02
4.500000000000000000e+01 -1.834896075261677889e-02 3.797735171798731102e+01
4.500000000000000000e+01 -1.097549693862453005e-02 8.416805916563363610e+01
4.500000000000000000e+01 -2.819513994979228610e-01 4.445114944863602702e+00
4.500000000000000000e+01 -4.950394317363856350e-02 2.955139297127375286e+01
4.600000000000000000e+01 -9.362555177428186562e-04 1.082675982525316272e+02
4.600000000000000000e+01 -1.840596028560080935e-02 3.778948506590256073e+01
4.600000000000000000e+01 -1.123830497874453611e-02 8.417080517048013633e+01
4.600000000000000000e+01 -2.917169330751435141e-01 4.444075330367907029e+00
4.600000000000000000e+01 -5.154224151755788796e-02 2.955366437061686469e+01
4.700000000000000000e+01 -1.030368579768396525e-03 1.077375822634893865e+02
4.700000000000000000e+01 -1.838419018818013978e-02 3.759479798449212495e+01
4.700000000000000000e+01 -1.150360295975478078e-02 8.417324159638992853e+01
4.700000000000000000e+01 -3.018065742761199544e-01 4.443018565197435876e+00
4.700000000000000000e+01 -5.368903737269886678e-02 2.955543072590040410e+01
4.800000000000000000e+01 -1.128898761638678265e-03 1.071687436230996440e+02
4.800000000000000000e+01 -1.826974232356676220e-02 3.739332623019735280e+01
4.800000000000000000e+01 -1.177070913168580188e-02 8.417535457046045622e+01
4.800000000000000000e+01 -3.122179217636879556e-01 4.441925971977278564e+00
4.800000000000000000e+01 -5.594425247713904342e-02 2.955635408526935137e+01
4.900000000000000000e+01 -1.231240726387203190e-03 1.065597943189376906e+02
4.900000000000000000e+01 -1.804981208368689957e-02 3.718495820759881809e+01
4.900000000000000000e+01 -1.204066704338751202e-02 8.417715402914366507e+01
4.900000000000000000e+01 -3.229966524480234469e-01 4.440820872874179592e+00
4.900000000000000000e+01 -5.833287564837196654e-02 2.955643257254137168e+01
5.000000000000000000e+01 -1.366914142388803979e-03 1.056290105002283042e+02
5.000000000000000000e+01 -1.767070446766990863e-02 3.696036868658455887e+01
5.000000000000000000e+01 -1.231690081433712419e-02 8.417719113089819416e+01
5.000000000000000000e+01 -3.339627259780175716e-01 4.442449005602052914e+00
5.000000000000000000e+01 -6.087945850684748500e-02 2.955553944355659368e+01
5.100000000000000000e+01 -1.476818321861241186e-03 1.048955075695628807e+02
5.100000000000000000e+01 -1.717829431123281403e-02 3.673636069923632874e+01
5.100000000000000000e+01 -1.259326917195322838e-02 8.417806578955513430e+01
5.100000000000000000e+01 -3.454983030148072176e-01 4.441684598088609270e+00
5.100000000000000000e+01 -6.357754403760450257e-02 2.955296011239518705e+01
5.200000000000000000e+01 -1.587759963850201260e-03 1.041140147075656728e+02
5.200000000000000000e+01 -1.652399593522870316e-02 3.650546498901113779e+01
5.200000000000000000e+01 -1.287362976243710058e-02 8.417856824780012914e+01
5.200000000000000000e+01 -3.574667477309279029e-01 4.440950227296785791e+00
5.200000000000000000e+01 -6.645722114579548367e-02 2.954843492731234278e+01
5.300000000000000000e+01 -1.698351917393657639e-03 1.032835775377214702e+02
5.300000000000000000e+01 -1.568508299302637590e-02 3.626784802030742583e+01
5.300000000000000000e+01 -1.315825098267236863e-02 8.417867787739095320e+01
5.300000000000000000e+01 -3.698976614668957885e-01 4.440254459372583895e+00
5.300000000000000000e+01 -6.953868733887633158e-02 2.954136334997766156e+01
5.400000000000000000e+01 -1.807034620533883289e-03 1.024031421556333612e+02
5.400000000000000000e+01 -1.463794928806947879e-02 3.602392414179676905e+01
5.400000000000000000e+01 -1.344789084603406279e-02 8.417838499617801062e+01
5.400000000000000000e+01 -3.828237103215144099e-01 4.439606210826322119e+00
5.400000000000000000e+01 -7.284389173005918761e-02 2.953097534610700592e+01
5.500000000000000000e+01 -1.911859919700727379e-03 1.014718273419080958e+02
5.500000000000000000e+01 -1.335807250545916446e-02 3.577418284795732717e+01
5.500000000000000000e+01 -1.374446199828678432e-02 8.417773937561381103e+01
5.500000000000000000e+01 -3.962909468532738178e-01 4.439022330597077293e+00
5.500000000000000000e+01 -7.640097793762447298e-02 2.951635335277591921e+01
5.600000000000000000e+01 -2.022325599733568961e-03 1.002538264331587499e+02
5.600000000000000000e+01 -1.176876933978231350e-02 3.550980065118203299e+01
5.600000000000000000e+01 -1.405345097305708835e-02 8.417507530298146889e+01
5.600000000000000000e+01 -4.100806114351687182e-01 4.441070233427581115e+00
5.600000000000000000e+01 -8.024722605135542475e-02 2.949595537110919352e+01
5.700000000000000000e+01 -2.110493492429400385e-03 9.918307467535430533e+01
5.700000000000000000e+01 -9.941653671109598397e-03 3.524964292780070707e+01
5.700000000000000000e+01 -1.436835914627166734e-02 8.417330966154307248e+01
5.700000000000000000e+01 -4.246717325179102387e-01 4.441029012956224875e+00
5.700000000000000000e+01 -8.436015855698011934e-02 2.946838050869581593e+01
5.800000000000000000e+01 -2.184713911364362469e-03 9.805614575315469494e+01
5.800000000000000000e+01 -7.823935195702694245e-03 3.498686506956040176e+01
5.800000000000000000e+01 -1.469630767110231828e-02 8.417115425846361632e+01
5.800000000000000000e+01 -4.399114887424746545e-01 4.441139302626313956e+00
5.800000000000000000e+01 -8.876780672876499745e-02 2.943166081273921719e+01
5.900000000000000000e+01 -5.415018413443785025e-03 3.472302515115335098e+01
5.900000000000000000e+01 -2.239491652705425436e-03 9.687280778202818965e+01
5.900000000000000000e+01 -1.504175356465116062e-02 8.416867596319355016e+01
5.900000000000000000e+01 -4.558485497467371639e-01 4.441424712208756453e+00
5.900000000000000000e+01 -9.346661589503205136e-02 2.938359102131081357e+01
6.000000000000000000e+01 -2.730020325797828922e-03 3.445973819113258685e+01
6.000000000000000000e+01 -2.266982400323492956e-03 9.563310223096969764e+01
6.000000000000000000e+01 -1.541152925542950414e-02 8.416599278765097836e+01
6.000000000000000000e+01 -4.725359193055611029e-01 4.441912445606506665e+00
6.000000000000000000e+01 -9.843643175445533633e-02 2.932179049969363049e+01
6.100000000000000000e+01 2.766740405540066327e-04 3.418877174764062232e+01
6.100000000000000000e+01 -2.244252681283882573e-03 9.415098190627205099e+01
6.100000000000000000e+01 -1.583491772648214571e-02 8.416199433282558573e+01
6.100000000000000000e+01 -4.898059872712443585e-01 4.444726067852356799e+00
6.100000000000000000e+01 -1.036938775798299378e-01 2.924281232365373384e+01
6.200000000000000000e+01 3.418277319944072919e-03 3.392876832976646995e+01
6.200000000000000000e+01 -2.161717271617476840e-03 9.277107553134287343e+01
6.200000000000000000e+01 -1.630565816342240820e-02 8.415944806757896401e+01
6.200000000000000000e+01 -5.081203262592504100e-01 4.446075628738015872e+00
6.200000000000000000e+01 -1.090825564628687822e-01 2.914596620960418250e+01
6.300000000000000000e+01 6.693524260853203796e-03 3.367188365151905316e+01
6.300000000000000000e+01 -1.973575433560499984e-03 9.132910906870027645e+01
6.300000000000000000e+01 -1.687640272026476665e-02 8.415757346637512626e+01
6.300000000000000000e+01 -5.273562472244882615e-01 4.447840475366933610e+00
6.300000000000000000e+01 -1.145738545522199947e-01 2.902867896165547634e+01
6.400000000000000000e+01 1.002728426176308779e-02 3.341838581996877622e+01
6.400000000000000000e+01 -1.595720187846807461e-03 8.983463527885692201e+01
6.400000000000000000e+01 -1.763047235425294068e-02 8.415637855197078920e+01
6.400000000000000000e+01 -5.475957471079410110e-01 4.449983703998802831e+00
6.400000000000000000e+01 -1.200815495013358297e-01 2.888954439691874754e+01
6.500000000000000000e+01 1.342780216776434492e-02 3.315828655669586311e+01
6.500000000000000000e+01 -7.224941141350432793e-04 8.813996057358426128e+01
6.500000000000000000e+01 -1.887619739800108429e-02 8.414950712646817976e+01
6.500000000000000000e+01 -5.686651026872791004e-01 4.454481644039133492e+00
6.500000000000000000e+01 -1.255692750943502856e-01 2.872498909868980022e+01
6.600000000000000000e+01 1.667930011355568329e-02 3.290661105712624845e+01
6.600000000000000000e+01 1.011101550907993413e-03 8.657128546548993597e+01
6.600000000000000000e+01 -2.097259235027646232e-02 8.409734781809524407e+01
6.600000000000000000e+01 -5.910775697531259754e-01 4.457999217238532097e+00
6.600000000000000000e+01 -1.308501317616628801e-01 2.853814374077629878e+01
6.700000000000000000e+01 1.978123898931831784e-02 3.265427312834562912e+01
6.700000000000000000e+01 3.203190433800133692e-03 8.516062512153062869e+01
6.700000000000000000e+01 -2.352172600535996916e-02 8.383907678101121519e+01
6.700000000000000000e+01 -6.147229865230189327e-01 4.462196513783146301e+00
6.700000000000000000e+01 -1.358783463342027320e-01 2.832658728285643690e+01
6.800000000000000000e+01 2.273113947781882013e-02 3.239102132485545127e+01
6.800000000000000000e+01 1.781244056868289561e-03 8.386219519713372961e+01
6.800000000000000000e+01 -2.245338032432005540e-02 8.329395292864843725e+01
6.800000000000000000e+01 -6.394375271197314525e-01 4.468796176020970456e+00
6.800000000000000000e+01 -1.405829263683588681e-01 2.808607355771000158e+01
6.900000000000000000e+01 2.534897813503838443e-02 3.212997158760508398e+01
6.900000000000000000e+01 -7.854283838473684679e-03 8.197269612377520787e+01
6.900000000000000000e+01 -1.317085704623547314e-02 8.339037891032309346e+01
6.900000000000000000e+01 -6.657480075670457742e-01 4.475000783115326897e+00
6.900000000000000000e+01 -1.448086853221633719e-01 2.782149958893176134e+01
7.000000000000000000e+01 2.761895138852609941e-02 3.186272804670196379e+01
7.000000000000000000e+01 -6.710882544349632689e-03 7.990473324622641371e+01
7.000000000000000000e+01 -1.466728100575897219e-02 8.364258481450013960e+01
7.000000000000000000e+01 -6.935584437525220691e-01 4.482226661497713316e+00
7.000000000000000000e+01 -1.484658411609335593e-01 2.752933501953445372e+01
7.100000000000000000e+01 2.949670548290185199e-02 3.157894037398235554e+01
7.100000000000000000e+01 -6.195930713689739786e-03 7.791185701831282984e+01
7.100000000000000000e+01 -1.554270114968220318e-02 8.368805721726312186e+01
7.100000000000000000e+01 -7.226576885506134085e-01 4.492182063533467939e+00
7.100000000000000000e+01 -1.514004377632869880e-01 2.720370667127912512e+01
7.200000000000000000e+01 3.081938586035940300e-02 3.129241215496134032e+01
7.200000000000000000e+01 -5.970610809835540100e-03 7.603338451670902032e+01
7.200000000000000000e+01 -1.613958031267433493e-02 8.368190395916482771e+01
7.200000000000000000e+01 -7.536452592368863002e-01 4.502204337449319915e+00
7.200000000000000000e+01 -1.534612571662673230e-01 2.685057003571128575e+01
7.300000000000000000e+01 3.151046812739748126e-02 3.098752939036609533e+01
7.300000000000000000e+01 -5.875011910800300927e-03 7.408630186208985435e+01
7.300000000000000000e+01 -1.662874501271062108e-02 8.365114607159731008e+01
7.300000000000000000e+01 -7.860652564070786941e-01 4.515039188863134711e+00
7.300000000000000000e+01 -1.543910031918505343e-01 2.646003732192758662e+01
7.400000000000000000e+01 3.140902513223042813e-02 3.067759044377412181e+01
7.400000000000000000e+01 -5.883030846751178752e-03 7.221279595113958294e+01
7.400000000000000000e+01 -1.704079197724241851e-02 8.360479826885072896e+01
7.400000000000000000e+01 -8.204711976045231392e-01 4.528462717016775052e+00
7.400000000000000000e+01 -1.540130305549214929e-01 2.603747981461205185e+01
7.500000000000000000e+01 3.032382054108660741e-02 3.035026818655253322e+01
7.500000000000000000e+01 -5.971669907570367579e-03 7.029754576724712933e+01
7.500000000000000000e+01 -1.741449711005322795e-02 8.354255337409496462e+01
7.500000000000000000e+01 -1.519071605959353144e-01 2.557192083190020071e+01
7.500000000000000000e+01 -8.563446943053185656e-01 4.544802774946356649e+00
7.600000000000000000e+01 2.808828189959373597e-02 3.002101792669354552e+01
7.600000000000000000e+01 -6.139213688400618762e-03 6.845907975685783242e+01
7.600000000000000000e+01 -1.775431047614419236e-02 8.346807809605523687e+01
7.600000000000000000e+01 -1.478643657435788350e-01 2.506797964858807859e+01
7.600000000000000000e+01 -8.941787003359563668e-01 4.562040333444323359e+00
7.700000000000000000e+01 2.439531648675504968e-02 2.968265921911671157e+01
7.700000000000000000e+01 -6.390775555282614609e-03 6.661008259142627708e+01
7.700000000000000000e+01 -1.807370363365219668e-02 8.337681281988571413e+01
7.700000000000000000e+01 -1.412864355466195987e-01 2.451180882589920174e+01
7.700000000000000000e+01 -9.332714549511079705e-01 4.582184012667940287e+00
7.800000000000000000e+01 1.917714296715798683e-02 2.935718055367545887e+01
7.800000000000000000e+01 -6.724509691870006640e-03 6.485052130014639715e+01
7.800000000000000000e+01 -1.837354435186064686e-02 8.327161819254135366e+01
7.800000000000000000e+01 -1.320635302903675756e-01 2.390712252333561594e+01
7.800000000000000000e+01 -9.739911221931181196e-01 4.603242520497424550e+00
7.900000000000000000e+01 1.223128461609591239e-02 2.904702869477276650e+01
7.900000000000000000e+01 -7.152866880054334874e-03 6.311494698361858013e+01
7.900000000000000000e+01 -1.865912479544441782e-02 8.314611593615060769e+01
7.900000000000000000e+01 -1.196780624505273255e-01 2.323703133102483775e+01
7.900000000000000000e+01 -1.000000000000000000e+00 3.884678270498676422e+00
7.900000000000000000e+01 -1.000000000000000000e+00 5.510698082041467494e+00
8.000000000000000000e+01 3.893513496126678724e-03 2.877420937965899128e+01
8.000000000000000000e+01 -7.669272154899063609e-03 6.145698683393725048e+01
8.000000000000000000e+01 -1.893002535615269030e-02 8.300057686972223792e+01
8.000000000000000000e+01 -1.043922624502851837e-01 2.250201884967997401e+01
8.000000000000000000e+01 -1.000000000000000000e+00 3.323228742062200425e+00
8.000000000000000000e+01 -1.000000000000000000e+00 6.510679085627916862e+00
8.100000000000000000e+01 -5.127982081614358180e-03 2.855116352399142343e+01
8.100000000000000000e+01 -8.260232459982704001e-03 5.990264414460433784e+01
8.100000000000000000e+01 -1.918667857814647729e-02 8.283474385595820877e+01
8.100000000000000000e+01 -8.688738406905506528e-02 2.171007948347723016e+01
8.100000000000000000e+01 -1.000000000000000000e+00 3.008751967883666723e+00
8.100000000000000000e+01 -1.000000000000000000e+00 7.268298929786938700e+00
8.200000000000000000e+01 -1.427753327965560447e-02 2.837011047360322991e+01
8.200000000000000000e+01 -8.928145675299856143e-03 5.841711764878323976e+01
8.200000000000000000e+01 -6.759974594281059623e-02 2.086633053115910741e+01
8.200000000000000000e+01 -1.942996207440082779e-02 8.264128826064066402e+01
8.200000000000000000e+01 -1.000000000000000000e+00 2.791710843837862388e+00
8.200000000000000000e+01 -1.000000000000000000e+00 7.920256744772250279e+00
8.300000000000000000e+01 -9.647006626553124992e-03 5.703043859291353357e+01
8.300000000000000000e+01 -2.286763094363578400e-02 2.822251202982176821e+01
8.300000000000000000e+01 -4.742260398367124236e-02 2.000013749981156153e+01
8.300000000000000000e+01 -1.965912032273973986e-02 8.242008583735051275e+01
8.300000000000000000e+01 -1.000000000000000000e+00 2.629950457029540445e+00
8.400000000000000000e+01 -2.697934649987696054e-02 1.914023919141034469e+01
8.400000000000000000e+01 -1.038882817704701519e-02 5.575414810097085905e+01
8.400000000000000000e+01 -3.058549753680221001e-02 2.809396848767299559e+01
8.400000000000000000e+01 -1.987390715615484221e-02 8.217075128626639469e+01
8.400000000000000000e+01 -1.000000000000000000e+00 2.506252628256185666e+00
8.500000000000000000e+01 -6.380963686223541445e-03 1.829504936017891126e+01
8.500000000000000000e+01 -1.114191055525967471e-02 5.456721511329772056e+01
8.500000000000000000e+01 -3.753898400780096567e-02 2.797202055276783383e+01
8.500000000000000000e+01 -2.007382964404010733e-02 8.188656575909084268e+01
8.500000000000000000e+01 -1.000000000000000000e+00 2.414403151118849067e+00
8.600000000000000000e+01 1.378930288200030940e-02 1.748819976918343500e+01
8.600000000000000000e+01 -1.187116607476102273e-02 5.348621837705741910e+01
8.600000000000000000e+01 -4.367301176538751495e-02 2.784902269726780588e+01
8.600000000000000000e+01 -2.025893279083925899e-02 8.157055056205379628e+01
8.600000000000000000e+01 -1.000000000000000000e+00 2.347376052322969198e+00
8.700000000000000000e+01 3.333658189842508140e-02 1.672205063117470303e+01
8.700000000000000000e+01 -1.256625590183598103e-02 5.249306046747236820e+01
8.700000000000000000e+01 -4.916380241088817715e-02 2.771814029193812345e+01
8.700000000000000000e+01 -2.042886127999305954e-02 8.121738332931391824e+01
8.700000000000000000e+01 -1.000000000000000000e+00 2.304131637111602071e+00
8.800000000000000000e+01 5.185889703572960779e-02 1.600655543666257685e+01
8.800000000000000000e+01 -1.320264246065667828e-02 5.159314831193564999e+01
8.800000000000000000e+01 -5.402477081477301962e-02 2.757822711056647336e+01
8.800000000000000000e+01 -2.058455988246310833e-02 8.083162002928366974e+01
8.800000000000000000e+01 -1.000000000000000000e+00 2.280267003503539058e+00
8.900000000000000000e+01 6.916757694117368904e-02 1.534115903493956701e+01
8.900000000000000000e+01 -1.377428231403380297e-02 5.077383590690861581e+01
8.900000000000000000e+01 -5.835769892693054572e-02 2.742693383662667017e+01
8.900000000000000000e+01 -2.072669649419667942e-02 8.041239478902997462e+01
8.900000000000000000e+01 -1.000000000000000000e+00 2.274895709329836979e+00
9.000000000000000000e+01 8.510661221374712926e-02 1.472533399230381690e+01
9.000000000000000000e+01 -1.427588879683685391e-02 5.002671800492415599e+01
9.000000000000000000e+01 -2.085609486186902617e-02 7.996165833642635334e+01
9.000000000000000000e+01 -6.221957917694576068e-02 2.726354800774813469e+01
9.000000000000000000e+01 -1.000000000000000000e+00 2.286557279047315649e+00
