1.000000000000000000e+01 -3.877951890456882850e-03 4.126846239113486803e+01
1.000000000000000000e+01 -4.692000393555532251e-02 4.455075779907038402e+00
1.000000000000000000e+01 -7.560037802512187266e-03 2.936254448170377529e+01
1.000000000000000000e+01 -5.694426436478102760e-01 7.239790269451553684e+00
1.000000000000000000e+01 -1.000000000000000000e+00 4.546537583405443783e+00
1.000000000000000000e+01 -8.486202053613348673e-01 6.312385282643057316e+00
1.000000000000000000e+01 -1.000000000000000000e+00 6.570312984554371738e+00
1.000000000000000000e+01 -1.000000000000000000e+00 6.681320342710637128e+00
1.000000000000000000e+01 -9.000882348896451779e-01 8.213437644435737539e+00
1.000000000000000000e+01 -1.000000000000000000e+00 7.651210208603836271e+00
1.100000000000000000e+01 -4.258030462890981076e-03 4.125313753900975655e+01
1.100000000000000000e+01 -5.212100620465084239e-02 4.456432107899146899e+00
1.100000000000000000e+01 -8.299446440532464928e-03 2.937324213059934053e+01
1.100000000000000000e+01 -5.717802934941916826e-01 7.944458441886639299e+00
1.100000000000000000e+01 -1.000000000000000000e+00 4.994398384776025601e+00
1.100000000000000000e+01 -8.517320026318078163e-01 6.906904151532796909e+00
1.100000000000000000e+01 -9.999297302347378569e-01 7.293297096359703247e+00
1.100000000000000000e+01 -9.999297302347384120e-01 7.293297096362349130e+00
1.200000000000000000e+01 -4.649236747117516458e-03 4.123053163915596286e+01
1.200000000000000000e+01 -5.736931894911484475e-02 4.457670737249694426e+00
1.200000000000000000e+01 -9.068581397147895337e-03 2.938265119282561955e+01
1.200000000000000000e+01 -5.741585579157331143e-01 8.654057480963928128e+00
1.200000000000000000e+01 -1.000000000000000000e+00 5.441074831275219736e+00
1.200000000000000000e+01 -8.559028402043908912e-01 7.511262496466619254e+00
1.300000000000000000e+01 -5.050962216904853440e-03 4.120160408082154646e+01
1.300000000000000000e+01 -6.266606885187928078e-02 4.458793437422751360e+00
1.300000000000000000e+01 -9.864668530875952621e-03 2.939112509072397827e+01
1.300000000000000000e+01 -5.765709398157975452e-01 9.371903950172429276e+00
1.300000000000000000e+01 -1.000000000000000000e+00 5.886598775799217975e+00
1.300000000000000000e+01 -8.610517273969898744e-01 8.127261094461431412e+00
1.400000000000000000e+01 -5.462680755182247605e-03 4.116692111154168998e+01
1.400000000000000000e+01 -6.801175681739642098e-02 4.459812820168422398e+00
1.400000000000000000e+01 -1.068571602598070332e-02 2.939890143115544063e+01
1.400000000000000000e+01 -5.789131458506053818e-01 1.010066138828346816e+01
1.400000000000000000e+01 -1.000000000000000000e+00 6.330906938632580250e+00
1.400000000000000000e+01 -8.669148395489313375e-01 8.757418894933834963e+00
1.500000000000000000e+01 -5.883881397843088862e-03 4.112680295205044700e+01
1.500000000000000000e+01 -7.340689658015157881e-02 4.460744618093866798e+00
1.500000000000000000e+01 -1.153026057682273592e-02 2.940614272679102115e+01
1.500000000000000000e+01 -5.811057140594477755e-01 1.084218730664719921e+01
1.500000000000000000e+01 -1.000000000000000000e+00 6.773863003464465571e+00
1.600000000000000000e+01 -6.314035114377283646e-03 4.108140860592342136e+01
1.600000000000000000e+01 -7.885235695132214451e-02 4.461603509609857632e+00
1.600000000000000000e+01 -1.239721542875127022e-02 2.941295960311182967e+01
1.600000000000000000e+01 -5.831450625920244768e-01 1.159783358038101220e+01
1.600000000000000000e+01 -1.000000000000000000e+00 7.215298904656735068e+00
1.700000000000000000e+01 -6.753875056354798762e-03 4.103097070879877606e+01
1.700000000000000000e+01 -8.444087932093452542e-02 4.462450361146618860e+00
1.700000000000000000e+01 -1.328888376746335809e-02 2.941942721058529742e+01
1.700000000000000000e+01 -5.850335467542382428e-01 1.236275597392150871e+01
1.700000000000000000e+01 -1.000000000000000000e+00 7.654556546524251992e+00
1.800000000000000000e+01 -7.199727579236827289e-03 4.097505713627379009e+01
1.800000000000000000e+01 -9.000626746155231117e-02 4.463203812246653968e+00
1.800000000000000000e+01 -1.419977500749125716e-02 2.942560704478590949e+01
1.800000000000000000e+01 -5.870863271060559052e-01 1.314767125197702669e+01
1.900000000000000000e+01 -7.652840178261897594e-03 4.091380298971790097e+01
1.900000000000000000e+01 -9.563436040238568192e-02 4.463925250346346019e+00
1.900000000000000000e+01 -1.513104370899545810e-02 2.943151305544947149e+01
2.000000000000000000e+01 -8.112603674845612900e-03 4.084705978255808390e+01
2.000000000000000000e+01 -1.013164164242190551e-01 4.464624192424969884e+00
2.000000000000000000e+01 -1.608256411922159845e-02 2.943717460030936905e+01
2.100000000000000000e+01 -8.577990029652838092e-03 4.077463763048917400e+01
2.100000000000000000e+01 -1.070663308231383504e-01 4.465307155911800940e+00
2.100000000000000000e+01 -1.705468575360738481e-02 2.944261243618082702e+01
2.200000000000000000e+01 -9.048184907307797384e-03 4.069630207054448334e+01
2.200000000000000000e+01 -1.128835546916405197e-01 4.465988853020496308e+00
2.200000000000000000e+01 -1.804747387027536357e-02 2.944784043654614791e+01
2.300000000000000000e+01 -9.522301251588413673e-03 4.061179283014726593e+01
2.300000000000000000e+01 -1.187717732774688784e-01 4.466681836220138813e+00
2.300000000000000000e+01 -1.906124679111712711e-02 2.945287104478629558e+01
2.400000000000000000e+01 -9.999543276585609944e-03 4.052083700307408520e+01
2.400000000000000000e+01 -1.247352671860118417e-01 4.467398677205022040e+00
2.400000000000000000e+01 -2.009676029306088976e-02 2.945771939728049560e+01
2.500000000000000000e+01 -1.047842271407100311e-02 4.042303985901767049e+01
2.500000000000000000e+01 -1.307773920700412151e-01 4.468149658296836968e+00
2.500000000000000000e+01 -2.115379118038838643e-02 2.946239323452292780e+01
2.600000000000000000e+01 -1.095946672478236884e-02 4.031810319153296973e+01
2.600000000000000000e+01 -1.369061218331149021e-01 4.468951764130008719e+00
2.600000000000000000e+01 -2.223520117888570791e-02 2.946692702328533642e+01
2.700000000000000000e+01 -1.143722191006278817e-02 4.020557065130042673e+01
2.700000000000000000e+01 -1.431165378011728107e-01 4.469802527329230557e+00
2.700000000000000000e+01 -2.333776468474688809e-02 2.947126521572592139e+01
2.800000000000000000e+01 -1.191256403546504458e-02 4.008504836604183197e+01
2.800000000000000000e+01 -1.494227699497868711e-01 4.470725853807433481e+00
2.800000000000000000e+01 -2.446730164460210119e-02 2.947550139582905615e+01
2.900000000000000000e+01 -1.238343010235024889e-02 3.995601610615054966e+01
2.900000000000000000e+01 -1.558261091450023894e-01 4.471727777098132961e+00
2.900000000000000000e+01 -2.562362211514805990e-02 2.947959962562377001e+01
3.000000000000000000e+01 -1.284809082021235067e-02 3.981799840341005847e+01
3.000000000000000000e+01 -1.623323005427446952e-01 4.472818811007591044e+00
3.000000000000000000e+01 -2.680918455392779232e-02 2.948357683576243460e+01
3.100000000000000000e+01 -1.330417467398667224e-02 3.967039522067919677e+01
3.100000000000000000e+01 -1.689462667251284966e-01 4.474009828927070664e+00
3.100000000000000000e+01 -2.802598106867123379e-02 2.948743297922861828e+01
3.200000000000000000e+01 -1.374892811692498412e-02 3.951255515446505484e+01
3.200000000000000000e+01 -1.756767499916350450e-01 4.475315107855516672e+00
3.200000000000000000e+01 -2.927819622193711044e-02 2.949122334763781694e+01
3.300000000000000000e+01 -1.417624574132739582e-02 3.933911863962174493e+01
3.300000000000000000e+01 -1.824157968134548780e-01 4.479759776990274389e+00
3.300000000000000000e+01 -3.056787535729835192e-02 2.949479783517556086e+01
3.400000000000000000e+01 -1.458664504815225180e-02 3.915758468342274767e+01
3.400000000000000000e+01 -1.893585385171676627e-01 4.481924776953685630e+00
3.400000000000000000e+01 -3.189638174332330017e-02 2.949835746161395633e+01
3.500000000000000000e+01 -1.497429998988638114e-02 3.896334740814951658e+01
3.500000000000000000e+01 -1.964256246837732811e-01 4.484333471453782138e+00
3.500000000000000000e+01 -3.326966897002180817e-02 2.950183003005028226e+01
3.600000000000000000e+01 -1.533393375588804237e-02 3.875547491206862105e+01
3.600000000000000000e+01 -2.036220316766717275e-01 4.487010632028166413e+00
3.600000000000000000e+01 -3.469267707511450305e-02 2.950522475999125760e+01
3.700000000000000000e+01 -1.565871496326738666e-02 3.853285297020134692e+01
3.700000000000000000e+01 -2.109510781448641903e-01 4.490013131474865027e+00
3.700000000000000000e+01 -3.617101714879111113e-02 2.950854651041060706e+01
3.800000000000000000e+01 -1.594102456322548170e-02 3.829455876807714532e+01
3.800000000000000000e+01 -2.184204879822736756e-01 4.493317760049463594e+00
3.800000000000000000e+01 -3.771234010965223565e-02 2.951182843960775415e+01
3.900000000000000000e+01 -1.617032106566583527e-02 3.803932762278626711e+01
3.900000000000000000e+01 -2.260337728689576220e-01 4.496979059519161659e+00
3.900000000000000000e+01 -3.932510684103183302e-02 2.951508602413581883e+01
4.000000000000000000e+01 -1.633356908858651230e-02 3.776589412576985438e+01
4.000000000000000000e+01 -2.337956055691368107e-01 4.501030389791441877e+00
4.000000000000000000e+01 -4.102016335293481170e-02 2.951834662918717811e+01
4.100000000000000000e+01 -1.640929071108476744e-02 3.746773635258716695e+01
4.100000000000000000e+01 -2.415660943432492713e-01 4.508560266377321213e+00
4.100000000000000000e+01 -4.281704557515923770e-02 2.952167168810676401e+01
4.200000000000000000e+01 -1.638305951323887344e-02 3.715250093683201271e+01
4.200000000000000000e+01 -2.496040919064866637e-01 4.514073478836120756e+00
4.200000000000000000e+01 -4.472340758710753594e-02 2.952504664608854767e+01
4.300000000000000000e+01 -1.622346660084985487e-02 3.681449521448224971e+01
4.300000000000000000e+01 -2.577960443044176042e-01 4.520180931601786689e+00
4.300000000000000000e+01 -4.676662543097082070e-02 2.952848078108553764e+01
4.400000000000000000e+01 -1.589484744416382739e-02 3.645250876133992790e+01
4.400000000000000000e+01 -2.661449913293921221e-01 4.526947182815727722e+00
4.400000000000000000e+01 -4.897715651101033213e-02 2.953202029886133673e+01
4.500000000000000000e+01 -1.534951481503852785e-02 3.606505716503394154e+01
4.500000000000000000e+01 -2.746526970801638767e-01 4.534428037651784926e+00
4.500000000000000000e+01 -5.139592442812920825e-02 2.953552003203075316e+01
4.600000000000000000e+01 -1.452458883227044847e-02 3.565101339785664436e+01
4.600000000000000000e+01 -2.833196004960428782e-01 4.542705720217080412e+00
4.600000000000000000e+01 -5.407854938533190187e-02 2.953873754988157430e+01
4.700000000000000000e+01 -1.333507284811621778e-02 3.520972281150010730e+01
4.700000000000000000e+01 -2.921475037887345527e-01 4.551830718427958722e+00
4.700000000000000000e+01 -5.710061201675486336e-02 2.954101349110711894e+01
4.800000000000000000e+01 -1.166731100271633202e-02 3.474147626504390018e+01
4.800000000000000000e+01 -3.011356170212101113e-01 4.561891961334111123e+00
4.800000000000000000e+01 -6.056369418119529613e-02 2.954098759263718676e+01
4.900000000000000000e+01 -9.345408223134198111e-03 3.424093830591093734e+01
4.900000000000000000e+01 -3.101044869945723814e-01 4.575820804057057600e+00
4.900000000000000000e+01 -6.462755249399117219e-02 2.953590120924908646e+01
5.000000000000000000e+01 -6.254374811815153340e-03 3.372666518048833240e+01
5.000000000000000000e+01 -3.193691989042282686e-01 4.588531841019984903e+00
5.000000000000000000e+01 -6.940342302413393671e-02 2.952003239333164331e+01
5.100000000000000000e+01 -2.247469345232630446e-03 3.320244008775548394e+01
5.100000000000000000e+01 -3.287802463465060998e-01 4.602529874976990065e+00
5.100000000000000000e+01 -7.502192295259504928e-02 2.948365280288283330e+01
5.200000000000000000e+01 2.631680167130109188e-03 3.268253526595940883e+01
5.200000000000000000e+01 -3.383318937206793442e-01 4.617930310471902722e+00
5.200000000000000000e+01 -8.142682135825093925e-02 2.941272940369706745e+01
5.300000000000000000e+01 8.043721111386436737e-03 3.218048631746525956e+01
5.300000000000000000e+01 -3.480163775161422279e-01 4.634854433082014502e+00
5.300000000000000000e+01 -8.826626117333764843e-02 2.929339375623359842e+01
5.400000000000000000e+01 1.341472166534040181e-02 3.170212010586300266e+01
5.400000000000000000e+01 -3.578252333531097285e-01 4.653441717918891385e+00
5.400000000000000000e+01 -9.495964220783567611e-02 2.911907077466399585e+01
5.500000000000000000e+01 1.821226820988607401e-02 3.123952897049452204e+01
5.500000000000000000e+01 -3.675800702139519482e-01 4.676073453173914984e+00
5.500000000000000000e+01 -1.009570665218510882e-01 2.889023109656526955e+01
5.600000000000000000e+01 2.193661578446449642e-02 3.079425717042760269e+01
5.600000000000000000e+01 -3.775712417961848977e-01 4.698760886762845423e+00
5.600000000000000000e+01 -1.057697740133979464e-01 2.861637999936976229e+01
5.700000000000000000e+01 2.432364830758367708e-02 3.035556316823514678e+01
5.700000000000000000e+01 -3.876440444020228804e-01 4.723585633222953106e+00
5.700000000000000000e+01 -1.091208287556066636e-01 2.830310058225187575e+01
5.800000000000000000e+01 2.511394961046622271e-02 2.991961489315282563e+01
5.800000000000000000e+01 -3.977814677607269811e-01 4.750709621867958532e+00
5.800000000000000000e+01 -1.107454535398028767e-01 2.795541431914763919e+01
5.900000000000000000e+01 2.402081888187680356e-02 2.948580926351483811e+01
5.900000000000000000e+01 -4.079645892199799673e-01 4.780299256521142404e+00
5.900000000000000000e+01 -1.103510412412250924e-01 2.757594600620531367e+01
6.000000000000000000e+01 2.067059854108286784e-02 2.905772495399162736e+01
6.000000000000000000e+01 -4.181726407123554368e-01 4.812524596278789701e+00
6.000000000000000000e+01 -1.075568217789060615e-01 2.716395228199129264e+01
6.100000000000000000e+01 1.454725543964153003e-02 2.864629887511054562e+01
6.100000000000000000e+01 -4.283832208140011533e-01 4.847556577837770497e+00
6.100000000000000000e+01 -1.018374957195643665e-01 2.671232276120810312e+01
6.200000000000000000e+01 4.955924781676144392e-03 2.827685082942351968e+01
6.200000000000000000e+01 -4.384045629747482797e-01 4.887468175026196349e+00
6.200000000000000000e+01 -9.247301141116974488e-02 2.619634091336201109e+01
6.300000000000000000e+01 -7.869730752215503555e-03 2.801730885752396460e+01
6.300000000000000000e+01 -7.969679805999221878e-02 2.556795162731857118e+01
6.300000000000000000e+01 -4.485223403061069369e-01 4.928817530178023709e+00
6.400000000000000000e+01 -2.070733297365109221e-02 2.792025327520386213e+01
6.400000000000000000e+01 -6.668886096776274752e-02 2.478460488164016340e+01
6.400000000000000000e+01 -4.585700461242782633e-01 4.973480045282383522e+00
6.500000000000000000e+01 -3.006050368146100799e-02 2.791308300321669833e+01
6.500000000000000000e+01 -5.692533049516775717e-02 2.392467443603518262e+01
6.500000000000000000e+01 -4.685303464610312552e-01 5.021627454401402346e+00
6.600000000000000000e+01 -3.650318704838306089e-02 2.791347015192162218e+01
6.600000000000000000e+01 -4.982509905857435140e-02 2.306872833908952103e+01
6.600000000000000000e+01 -4.783683502875025750e-01 5.073344073104135710e+00
6.700000000000000000e+01 -4.412864756026543822e-02 2.223834397224446491e+01
6.700000000000000000e+01 -4.128348276593820504e-02 2.789996924169680170e+01
6.700000000000000000e+01 -4.880658437470258293e-01 5.128741949077230800e+00
6.800000000000000000e+01 -3.912907889732000766e-02 2.143715322425637027e+01
6.800000000000000000e+01 -4.509384251061309551e-02 2.787076863220077527e+01
6.800000000000000000e+01 -4.976052300868530898e-01 5.187910463958977481e+00
6.900000000000000000e+01 -3.445462583290785641e-02 2.066572243933206821e+01
6.900000000000000000e+01 -4.829118434032764196e-02 2.782747800963475626e+01
6.900000000000000000e+01 -5.069712822348532155e-01 5.250909773942354697e+00
7.000000000000000000e+01 -2.989491879042870462e-02 1.992432075495138477e+01
7.000000000000000000e+01 -5.107184487366814296e-02 2.777187828752998300e+01
7.000000000000000000e+01 -5.161530763308455061e-01 5.317762494091887504e+00
7.100000000000000000e+01 -2.532115215261115243e-02 1.921326406095844774e+01
7.100000000000000000e+01 -5.355198044534949936e-02 2.770540220108616936e+01
7.100000000000000000e+01 -5.251437667019387412e-01 5.388459147505161972e+00
7.200000000000000000e+01 -2.064957167869065427e-02 1.853287274311752597e+01
7.200000000000000000e+01 -5.580451816651710306e-02 2.762913868914373339e+01
7.200000000000000000e+01 -5.339414969228883923e-01 5.462949226907728217e+00
7.300000000000000000e+01 -1.581744436766609196e-02 1.788269943140485196e+01
7.300000000000000000e+01 -5.787822566122594048e-02 2.754390576527165635e+01
7.300000000000000000e+01 -5.425415401905224755e-01 5.541182099174271514e+00
7.400000000000000000e+01 -1.079747818681254731e-02 1.726419425540528607e+01
7.400000000000000000e+01 -5.980419843079099601e-02 2.745035947409273902e+01
7.400000000000000000e+01 -5.509650346805029519e-01 5.622954766665471560e+00
7.500000000000000000e+01 -5.557483879329363011e-03 1.667663430015887016e+01
7.500000000000000000e+01 -6.160616392023176430e-02 2.734902455637411123e+01
7.500000000000000000e+01 -5.592199814613610931e-01 5.708094099342821082e+00
7.600000000000000000e+01 -8.031498554979158799e-05 1.611976759051247399e+01
7.600000000000000000e+01 -6.330060968647585606e-02 2.724033648288727250e+01
7.600000000000000000e+01 -5.673202385569702244e-01 5.796386692550171027e+00
7.700000000000000000e+01 5.642858373090188680e-03 1.559319973351415811e+01
7.700000000000000000e+01 -6.489935308676106351e-02 2.712467749619559854e+01
7.700000000000000000e+01 -5.752848210852280486e-01 5.887548206203072176e+00
7.800000000000000000e+01 1.161357067465381733e-02 1.509638586810118888e+01
7.800000000000000000e+01 -1.573717483043793330e-02 4.969575062321221992e+01
7.800000000000000000e+01 -6.641104878730884342e-02 2.700239113923517920e+01
7.800000000000000000e+01 -5.831325279317051136e-01 5.981263398456377445e+00
7.900000000000000000e+01 1.782608520238461100e-02 1.462865868245382295e+01
7.900000000000000000e+01 -1.606652633049380705e-02 4.936590775608167547e+01
7.900000000000000000e+01 -6.784196948096621327e-02 2.687379684857640427e+01
7.900000000000000000e+01 -5.908822933829291912e-01 6.077174177029666780e+00
8.000000000000000000e+01 2.426728541134573827e-02 1.418924355448559993e+01
8.000000000000000000e+01 -1.637598208001096040e-02 4.904510718961268623e+01
8.000000000000000000e+01 -6.919661115870147372e-02 2.673919780963729309e+01
8.000000000000000000e+01 -5.985514261600244357e-01 6.174889379060177319e+00
8.100000000000000000e+01 3.091644983567868460e-02 1.377727235711117260e+01
8.100000000000000000e+01 -1.666608976336252448e-02 4.873201805242260320e+01
8.100000000000000000e+01 -7.047810812890115129e-02 2.659888596361041380e+01
8.100000000000000000e+01 -6.061540885277426627e-01 6.273996036509118746e+00
8.200000000000000000e+01 3.774514131358502889e-02 1.339179423058248908e+01
8.200000000000000000e+01 -1.693733668318794100e-02 4.842543264782640478e+01
8.200000000000000000e+01 -7.168851444191325084e-02 2.645314523112739380e+01
8.200000000000000000e+01 -6.137004007771259539e-01 6.374070612063145624e+00
8.300000000000000000e+01 4.472968671613952035e-02 1.303144145556795408e+01
8.300000000000000000e+01 -1.718907552984915918e-02 4.812387989784576092e+01
8.300000000000000000e+01 -7.282688283389683603e-02 2.630222721243562845e+01
8.300000000000000000e+01 -6.212752227124040960e-01 6.474136958553405208e+00
8.400000000000000000e+01 5.180187218711394814e-02 1.269583700301461704e+01
8.400000000000000000e+01 -1.742398109133871248e-02 4.782717509389721044e+01
8.400000000000000000e+01 -7.389859783355046119e-02 2.614644013637700226e+01
8.400000000000000000e+01 -6.286973359095819891e-01 6.575093528260304687e+00
8.500000000000000000e+01 5.892551532444328943e-02 1.238345819240496759e+01
8.500000000000000000e+01 -1.764081414507182727e-02 4.753399920878407414e+01
8.500000000000000000e+01 -7.490049173292513685e-02 2.598604995145876018e+01
8.500000000000000000e+01 -6.360694582766568406e-01 6.675800413062523475e+00
8.600000000000000000e+01 6.604878331138921976e-02 1.209306844175593021e+01
8.600000000000000000e+01 -1.783956580274676310e-02 4.724352748786842682e+01
8.600000000000000000e+01 -7.583182861629678140e-02 2.582131613804276782e+01
8.600000000000000000e+01 -6.433850479959819513e-01 6.775951776956226524e+00
8.700000000000000000e+01 7.311825763311412263e-02 1.182338324089433002e+01
8.700000000000000000e+01 -1.802005512454705333e-02 4.695501018978449537e+01
8.700000000000000000e+01 -7.669133996943766629e-02 2.565249136733662283e+01
8.700000000000000000e+01 -6.506360450336616807e-01 6.875304416031583266e+00
8.800000000000000000e+01 8.008105902784461161e-02 1.157308658982175942e+01
8.800000000000000000e+01 -1.818192115617026788e-02 4.666776676176437633e+01
8.800000000000000000e+01 -7.747725770080318708e-02 2.547982129884292490e+01
8.800000000000000000e+01 -6.578140748616159161e-01 6.973686439341941323e+00
8.900000000000000000e+01 8.690295240231589446e-02 1.134042387272783436e+01
8.900000000000000000e+01 -1.832435743043579757e-02 4.638073762721268167e+01
8.900000000000000000e+01 -7.818653972377247185e-02 2.530333873613732365e+01
8.900000000000000000e+01 -6.649383758605448280e-01 7.070864079988680828e+00
