1.000000000000000000e+01 -4.083005481798985398e-02 6.979928880849330426e+02
1.000000000000000000e+01 -4.083005481896187505e-02 -6.979928880849352026e+02
1.000000000000000000e+01 -1.003585312381820582e+00 -2.592198388268078588e+02
1.000000000000000000e+01 -1.003585312382783146e+00 2.592198388268096778e+02
1.000000000000000000e+01 -1.311814061823651567e+00 2.799146978257801166e+01
1.000000000000000000e+01 -1.311814061824890132e+00 -2.799146978257835983e+01
1.000000000000000000e+01 -1.393875973801317558e+00 1.844856071701213409e+02
1.000000000000000000e+01 -1.393875973803273327e+00 -1.844856071701230178e+02
1.000000000000000000e+01 -2.065293330812771444e+00 5.237735879368142378e+02
1.000000000000000000e+01 -2.065293330813108508e+00 -5.237735879368144651e+02
1.000000000000000000e+01 -4.297089932078616670e+00 -1.009453436403288379e+03
1.000000000000000000e+01 -4.297089932090115028e+00 1.009453436403287583e+03
1.000000000000000000e+01 -4.617603595039691200e+00 9.788371960114786816e+02
1.000000000000000000e+01 -4.617603595043469511e+00 -9.788371960114798185e+02
1.000000000000000000e+01 -7.267547679041333808e+00 1.581205839369615433e+03
1.000000000000000000e+01 -7.267547679042715814e+00 -1.581205839369616115e+03
1.000000000000000000e+01 -2.604772687575085399e+01 -3.771392661759212217e+01
1.000000000000000000e+01 -2.604772687575269785e+01 3.771392661759048082e+01
1.000000000000000000e+01 -2.859311733852010917e+01 1.370977120872696745e-13
1.000000000000000000e+01 -3.473480008063784652e+01 -1.954156670450355904e+01
1.000000000000000000e+01 -3.473480008063820890e+01 1.954156670450358746e+01
1.000000000000000000e+01 -4.248544064242850737e+01 -3.083600634451279732e-16
1.000000000000000000e+01 -4.315152917283322864e+01 -3.992899927604303567e+00
1.000000000000000000e+01 -4.315152917283542422e+01 3.992899927604638854e+00
1.000000000000000000e+01 -4.519372492498709448e+01 2.237563586279535244e+01
1.000000000000000000e+01 -4.519372492498727922e+01 -2.237563586279532757e+01
1.000000000000000000e+01 -7.143651549804123135e+01 -7.871263241690451723e-13
1.000000000000000000e+01 -9.921872341175938459e+01 4.024761410589932531e+00
1.000000000000000000e+01 -9.921872341176126042e+01 -4.024761410589714927e+00
1.000000000000000000e+01 -1.196478121047285441e+02 2.586988227950113655e-13
1.000000000000000000e+01 -1.518683652410780383e+02 3.522098793777545879e-13
1.000000000000000000e+01 -1.909092789449446457e+02 4.558105416226293727e+01
1.000000000000000000e+01 -1.909092789449458678e+02 -4.558105416226322859e+01
1.000000000000000000e+01 -1.984212928852317646e+02 -1.314014888313983402e-13
1.000000000000000000e+01 -2.798536659153286337e+02 -2.959286888127855960e-13
1.000000000000000000e+01 -3.889835050412526698e+02 -1.466048758221556447e+01
1.000000000000000000e+01 -3.889835050412527835e+02 1.466048758221480419e+01
1.000000000000000000e+01 -4.380502043483365355e+02 -1.055047294389628678e-13
1.000000000000000000e+01 -5.286713451843772873e+02 3.451698551578497186e-15
1.000000000000000000e+01 -6.511455976635085108e+02 -1.592046693597943894e-13
1.000000000000000000e+01 -1.502393150972906824e+03 1.747022988231592451e-13
1.000000000000000000e+01 -2.618882435557752615e+03 5.026548245743666484e+03
1.000000000000000000e+01 -2.630809050444840977e+03 -4.732519399675988097e+03
1.000000000000000000e+01 -2.630809050444842342e+03 4.732519399675989007e+03
1.000000000000000000e+01 -2.722441496144859684e+03 -3.773108291572287790e-12
1.000000000000000000e+01 -2.910842917909029893e+03 -3.318581924010632520e+03
1.000000000000000000e+01 -2.910842917909031712e+03 3.318581924010632065e+03
1.000000000000000000e+01 -3.080757880392120114e+03 -2.205476161323347105e-12
1.000000000000000000e+01 -3.090106888487483957e+03 -3.294125647402723644e+03
1.000000000000000000e+01 -3.090106888487484412e+03 3.294125647402720460e+03
1.000000000000000000e+01 -3.168634615093898447e+03 7.610881989369937614e-13
1.000000000000000000e+01 -3.172315734097547193e+03 -5.026548245743662847e+03
1.000000000000000000e+01 -3.213635664254188214e+03 -3.428215718848472534e+03
1.000000000000000000e+01 -3.213635664254188214e+03 3.428215718848467532e+03
1.000000000000000000e+01 -3.393298754910852495e+03 8.231466584360274943e-13
1.000000000000000000e+01 -3.473893611030307966e+03 -8.809103139732596901e+02
1.000000000000000000e+01 -3.473893611030310240e+03 8.809103139732567342e+02
1.000000000000000000e+01 -3.615233697215656775e+03 -6.181876195565818089e-12
1.000000000000000000e+01 -3.800156914013064124e+03 5.829697252857096146e+02
1.000000000000000000e+01 -3.800156914013073219e+03 -5.829697252857054082e+02
1.000000000000000000e+01 -4.707165533248709835e+03 -4.255576162545599800e+03
1.000000000000000000e+01 -4.707165533248797146e+03 4.255576162545559782e+03
1.000000000000000000e+01 -6.226973129844378491e+03 4.484379293902902646e+02
1.000000000000000000e+01 -6.226973129844441246e+03 -4.484379293902591712e+02
1.100000000000000000e+01 -5.560673671004769808e-02 -6.976856351612502749e+02
1.100000000000000000e+01 -5.560673671208068991e-02 6.976856351612480012e+02
1.100000000000000000e+01 -1.101170001353177552e+00 2.590817378425963966e+02
1.100000000000000000e+01 -1.101170001357969719e+00 -2.590817378425987840e+02
1.100000000000000000e+01 -1.457346701290544333e+00 2.800038548136809524e+01
1.100000000000000000e+01 -1.457346701292506985e+00 -2.800038548136767602e+01
1.100000000000000000e+01 -1.530762911357406164e+00 -1.845512327964651718e+02
1.100000000000000000e+01 -1.530762911368077850e+00 1.845512327964665360e+02
1.100000000000000000e+01 -2.084786709864876020e+00 5.245715739175767567e+02
1.100000000000000000e+01 -2.084786709869751675e+00 -5.245715739175748240e+02
1.100000000000000000e+01 -4.117505286597237024e+00 1.015015565249818337e+03
1.100000000000000000e+01 -4.117505286601900849e+00 -1.015015565249817541e+03
1.100000000000000000e+01 -4.675506001466820827e+00 -9.863068975569805161e+02
1.100000000000000000e+01 -4.675506001467032213e+00 9.863068975569783561e+02
1.100000000000000000e+01 -7.183467281039020769e+00 1.602291585194985601e+03
1.100000000000000000e+01 -7.183467281039673580e+00 -1.602291585194984691e+03
1.100000000000000000e+01 -2.862949182188417296e+01 -4.125807696090673460e+01
1.100000000000000000e+01 -2.862949182188756936e+01 4.125807696090599563e+01
1.100000000000000000e+01 -3.140926715115850598e+01 -9.204881133427531454e-12
1.100000000000000000e+01 -3.840309601655772553e+01 -2.126422015908433139e+01
1.100000000000000000e+01 -3.840309601656051797e+01 2.126422015908460494e+01
1.100000000000000000e+01 -4.661793219538354549e+01 -3.812166786759128624e-15
1.100000000000000000e+01 -4.765346056296809252e+01 5.022440564387634865e+00
1.100000000000000000e+01 -4.765346056299220834e+01 -5.022440564379532013e+00
1.100000000000000000e+01 -4.994377810039465970e+01 -2.427663564325649403e+01
1.100000000000000000e+01 -4.994377810039484444e+01 2.427663564325733958e+01
1.100000000000000000e+01 -7.855708992802001944e+01 4.619660830395425091e-13
1.100000000000000000e+01 -1.080324486723611273e+02 4.811307456673055150e+00
1.100000000000000000e+01 -1.080324486723654900e+02 -4.811307456671340077e+00
1.100000000000000000e+01 -1.315622111142449455e+02 -1.545903412821059833e-13
1.100000000000000000e+01 -1.671909192478739783e+02 2.138596157403218867e-13
1.100000000000000000e+01 -2.037884761016262019e+02 5.098175498257799632e+01
1.100000000000000000e+01 -2.037884761016299251e+02 -5.098175498257801763e+01
1.100000000000000000e+01 -2.184231673566183076e+02 -6.802197013914984655e-13
1.100000000000000000e+01 -3.099977229233759886e+02 7.437012972773469235e-13
1.100000000000000000e+01 -4.213297108252738212e+02 -3.048758658083113637e+00
1.100000000000000000e+01 -4.213297108252912153e+02 3.048758658083417838e+00
1.100000000000000000e+01 -4.669371018353726868e+02 2.319538048323889958e-13
1.100000000000000000e+01 -5.792430828488522820e+02 -8.388468641536430324e-14
1.100000000000000000e+01 -7.189480815423091826e+02 1.531480558979541199e-13
1.100000000000000000e+01 -1.738434324171781554e+03 1.100899267085178117e-12
1.100000000000000000e+01 -2.863708893277519564e+03 5.529203070318034406e+03
1.100000000000000000e+01 -2.882567530230875946e+03 -5.306440949477572758e+03
1.100000000000000000e+01 -2.882567530230880038e+03 5.306440949477570939e+03
1.100000000000000000e+01 -2.929698258282893221e+03 2.671367657116374167e-12
1.100000000000000000e+01 -3.208071193479094745e+03 3.661318916589658329e+03
1.100000000000000000e+01 -3.208071193479097474e+03 -3.661318916589660148e+03
1.100000000000000000e+01 -3.326425686355942162e+03 2.584875596928625750e-13
1.100000000000000000e+01 -3.400277873407104835e+03 -3.632238049321169910e+03
1.100000000000000000e+01 -3.400277873407108473e+03 3.632238049321163544e+03
1.100000000000000000e+01 -3.449165783827083942e+03 -1.201697988887480638e-12
1.100000000000000000e+01 -3.471762209685621201e+03 5.529203070318035316e+03
1.100000000000000000e+01 -3.503587514885153723e+03 3.753449361981104175e+03
1.100000000000000000e+01 -3.503587514885159635e+03 -3.753449361981103266e+03
1.100000000000000000e+01 -3.678783342166794682e+03 8.033480580779002175e-13
1.100000000000000000e+01 -3.827466757358043651e+03 9.841920756762984865e+02
1.100000000000000000e+01 -3.827466757358049563e+03 -9.841920756762981455e+02
1.100000000000000000e+01 -3.915361307181984557e+03 1.709657384792718547e-12
1.100000000000000000e+01 -4.204067532752604166e+03 -4.102000153242561851e+02
1.100000000000000000e+01 -4.204067532752608713e+03 4.102000153242568672e+02
1.100000000000000000e+01 -5.181849589432719768e+03 -4.604742998636445918e+03
1.100000000000000000e+01 -5.181849589432732500e+03 4.604742998636438642e+03
1.100000000000000000e+01 -6.145405154136407873e+03 2.692642076398906639e-11
1.100000000000000000e+01 -9.816679084961213448e+03 -4.337899072570279448e-11
1.200000000000000000e+01 -7.545047497907245160e-02 6.962403506106616078e+02
1.200000000000000000e+01 -7.545047498681145548e-02 -6.962403506106604709e+02
1.200000000000000000e+01 -1.201327755208570158e+00 2.588834650212415340e+02
1.200000000000000000e+01 -1.201327755209530501e+00 -2.588834650212407951e+02
1.200000000000000000e+01 -1.606210100824097653e+00 -2.800887389292632790e+01
1.200000000000000000e+01 -1.606210100826669818e+00 2.800887389292552143e+01
1.200000000000000000e+01 -1.673684542505786021e+00 -1.846081301917469943e+02
1.200000000000000000e+01 -1.673684542508971695e+00 1.846081301917428448e+02
1.200000000000000000e+01 -2.121366644534430357e+00 -5.251804894826511827e+02
1.200000000000000000e+01 -2.121366644535905177e+00 5.251804894826530017e+02
1.200000000000000000e+01 -3.968704744611634805e+00 -1.019323858382728645e+03
1.200000000000000000e+01 -3.968704744620212388e+00 1.019323858382729327e+03
1.200000000000000000e+01 -4.752811240583034724e+00 -9.934038236681841454e+02
1.200000000000000000e+01 -4.752811240586774844e+00 9.934038236681856233e+02
1.200000000000000000e+01 -7.025297682826456835e+00 -1.619014981277235393e+03
1.200000000000000000e+01 -7.025297682829352297e+00 1.619014981277235165e+03
1.200000000000000000e+01 -3.125513105381348211e+01 4.478832447596497701e+01
1.200000000000000000e+01 -3.125513105381674706e+01 -4.478832447596455069e+01
1.200000000000000000e+01 -3.421489205171481984e+01 -2.357654273997428926e-13
1.200000000000000000e+01 -4.228512038853071431e+01 -2.285376815830036179e+01
1.200000000000000000e+01 -4.228512038853335042e+01 2.285376815829924624e+01
1.200000000000000000e+01 -5.090900421421271460e+01 -3.871099302272638630e-14
1.200000000000000000e+01 -5.255690381527730182e+01 6.486560854965215839e+00
1.200000000000000000e+01 -5.255690381527839605e+01 -6.486560854965120804e+00
1.200000000000000000e+01 -5.471150084853449158e+01 2.616539859028359416e+01
1.200000000000000000e+01 -5.471150084853560003e+01 -2.616539859028268822e+01
1.200000000000000000e+01 -8.588550027322848734e+01 -1.486736054518643456e-12
1.200000000000000000e+01 -1.162300050742231008e+02 6.367122842441750308e+00
1.200000000000000000e+01 -1.162300050742251329e+02 -6.367122842441542474e+00
1.200000000000000000e+01 -1.435232741993578429e+02 -1.235888171539917083e-12
1.200000000000000000e+01 -1.821575429507597903e+02 1.729837157528368512e-13
1.200000000000000000e+01 -2.164661806932110437e+02 5.550094288092321904e+01
1.200000000000000000e+01 -2.164661806932110437e+02 -5.550094288092311245e+01
1.200000000000000000e+01 -2.376658136378856341e+02 6.673202307884277254e-13
1.200000000000000000e+01 -3.406265321606426824e+02 -1.968331744338769330e-13
1.200000000000000000e+01 -4.319791487794023510e+02 3.464178900627245806e-13
1.200000000000000000e+01 -4.736170742653941375e+02 1.627456566382902420e-13
1.200000000000000000e+01 -4.965390630343030125e+02 6.899713798658565546e-13
1.200000000000000000e+01 -6.255630169528445776e+02 7.456444637365717985e-13
1.200000000000000000e+01 -7.847848108673807701e+02 -8.460264698659636442e-13
1.200000000000000000e+01 -1.967248322925243201e+03 2.461231944142387054e-12
1.200000000000000000e+01 -3.081678233258411638e+03 -6.031857894892401418e+03
1.200000000000000000e+01 -3.131766658664753777e+03 1.068268791409939733e-12
1.200000000000000000e+01 -3.144591505054574100e+03 5.896094568540910586e+03
1.200000000000000000e+01 -3.144591505054575919e+03 -5.896094568540908767e+03
1.200000000000000000e+01 -3.508674150920023749e+03 -4.008304334081955858e+03
1.200000000000000000e+01 -3.508674150920023749e+03 4.008304334081953584e+03
1.200000000000000000e+01 -3.564043822329525028e+03 1.642992237044301969e-12
1.200000000000000000e+01 -3.698412270618582625e+03 2.803830377288587211e-13
1.200000000000000000e+01 -3.711302097480197062e+03 3.973067425450689825e+03
1.200000000000000000e+01 -3.711302097480206157e+03 -3.973067425450683913e+03
1.200000000000000000e+01 -3.747000261168901943e+03 6.031857894892402328e+03
1.200000000000000000e+01 -3.794191154235832073e+03 4.085743255890427918e+03
1.200000000000000000e+01 -3.794191154235838439e+03 -4.085743255890427918e+03
1.200000000000000000e+01 -3.954548844133724288e+03 3.449797978831643319e-13
1.200000000000000000e+01 -4.165520163867278825e+03 1.079562479675564191e+03
1.200000000000000000e+01 -4.165520163867285191e+03 -1.079562479675570103e+03
1.200000000000000000e+01 -4.211779744783536444e+03 6.453530947351728369e-12
1.200000000000000000e+01 -4.635392411039918443e+03 -1.691390003704378557e+02
1.200000000000000000e+01 -4.635392411039922990e+03 1.691390003704376852e+02
1.200000000000000000e+01 -5.691811161674104369e+03 5.005106378577773285e+03
1.200000000000000000e+01 -5.691811161674124378e+03 -5.005106378577765099e+03
1.200000000000000000e+01 -6.532154548844427154e+03 1.122317394387303886e-11
1.200000000000000000e+01 -1.222531980156941972e+04 -6.031857894891823889e+03
1.300000000000000000e+01 -1.005762636648009634e-01 -6.937212862865660554e+02
1.300000000000000000e+01 -1.005762636697408174e-01 6.937212862865652596e+02
1.300000000000000000e+01 -1.303341010661778654e+00 -2.586275186519093836e+02
1.300000000000000000e+01 -1.303341010664963662e+00 2.586275186519081331e+02
1.300000000000000000e+01 -1.754835316891524277e+00 -2.801684427383962017e+01
1.300000000000000000e+01 -1.754835316894284070e+00 2.801684427384064691e+01
1.300000000000000000e+01 -1.821203793474241550e+00 -1.846583229654212630e+02
1.300000000000000000e+01 -1.821203793478561650e+00 1.846583229654248726e+02
1.300000000000000000e+01 -2.171363519605156611e+00 -5.256534722531603165e+02
1.300000000000000000e+01 -2.171363519609763593e+00 5.256534722531572470e+02
1.300000000000000000e+01 -3.849650013020683659e+00 1.022724330723083995e+03
1.300000000000000000e+01 -3.849650013025479822e+00 -1.022724330723088201e+03
1.300000000000000000e+01 -4.845284583855624660e+00 1.000521107397619858e+03
1.300000000000000000e+01 -4.845284583856463101e+00 -1.000521107397622131e+03
1.300000000000000000e+01 -6.832010463239861053e+00 1.632472999154966828e+03
1.300000000000000000e+01 -6.832010463243136655e+00 -1.632472999154966828e+03
1.300000000000000000e+01 -3.395649612792027483e+01 4.849805587462082457e+01
1.300000000000000000e+01 -3.395649612792028194e+01 -4.849805587462052614e+01
1.300000000000000000e+01 -3.701166328185426835e+01 3.646504180380178239e-13
1.300000000000000000e+01 -4.650973281940451898e+01 -2.438520873400887368e+01
1.300000000000000000e+01 -4.650973281940476767e+01 2.438520873400858946e+01
1.300000000000000000e+01 -5.553217345306170927e+01 0.000000000000000000e+00
1.300000000000000000e+01 -5.795727110234189894e+01 8.454133798974444503e+00
1.300000000000000000e+01 -5.795727110234307844e+01 -8.454133798974194036e+00
1.300000000000000000e+01 -5.940934715414433498e+01 2.837862254316044286e+01
1.300000000000000000e+01 -5.940934715414454814e+01 -2.837862254316230803e+01
1.300000000000000000e+01 -9.337390980858053524e+01 9.334044038482263232e-13
1.300000000000000000e+01 -1.240659556442004288e+02 8.734076700986912911e+00
1.300000000000000000e+01 -1.240659556442053457e+02 -8.734076700986495467e+00
1.300000000000000000e+01 -1.554613004664193170e+02 -1.195724980628520107e-12
1.300000000000000000e+01 -1.964007276418030017e+02 -7.970696328997991045e-14
1.300000000000000000e+01 -2.292006559224110731e+02 -6.130355601814720501e+01
1.300000000000000000e+01 -2.292006559224149385e+02 6.130355601814711264e+01
1.300000000000000000e+01 -2.551965779384175619e+02 4.775613915982567826e-13
1.300000000000000000e+01 -3.735654280723294960e+02 1.634453784512352201e-12
1.300000000000000000e+01 -4.469115067855647112e+02 -3.394078192785976613e-13
1.300000000000000000e+01 -5.181276414117722879e+02 -6.741511435659333529e+00
1.300000000000000000e+01 -5.181276414117726290e+02 6.741511435657711715e+00
1.300000000000000000e+01 -6.573214077795009871e+02 7.076963932173039067e-13
1.300000000000000000e+01 -8.514850993147414329e+02 -8.936202354243652600e-13
1.300000000000000000e+01 -2.208762560810920149e+03 1.152497461902887210e-12
1.300000000000000000e+01 -3.230144880669309259e+03 6.534512719466769340e+03
1.300000000000000000e+01 -3.329592702763311081e+03 -1.032161724706985508e-12
1.300000000000000000e+01 -3.432665306558172688e+03 -6.492696682032560602e+03
1.300000000000000000e+01 -3.432665306558192242e+03 6.492696682032563331e+03
1.300000000000000000e+01 -3.778718180934310112e+03 -2.382111773115505708e-12
1.300000000000000000e+01 -3.811236931113680839e+03 4.356958885327929238e+03
1.300000000000000000e+01 -3.811236931113684477e+03 -4.356958885327935604e+03
1.300000000000000000e+01 -3.885646266393286169e+03 -4.235798904282793413e-12
1.300000000000000000e+01 -3.988386018508489087e+03 -6.534512719466767521e+03
1.300000000000000000e+01 -4.020550895769517410e+03 4.317280306991831822e+03
1.300000000000000000e+01 -4.020550895769522413e+03 -4.317280306991833640e+03
1.300000000000000000e+01 -4.091630912357807119e+03 -4.428606185565084161e+03
1.300000000000000000e+01 -4.091630912357808938e+03 4.428606185565084161e+03
1.300000000000000000e+01 -4.233730184914193160e+03 -7.426722582441235361e-13
1.300000000000000000e+01 -4.473214980033078973e+03 -1.161013054234118499e+03
1.300000000000000000e+01 -4.473214980033087159e+03 1.161013054234115771e+03
1.300000000000000000e+01 -4.506687078724808998e+03 -9.814188774910172858e-13
1.300000000000000000e+01 -4.835113534884596447e+03 2.421467104840898560e-11
1.300000000000000000e+01 -5.356165090197247082e+03 -2.925004441156440719e-11
1.300000000000000000e+01 -6.231514720841148119e+03 5.540025458365916165e+03
1.300000000000000000e+01 -6.231514720841200869e+03 -5.540025458365889790e+03
1.300000000000000000e+01 -7.022081369156175242e+03 -4.198510460219061329e-11
1.300000000000000000e+01 -1.425756125153616631e+04 -6.534512719466454655e+03
1.400000000000000000e+01 -1.311241013350083473e-01 -6.901302234774769886e+02
1.400000000000000000e+01 -1.311241013372059505e-01 6.901302234774766475e+02
1.400000000000000000e+01 -1.407202478734033146e+00 2.583143098812822700e+02
1.400000000000000000e+01 -1.407202478740757545e+00 -2.583143098812826111e+02
1.400000000000000000e+01 -1.904835555439804651e+00 2.802458029088049685e+01
1.400000000000000000e+01 -1.904835555442765616e+00 -2.802458029088258940e+01
1.400000000000000000e+01 -1.973323854800294930e+00 1.847032833475285258e+02
1.400000000000000000e+01 -1.973323854803601396e+00 -1.847032833475308280e+02
1.400000000000000000e+01 -2.232411490915211516e+00 5.260254479167699628e+02
1.400000000000000000e+01 -2.232411490917110442e+00 -5.260254479167651880e+02
1.400000000000000000e+01 -3.757807674067093373e+00 1.025455009928060008e+03
1.400000000000000000e+01 -3.757807674071167003e+00 -1.025455009928061372e+03
1.400000000000000000e+01 -4.951549179125813716e+00 1.007973253265963308e+03
1.400000000000000000e+01 -4.951549179127223255e+00 -1.007973253265964217e+03
1.400000000000000000e+01 -6.627761753372931608e+00 1.643444414294547869e+03
1.400000000000000000e+01 -6.627761753376452347e+00 -1.643444414294551052e+03
1.400000000000000000e+01 -3.681511485837893360e+01 5.260543069820793960e+01
1.400000000000000000e+01 -3.681511485839381947e+01 -5.260543069820941042e+01
1.400000000000000000e+01 -3.978905830209657779e+01 1.995322900949799720e-12
1.400000000000000000e+01 -5.072759118170598214e+01 -2.576269886570385026e+01
1.400000000000000000e+01 -5.072759118170617398e+01 2.576269886570876366e+01
1.400000000000000000e+01 -6.059118372930173280e+01 0.000000000000000000e+00
1.400000000000000000e+01 -6.385351179058581295e+01 3.117439693833087944e+01
1.400000000000000000e+01 -6.385351179058909565e+01 -3.117439693833406622e+01
1.400000000000000000e+01 -6.649551577670430902e+01 -1.035673814275757465e+01
1.400000000000000000e+01 -6.649551577671610403e+01 1.035673814275275362e+01
1.400000000000000000e+01 -1.002124488840913159e+02 -4.634148431001769381e-13
1.400000000000000000e+01 -1.158714722359678291e+02 -7.003366949050166972e-13
1.400000000000000000e+01 -1.363653508943324084e+02 -7.643784064039002339e-14
1.400000000000000000e+01 -1.665638837387494391e+02 2.028298682684450278e-13
1.400000000000000000e+01 -2.090542461776484515e+02 5.986400521462939671e-13
1.400000000000000000e+01 -2.354747809451894511e+02 5.738195280298226919e+01
1.400000000000000000e+01 -2.354747809451917249e+02 -5.738195280298084100e+01
1.400000000000000000e+01 -2.677063286219880069e+02 -8.588003569588315239e-13
1.400000000000000000e+01 -4.011423469193269966e+02 -2.793205050458077861e-12
1.400000000000000000e+01 -4.604361431324487626e+02 7.650591079654169514e-13
1.400000000000000000e+01 -5.269860136634875971e+02 -8.649689419158400778e-13
1.400000000000000000e+01 -5.564686455330205490e+02 2.490491961030216016e-13
1.400000000000000000e+01 -6.719406929197522231e+02 -4.285959188823554392e-13
1.400000000000000000e+01 -9.169422863816771496e+02 -6.703432025950981036e-13
1.400000000000000000e+01 -2.447222035746365236e+03 7.600100026195410596e-13
1.400000000000000000e+01 -3.371377370616842200e+03 5.219777291641675200e-13
1.400000000000000000e+01 -3.420767320063089755e+03 -7.037167544041133624e+03
1.400000000000000000e+01 -3.553038338473297699e+03 -7.037167544041136352e+03
1.400000000000000000e+01 -3.841572268949370482e+03 7.037167544041131805e+03
1.400000000000000000e+01 -4.042794770743173103e+03 2.426590511458839572e+01
1.400000000000000000e+01 -4.042794770743179924e+03 -2.426590511458490340e+01
1.400000000000000000e+01 -4.121398998876763471e+03 -4.709192911379323959e+03
1.400000000000000000e+01 -4.121398998876765290e+03 4.709192911379314864e+03
1.400000000000000000e+01 -4.201233508585059099e+03 -7.037167544041135443e+03
1.400000000000000000e+01 -4.325359733690558642e+03 4.668258951471269029e+03
1.400000000000000000e+01 -4.325359733690569556e+03 -4.668258951471249929e+03
1.400000000000000000e+01 -4.394274538418281736e+03 4.786518756648800263e+03
1.400000000000000000e+01 -4.394274538418282646e+03 -4.786518756648800263e+03
1.400000000000000000e+01 -4.529691057683697181e+03 -2.067866547935742287e-12
1.400000000000000000e+01 -4.762238619537072736e+03 -1.206465856448558725e+03
1.400000000000000000e+01 -4.762238619537076374e+03 1.206465856448557361e+03
1.400000000000000000e+01 -4.814800800812446141e+03 1.341082091822035432e-12
1.400000000000000000e+01 -5.331549349000120856e+03 -2.768925711696338646e-12
1.400000000000000000e+01 -5.593933667468281783e+03 3.867990583405634385e-12
1.400000000000000000e+01 -6.621269468220667477e+03 6.127463356649546768e+03
1.400000000000000000e+01 -6.621269468220710223e+03 -6.127463356649535854e+03
1.400000000000000000e+01 -7.562036191843684719e+03 -3.971718820686048423e-12
1.400000000000000000e+01 -1.566058623877446735e+04 -7.037167544041040856e+03
1.500000000000000000e+01 -1.667461886956054795e-01 6.854645606405047147e+02
1.500000000000000000e+01 -1.667461886962010587e-01 -6.854645606405083527e+02
1.500000000000000000e+01 -1.512671205317960288e+00 -2.579419679028725909e+02
1.500000000000000000e+01 -1.512671205319235046e+00 2.579419679028707151e+02
1.500000000000000000e+01 -2.056216688861862263e+00 2.803233856229170939e+01
1.500000000000000000e+01 -2.056216688862956055e+00 -2.803233856228938947e+01
1.500000000000000000e+01 -2.129794601585772718e+00 -1.847439919904482224e+02
1.500000000000000000e+01 -2.129794601591779468e+00 1.847439919904466308e+02
1.500000000000000000e+01 -2.302411864403456576e+00 -5.263198721827965301e+02
1.500000000000000000e+01 -2.302411864403471231e+00 5.263198721827965301e+02
1.500000000000000000e+01 -3.691371620414228616e+00 1.027692630871004894e+03
1.500000000000000000e+01 -3.691371620416724841e+00 -1.027692630871004440e+03
1.500000000000000000e+01 -5.064291854291709249e+00 -1.015972741304550368e+03
1.500000000000000000e+01 -5.064291854292123141e+00 1.015972741304548776e+03
1.500000000000000000e+01 -6.426199969374965626e+00 -1.652491958337461483e+03
1.500000000000000000e+01 -6.426199969381030108e+00 1.652491958337457618e+03
1.500000000000000000e+01 -3.972587608356082711e+01 -5.675120014497723986e+01
1.500000000000000000e+01 -3.972587608356165134e+01 5.675120014497678511e+01
1.500000000000000000e+01 -4.255121151411351832e+01 8.447621801934487005e-13
1.500000000000000000e+01 -5.333578578899609823e+01 -2.673068506826164636e+01
1.500000000000000000e+01 -5.333578578899746958e+01 2.673068506826123780e+01
1.500000000000000000e+01 -6.613132090741061120e+01 -3.312131028125067189e+01
1.500000000000000000e+01 -6.613132090741530078e+01 3.312131028124841237e+01
1.500000000000000000e+01 -6.647797671825797750e+01 1.569321942266794334e+00
1.500000000000000000e+01 -6.647797671825962595e+01 -1.569321942267087433e+00
1.500000000000000000e+01 -7.696284125162567591e+01 -3.423418143349370979e+01
1.500000000000000000e+01 -7.696284125162704015e+01 3.423418143349504561e+01
1.500000000000000000e+01 -1.077283841860767524e+02 -7.315711039895315861e-13
1.500000000000000000e+01 -1.622162693121142070e+02 -1.025391382675786549e-11
1.500000000000000000e+01 -1.729082770729557126e+02 1.178067294546694787e-11
1.500000000000000000e+01 -2.062125227709030071e+02 -4.685334694919877817e-14
1.500000000000000000e+01 -2.339282318295157097e+02 -2.062805734259783831e-12
1.500000000000000000e+01 -2.797428475066561191e+02 -2.500786942377053990e+01
1.500000000000000000e+01 -2.797428475066603255e+02 2.500786942376745259e+01
1.500000000000000000e+01 -4.134559049360802874e+02 -1.830238461853907728e-12
1.500000000000000000e+01 -5.256366420248308486e+02 -9.214459583337198723e+00
1.500000000000000000e+01 -5.256366420248350551e+02 9.214459583337145432e+00
1.500000000000000000e+01 -5.985918081288896246e+02 -6.594721818190370143e-13
1.500000000000000000e+01 -6.973948882922759367e+02 1.700844695181761928e-12
1.500000000000000000e+01 -9.846780306494761135e+02 1.508229933121799702e-13
1.500000000000000000e+01 -2.659341125641672079e+03 7.910554578225265529e-13
1.500000000000000000e+01 -3.336778721040542678e+03 -4.226204795636119771e-14
1.500000000000000000e+01 -3.628124459183135514e+03 -7.539822368615502455e+03
1.500000000000000000e+01 -3.767472118991518073e+03 7.539822368615500636e+03
1.500000000000000000e+01 -4.218285655375199894e+03 -7.539822368615500636e+03
1.500000000000000000e+01 -4.342042963834278453e+03 6.122211178559450673e+01
1.500000000000000000e+01 -4.342042963834283910e+03 -6.122211178559523859e+01
1.500000000000000000e+01 -4.444923727131332271e+03 7.539822368615496089e+03
1.500000000000000000e+01 -4.446518127589473806e+03 5.067412148232528125e+03
1.500000000000000000e+01 -4.446518127589480173e+03 -5.067412148232521758e+03
1.500000000000000000e+01 -4.625234156258810799e+03 -5.061541358601598404e+03
1.500000000000000000e+01 -4.625234156258822622e+03 5.061541358601555658e+03
1.500000000000000000e+01 -4.679018017414773567e+03 -5.081219903584776148e+03
1.500000000000000000e+01 -4.679018017414774476e+03 5.081219903584788881e+03
1.500000000000000000e+01 -4.835915889767711633e+03 -8.075255540509439290e-12
1.500000000000000000e+01 -5.101733701102914893e+03 -1.255030339089170411e+03
1.500000000000000000e+01 -5.101733701102919440e+03 1.255030339089172003e+03
1.500000000000000000e+01 -5.132870176063327563e+03 4.414754257775277609e-12
1.500000000000000000e+01 -5.728416776436529290e+03 -3.720466382262732736e+02
1.500000000000000000e+01 -5.728416776436539294e+03 3.720466382262747516e+02
1.500000000000000000e+01 -6.825866475865050234e+03 6.459722690005262848e+03
1.500000000000000000e+01 -6.825866475865160282e+03 -6.459722690005194636e+03
1.500000000000000000e+01 -8.139417989278178538e+03 -2.345788324749267346e-11
1.500000000000000000e+01 -1.286077732740621104e+04 -7.539822368615203231e+03
1.600000000000000000e+01 -2.065610608089545885e-01 6.797254000073615998e+02
1.600000000000000000e+01 -2.065610608125117709e-01 -6.797254000073680800e+02
1.600000000000000000e+01 -1.619399867029294171e+00 -2.575071418041388824e+02
1.600000000000000000e+01 -1.619399867035987040e+00 2.575071418041349034e+02
1.600000000000000000e+01 -2.208982100436712059e+00 2.804031725504128758e+01
1.600000000000000000e+01 -2.208982100436720497e+00 -2.804031725504049888e+01
1.600000000000000000e+01 -2.290420337512296456e+00 -1.847810542810908601e+02
1.600000000000000000e+01 -2.290420337513801918e+00 1.847810542810937022e+02
1.600000000000000000e+01 -2.380108948956380477e+00 -5.265527870325122421e+02
1.600000000000000000e+01 -2.380108948961424886e+00 5.265527870325145159e+02
1.600000000000000000e+01 -3.697712316000592470e+00 -1.029635816937975051e+03
1.600000000000000000e+01 -3.697712316008918254e+00 1.029635816937978689e+03
1.600000000000000000e+01 -5.130777246170503680e+00 -1.024596548844301424e+03
1.600000000000000000e+01 -5.130777246182422147e+00 1.024596548844303243e+03
1.600000000000000000e+01 -6.235011716641509771e+00 1.660029206874201236e+03
1.600000000000000000e+01 -6.235011716647289148e+00 -1.660029206874207830e+03
1.600000000000000000e+01 -4.299414943750829110e+01 5.998039851070711848e+01
1.600000000000000000e+01 -4.299414943751128249e+01 -5.998039851070301154e+01
1.600000000000000000e+01 -4.532229245306325538e+01 -3.343479343954255886e-12
1.600000000000000000e+01 -5.410699875634500700e+01 2.600919803620715953e+01
1.600000000000000000e+01 -5.410699875634590228e+01 -2.600919803620568871e+01
1.600000000000000000e+01 -6.717365898129563107e+01 -3.349547554487030254e+01
1.600000000000000000e+01 -6.717365898129762058e+01 3.349547554487417500e+01
1.600000000000000000e+01 -6.897061102073739391e+01 1.770621470703939604e+00
1.600000000000000000e+01 -6.897061102073914185e+01 -1.770621470703639178e+00
1.600000000000000000e+01 -7.858004167635783688e+01 4.018956987193460861e+01
1.600000000000000000e+01 -7.858004167635958481e+01 -4.018956987193500652e+01
1.600000000000000000e+01 -1.142194503529568124e+02 -2.746612189603223936e-13
1.600000000000000000e+01 -1.801751468627506085e+02 4.733355451038939066e+00
1.600000000000000000e+01 -1.801751468627676900e+02 -4.733355451040435646e+00
1.600000000000000000e+01 -2.102079367969336090e+02 -3.284306485603085185e-13
1.600000000000000000e+01 -2.432417547784550038e+02 6.463613012642203862e-13
1.600000000000000000e+01 -3.114044313312059558e+02 2.607725619704290665e+01
1.600000000000000000e+01 -3.114044313312081727e+02 -2.607725619704545750e+01
1.600000000000000000e+01 -4.360503292093762866e+02 5.825871045545278753e-15
1.600000000000000000e+01 -5.681058652436568082e+02 2.729037530840315640e+01
1.600000000000000000e+01 -5.681058652436570355e+02 -2.729037530840116332e+01
1.600000000000000000e+01 -6.382426201467972078e+02 3.156196001273328846e-14
1.600000000000000000e+01 -7.391419126553324759e+02 4.224376177259328867e-13
1.600000000000000000e+01 -1.053161564082693076e+03 1.110857870489312791e-12
1.600000000000000000e+01 -2.843776543955254510e+03 -9.346833959511740096e-13
1.600000000000000000e+01 -3.447631467850248555e+03 -2.510785778172839791e-13
1.600000000000000000e+01 -3.837104406805166036e+03 8.042477193189866739e+03
1.600000000000000000e+01 -4.046434977864166285e+03 -8.042477193189868558e+03
1.600000000000000000e+01 -4.550845873628541995e+03 4.617295453130277947e-12
1.600000000000000000e+01 -4.642173620386041875e+03 -7.994870855089461656e+03
1.600000000000000000e+01 -4.642173620386066432e+03 7.994870855089458928e+03
1.600000000000000000e+01 -4.732220811963941742e+03 2.059340259530741222e-12
1.600000000000000000e+01 -4.783440386434443099e+03 -5.491827284510055506e+03
1.600000000000000000e+01 -4.783440386434454922e+03 5.491827284510060053e+03
1.600000000000000000e+01 -4.833286711156694764e+03 5.379061767306955517e+03
1.600000000000000000e+01 -4.833286711156737510e+03 -5.379061767306953698e+03
1.600000000000000000e+01 -5.033434935744317954e+03 -5.371179852106359249e+03
1.600000000000000000e+01 -5.033434935744323411e+03 5.371179852106377439e+03
1.600000000000000000e+01 -5.144515257505250702e+03 1.661010246706453518e-12
1.600000000000000000e+01 -5.459830093451233552e+03 1.333941444604866774e+03
1.600000000000000000e+01 -5.459830093451248104e+03 -1.333941444604874960e+03
1.600000000000000000e+01 -5.460828415883611342e+03 -1.829496140988931523e-12
1.600000000000000000e+01 -6.014693445197382971e+03 5.551839183088117124e+02
1.600000000000000000e+01 -6.014693445197388428e+03 -5.551839183088329719e+02
1.600000000000000000e+01 -7.115874327094296859e+03 6.797335023098339661e+03
1.600000000000000000e+01 -7.115874327094374166e+03 -6.797335023098284182e+03
1.600000000000000000e+01 -8.734857983906647860e+03 1.002228328660177380e-12
1.600000000000000000e+01 -1.263545243494068200e+04 -8.042477193189862192e+03
1.700000000000000000e+01 -2.493964243326461105e-01 6.729245327015262319e+02
1.700000000000000000e+01 -2.493964243429843686e-01 -6.729245327015371458e+02
1.700000000000000000e+01 -1.727051676764395527e+00 2.570054045331807515e+02
1.700000000000000000e+01 -1.727051676768165178e+00 -2.570054045331858106e+02
1.700000000000000000e+01 -2.363156808997289193e+00 2.804871286678648801e+01
1.700000000000000000e+01 -2.363156809001512482e+00 -2.804871286678728026e+01
1.700000000000000000e+01 -2.455087386201459942e+00 1.848148217719069066e+02
1.700000000000000000e+01 -2.455087386209612088e+00 -1.848148217719073045e+02
1.700000000000000000e+01 -2.464484934756276058e+00 5.267354154357989273e+02
1.700000000000000000e+01 -2.464484934776311587e+00 -5.267354154357988136e+02
1.700000000000000000e+01 -3.714867596356709267e+00 1.030588410626982068e+03
1.700000000000000000e+01 -3.714867596360646118e+00 -1.030588410626985933e+03
1.700000000000000000e+01 -5.212590596931383935e+00 -1.034732847867323017e+03
1.700000000000000000e+01 -5.212590596936889753e+00 1.034732847867322107e+03
1.700000000000000000e+01 -6.057967767718289487e+00 1.666364329382376809e+03
1.700000000000000000e+01 -6.057967767726164965e+00 -1.666364329382380674e+03
1.700000000000000000e+01 -4.661600140658945435e+01 -6.283083109807125055e+01
1.700000000000000000e+01 -4.661600140659034253e+01 6.283083109807251532e+01
1.700000000000000000e+01 -4.813237611794737347e+01 7.827064386311406771e-13
1.700000000000000000e+01 -5.707225708314676638e+01 2.276966500710942398e+01
1.700000000000000000e+01 -5.707225708314887669e+01 -2.276966500711385422e+01
1.700000000000000000e+01 -6.894326353271468122e+01 2.444835262188067689e-12
1.700000000000000000e+01 -7.029694139913107165e+01 3.399240519333672950e+01
1.700000000000000000e+01 -7.029694139913634388e+01 -3.399240519333699950e+01
1.700000000000000000e+01 -7.344209507466695186e+01 -6.344754763773075718e-13
1.700000000000000000e+01 -8.422356849450335403e+01 -4.442672147995607901e+01
1.700000000000000000e+01 -8.422356849451148264e+01 4.442672147995413923e+01
1.700000000000000000e+01 -1.207268142597307019e+02 2.692249815975856410e-12
1.700000000000000000e+01 -1.893640246422901043e+02 3.785988616952965686e-13
1.700000000000000000e+01 -1.969615792082071266e+02 -2.847377882008517876e-13
1.700000000000000000e+01 -2.221383669018616160e+02 6.313753545149032681e-13
1.700000000000000000e+01 -2.568899994951624421e+02 9.213621064248281647e-13
1.700000000000000000e+01 -3.371204023847932376e+02 -2.843410959023285400e+01
1.700000000000000000e+01 -3.371204023847932945e+02 2.843410959023145423e+01
1.700000000000000000e+01 -4.508654567338481911e+02 -1.634529999877039181e-12
1.700000000000000000e+01 -5.952166114408105386e+02 -5.695516467238397240e+01
1.700000000000000000e+01 -5.952166114408139492e+02 5.695516467238387293e+01
1.700000000000000000e+01 -6.738047270964580093e+02 8.836791473150997074e-13
1.700000000000000000e+01 -7.818635490964816199e+02 4.542287282782116785e-13
1.700000000000000000e+01 -1.067377047406245765e+03 1.034519236286282777e-12
1.700000000000000000e+01 -3.012244525810885989e+03 2.563148129370269187e-13
1.700000000000000000e+01 -3.471065624587496131e+03 -1.889814063405580487e-13
1.700000000000000000e+01 -4.048366277771789555e+03 8.545132017764237389e+03
1.700000000000000000e+01 -4.212251513530514785e+03 4.050656274182906507e-13
1.700000000000000000e+01 -4.323505957961629065e+03 8.545132017764235570e+03
1.700000000000000000e+01 -4.899105128122094357e+03 8.349440263872455034e+03
1.700000000000000000e+01 -4.899105128122098904e+03 -8.349440263872451396e+03
1.700000000000000000e+01 -5.068042166301927864e+03 5.924118543668341772e+03
1.700000000000000000e+01 -5.068042166301946963e+03 -5.924118543668359962e+03
1.700000000000000000e+01 -5.098099654541277232e+03 -5.666196798451933319e+03
1.700000000000000000e+01 -5.098099654541316340e+03 5.666196798451939685e+03
1.700000000000000000e+01 -5.120623449058079132e+03 -1.720209060687296960e-12
1.700000000000000000e+01 -5.383284172560031038e+03 5.677531045476199324e+03
1.700000000000000000e+01 -5.383284172560033767e+03 -5.677531045476212057e+03
1.700000000000000000e+01 -5.476776755275930554e+03 -7.231642995097202550e-12
1.700000000000000000e+01 -5.654690046190458816e+03 -4.107271736805997001e-12
1.700000000000000000e+01 -5.939651401081719996e+03 1.405347257126234354e+03
1.700000000000000000e+01 -5.939651401081722724e+03 -1.405347257126224349e+03
1.700000000000000000e+01 -6.365877940582680822e+03 5.994794294458010881e+02
1.700000000000000000e+01 -6.365877940582697192e+03 -5.994794294458056356e+02
1.700000000000000000e+01 -7.470458205150892354e+03 -7.280413955632237048e+03
1.700000000000000000e+01 -7.470458205150909635e+03 7.280413955632215220e+03
1.700000000000000000e+01 -9.591065617684094832e+03 1.251665028407782108e-11
1.700000000000000000e+01 -1.055469454833977397e+04 8.545132017764202828e+03
1.800000000000000000e+01 -2.937778947566652699e-01 -6.650887781003848431e+02
1.800000000000000000e+01 -2.937778947607111446e-01 6.650887781003802957e+02
1.800000000000000000e+01 -1.835284981638946045e+00 2.564312242753871374e+02
1.800000000000000000e+01 -1.835284981639621060e+00 -2.564312242753903774e+02
1.800000000000000000e+01 -2.518777107854503150e+00 2.805772332134619163e+01
1.800000000000000000e+01 -2.518777107866342568e+00 -2.805772332134639768e+01
1.800000000000000000e+01 -2.554757343444767237e+00 5.268754998739384519e+02
1.800000000000000000e+01 -2.554757343448896378e+00 -5.268754998739408393e+02
1.800000000000000000e+01 -2.623693028152886519e+00 -1.848453958155714929e+02
1.800000000000000000e+01 -2.623693028158922580e+00 1.848453958155773478e+02
1.800000000000000000e+01 -3.578294715274852766e+00 -1.032015662684570088e+03
1.800000000000000000e+01 -3.578294715282404059e+00 1.032015662684572590e+03
1.800000000000000000e+01 -5.471064037542385350e+00 -1.045038789764842249e+03
1.800000000000000000e+01 -5.471064037547229475e+00 1.045038789764840203e+03
1.800000000000000000e+01 -5.896840765765948511e+00 -1.671731225383726724e+03
1.800000000000000000e+01 -5.896840765775097637e+00 1.671731225383726496e+03
1.800000000000000000e+01 -4.995305403242547726e+01 6.655673987767040956e+01
1.800000000000000000e+01 -4.995305403242760889e+01 -6.655673987766289201e+01
1.800000000000000000e+01 -5.091094560445913686e+01 -4.860382973188342421e-12
1.800000000000000000e+01 -6.030868063752139108e+01 2.293602980447607464e+01
1.800000000000000000e+01 -6.030868063752755859e+01 -2.293602980448014605e+01
1.800000000000000000e+01 -7.091979243632860630e+01 1.633089583049429461e-11
1.800000000000000000e+01 -7.515420457483168093e+01 3.566039036403125095e+01
1.800000000000000000e+01 -7.515420457484461281e+01 -3.566039036401987516e+01
1.800000000000000000e+01 -7.849577035831944727e+01 -2.811458898786554303e-12
1.800000000000000000e+01 -8.909630642174222714e+01 -4.783239452663113411e+01
1.800000000000000000e+01 -8.909630642174813886e+01 4.783239452661239710e+01
1.800000000000000000e+01 -1.272798714065562109e+02 -3.390762974210487290e-12
1.800000000000000000e+01 -1.981105905914699861e+02 1.030138589820750612e-12
1.800000000000000000e+01 -2.122412436770105444e+02 4.098194463492966591e-12
1.800000000000000000e+01 -2.364233196249567470e+02 1.048320276467889630e-12
1.800000000000000000e+01 -2.710103262337805177e+02 -2.814160699081683912e-12
1.800000000000000000e+01 -3.612583288251584577e+02 -2.674258324305676737e+01
1.800000000000000000e+01 -3.612583288251595377e+02 2.674258324305769818e+01
1.800000000000000000e+01 -4.942593212562486542e+02 -4.680605322512217869e-13
1.800000000000000000e+01 -6.460462832004366192e+02 -4.205200203715541818e+01
1.800000000000000000e+01 -6.460462832004390066e+02 4.205200203715573082e+01
1.800000000000000000e+01 -7.181564350633250342e+02 -9.646067712896533145e-13
1.800000000000000000e+01 -8.402307346827763013e+02 -1.684474009360228266e-12
1.800000000000000000e+01 -1.167759277875301905e+03 -3.373982964244988238e-14
1.800000000000000000e+01 -3.178575207193912320e+03 4.665953277028104082e-13
1.800000000000000000e+01 -3.833745185633719757e+03 3.099930528912893473e-12
1.800000000000000000e+01 -4.279355671504860766e+03 -9.047786842338602582e+03
1.800000000000000000e+01 -4.600602541062554337e+03 9.047786842338602582e+03
1.800000000000000000e+01 -4.656454712310955074e+03 6.246017121228209921e-12
1.800000000000000000e+01 -5.181658757147499273e+03 8.838471154372447927e+03
1.800000000000000000e+01 -5.181658757147517463e+03 -8.838471154372446108e+03
1.800000000000000000e+01 -5.348897748915230295e+03 -6.309054057091590948e+03
1.800000000000000000e+01 -5.348897748915241209e+03 6.309054057091590039e+03
1.800000000000000000e+01 -5.403110845401211009e+03 5.998079941822762521e+03
1.800000000000000000e+01 -5.403110845401212828e+03 -5.998079941822767978e+03
1.800000000000000000e+01 -5.450115455299957830e+03 7.049914379532353502e-12
1.800000000000000000e+01 -5.686345704929290150e+03 -5.994267251492802643e+03
1.800000000000000000e+01 -5.686345704929293788e+03 5.994267251492809010e+03
1.800000000000000000e+01 -5.791967978490202768e+03 -4.558904648761269719e-12
1.800000000000000000e+01 -6.007729561369366820e+03 -6.808603496018822009e-12
1.800000000000000000e+01 -6.282090921019243069e+03 1.474903331868406440e+03
1.800000000000000000e+01 -6.282090921019245798e+03 -1.474903331868408031e+03
1.800000000000000000e+01 -6.651602206996501991e+03 7.713626156951474968e+02
1.800000000000000000e+01 -6.651602206996512905e+03 -7.713626156951593202e+02
1.800000000000000000e+01 -7.920392907353101691e+03 -7.472114632046004772e+03
1.800000000000000000e+01 -7.920392907353130795e+03 7.472114632045988401e+03
1.800000000000000000e+01 -1.021001324543249211e+04 8.053138086460828366e-13
1.800000000000000000e+01 -1.257752086910555045e+04 9.047786842338558927e+03
1.900000000000000000e+01 -3.380453088881957835e-01 -6.562614053179463554e+02
1.900000000000000000e+01 -3.380453088937560580e-01 6.562614053179446501e+02
1.900000000000000000e+01 -1.943659421842585999e+00 2.557782737273477096e+02
1.900000000000000000e+01 -1.943659421852558244e+00 -2.557782737273460327e+02
1.900000000000000000e+01 -2.650378404083299611e+00 -5.269782605106536266e+02
1.900000000000000000e+01 -2.650378404084544837e+00 5.269782605106523761e+02
1.900000000000000000e+01 -2.675895762169895331e+00 -2.806756176212147125e+01
1.900000000000000000e+01 -2.675895762175965142e+00 2.806756176212268628e+01
1.900000000000000000e+01 -2.796213823988665581e+00 -1.848728816155166896e+02
1.900000000000000000e+01 -2.796213823991609004e+00 1.848728816155183381e+02
1.900000000000000000e+01 -3.555482697103816037e+00 1.033093936492508647e+03
1.900000000000000000e+01 -3.555482697113638846e+00 -1.033093936492506373e+03
1.900000000000000000e+01 -5.638434820807664671e+00 -1.056397751400617153e+03
1.900000000000000000e+01 -5.638434820808097214e+00 1.056397751400616926e+03
1.900000000000000000e+01 -5.751893985679169319e+00 -1.676307995868311309e+03
1.900000000000000000e+01 -5.751893985681959975e+00 1.676307995868310627e+03
1.900000000000000000e+01 -5.331541535962164602e+01 -7.028472626657485023e+01
1.900000000000000000e+01 -5.331541535962259104e+01 7.028472626657821820e+01
1.900000000000000000e+01 -5.366740915107865106e+01 8.085582406060580023e-12
1.900000000000000000e+01 -6.406296166716818163e+01 -2.470759839070556652e+01
1.900000000000000000e+01 -6.406296166718108509e+01 2.470759839068739794e+01
1.900000000000000000e+01 -7.319696568354235922e+01 1.434580226033034142e-11
1.900000000000000000e+01 -8.024064793612367907e+01 3.721656193359682163e+01
1.900000000000000000e+01 -8.024064793612753022e+01 -3.721656193359319076e+01
1.900000000000000000e+01 -8.358990865784474522e+01 -3.100741305122176514e-12
1.900000000000000000e+01 -9.401566044056860960e+01 5.134724661595011241e+01
1.900000000000000000e+01 -9.401566044058643001e+01 -5.134724661596668227e+01
1.900000000000000000e+01 -1.338578600674754284e+02 -1.890032415022736436e-12
1.900000000000000000e+01 -2.075725195300422854e+02 2.354609132982919457e-12
1.900000000000000000e+01 -2.259660007733411078e+02 8.947430532159853515e-12
1.900000000000000000e+01 -2.516480003854632059e+02 3.050335231410091336e-12
1.900000000000000000e+01 -2.847621171211537785e+02 -6.822252822300507734e-12
1.900000000000000000e+01 -3.825019414474244286e+02 2.648846019944363661e+01
1.900000000000000000e+01 -3.825019414474275550e+02 -2.648846019944197749e+01
1.900000000000000000e+01 -5.297644120208301501e+02 -9.444778033405456016e-14
1.900000000000000000e+01 -6.819491552073022831e+02 -4.342408066640950892e+01
1.900000000000000000e+01 -6.819491552073028515e+02 4.342408066640899023e+01
1.900000000000000000e+01 -7.605055876486060242e+02 -2.035616092660979041e-13
1.900000000000000000e+01 -9.067963089826541818e+02 1.536699940686059673e-12
1.900000000000000000e+01 -1.239222231636365905e+03 2.851865222660993958e-13
1.900000000000000000e+01 -3.322584970736619198e+03 9.216921697025272766e-13
1.900000000000000000e+01 -4.091411712779036861e+03 -1.314876044637226822e-12
1.900000000000000000e+01 -4.514736431080918010e+03 9.550441666912967776e+03
1.900000000000000000e+01 -4.876851729685138707e+03 9.550441666912967776e+03
1.900000000000000000e+01 -4.879037659166261619e+03 7.099879594815773755e-13
1.900000000000000000e+01 -5.444763031736454650e+03 -9.291987049187942830e+03
1.900000000000000000e+01 -5.444763031736455559e+03 9.291987049187939192e+03
1.900000000000000000e+01 -5.621320668612057489e+03 6.700402729204193747e+03
1.900000000000000000e+01 -5.621320668612058398e+03 -6.700402729204200114e+03
1.900000000000000000e+01 -5.707322908316061330e+03 -6.327020068151814485e+03
1.900000000000000000e+01 -5.707322908316074063e+03 6.327020068151780833e+03
1.900000000000000000e+01 -5.787200576041863314e+03 2.045353840632947537e-12
1.900000000000000000e+01 -6.001770669445440035e+03 -6.314028345194815302e+03
1.900000000000000000e+01 -6.001770669445445492e+03 6.314028345194815302e+03
1.900000000000000000e+01 -6.105218661167840764e+03 1.795817308660757286e-12
1.900000000000000000e+01 -6.325342439088519313e+03 -3.030751646485826493e-12
1.900000000000000000e+01 -6.663137935249777001e+03 -1.544163150358918529e+03
1.900000000000000000e+01 -6.663137935249785187e+03 1.544163150358917846e+03
1.900000000000000000e+01 -6.949778764440417035e+03 9.273804582949784390e+02
1.900000000000000000e+01 -6.949778764440423402e+03 -9.273804582949751421e+02
1.900000000000000000e+01 -8.322002625246102980e+03 -7.744026200336770671e+03
1.900000000000000000e+01 -8.322002625246117532e+03 7.744026200336760667e+03
1.900000000000000000e+01 -1.088155389124203430e+04 -1.011763688301880185e-11
1.900000000000000000e+01 -1.370340858331775416e+04 9.550441666912936853e+03
2.000000000000000000e+01 -3.804403917456349871e-01 -6.465022717846225078e+02
2.000000000000000000e+01 -3.804403917519529332e-01 6.465022717846200067e+02
2.000000000000000000e+01 -2.051652322761676750e+00 2.550390515422645592e+02
2.000000000000000000e+01 -2.051652322769653924e+00 -2.550390515422673730e+02
2.000000000000000000e+01 -2.750951635094031289e+00 5.270469778063160220e+02
2.000000000000000000e+01 -2.750951635108076054e+00 -5.270469778063181820e+02
2.000000000000000000e+01 -2.834554097693127606e+00 2.807844928366388260e+01
2.000000000000000000e+01 -2.834554097696330377e+00 -2.807844928366360193e+01
2.000000000000000000e+01 -2.972552712690445187e+00 1.848972084662798352e+02
2.000000000000000000e+01 -2.972552712702810407e+00 -1.848972084662815973e+02
2.000000000000000000e+01 -3.551076221857227821e+00 -1.033977717756453103e+03
2.000000000000000000e+01 -3.551076221890463902e+00 1.033977717756452421e+03
2.000000000000000000e+01 -5.623002761770624858e+00 -1.680233088904923989e+03
2.000000000000000000e+01 -5.623002761771534352e+00 1.680233088904919441e+03
2.000000000000000000e+01 -5.807524846219138226e+00 -1.068665870559304039e+03
2.000000000000000000e+01 -5.807524846227764215e+00 1.068665870559307223e+03
2.000000000000000000e+01 -5.639064245675506015e+01 4.718485143305306254e-12
2.000000000000000000e+01 -5.661302099729643800e+01 7.408185702661283756e+01
2.000000000000000000e+01 -5.661302099731041437e+01 -7.408185702661829453e+01
2.000000000000000000e+01 -6.817216416411820035e+01 2.858116246075953626e+01
2.000000000000000000e+01 -6.817216416412837532e+01 -2.858116246075643829e+01
2.000000000000000000e+01 -7.601688635801305338e+01 -2.731544574972758158e-11
2.000000000000000000e+01 -8.572732550099722459e+01 -3.865459754263345360e+01
2.000000000000000000e+01 -8.572732550101336813e+01 3.865459754262780478e+01
2.000000000000000000e+01 -8.921723145755815665e+01 1.960295539224110046e-12
2.000000000000000000e+01 -9.873764606313308434e+01 5.479711041938457328e+01
2.000000000000000000e+01 -9.873764606314155401e+01 -5.479711041938153215e+01
2.000000000000000000e+01 -1.404228587793493546e+02 1.820622619375620192e-11
2.000000000000000000e+01 -2.174636610895259423e+02 -2.648923309724453090e-12
2.000000000000000000e+01 -2.356100851475540026e+02 5.850659302743567081e-12
2.000000000000000000e+01 -2.680300450414819693e+02 7.249096932583043487e-13
2.000000000000000000e+01 -2.986953284046726367e+02 -5.741372045405610043e-13
2.000000000000000000e+01 -3.988937995174885600e+02 2.497972806092596088e+01
2.000000000000000000e+01 -3.988937995174901516e+02 -2.497972806092656484e+01
2.000000000000000000e+01 -5.713177110350603698e+02 -1.127095200922332404e-12
2.000000000000000000e+01 -7.157861626855442410e+02 -4.239033330805828825e+01
2.000000000000000000e+01 -7.157861626855482200e+02 4.239033330805938249e+01
2.000000000000000000e+01 -8.026396238266481760e+02 2.122961649906015659e-13
2.000000000000000000e+01 -9.890003087313942842e+02 1.828454109947606892e-12
2.000000000000000000e+01 -1.307832639642333788e+03 1.167723790520890014e-13
2.000000000000000000e+01 -3.457077782121821656e+03 -1.894717133476122347e-12
2.000000000000000000e+01 -4.398666996785534138e+03 1.510126366802928185e-12
2.000000000000000000e+01 -4.759814398149591398e+03 -1.005309649148733843e+04
2.000000000000000000e+01 -5.048590959254736845e+03 2.202731320535742537e-13
2.000000000000000000e+01 -5.152487078554413529e+03 1.005309649148733661e+04
2.000000000000000000e+01 -5.700526259309523994e+03 -9.759501407962798112e+03
2.000000000000000000e+01 -5.700526259309531270e+03 9.759501407962805388e+03
2.000000000000000000e+01 -5.893834481304212204e+03 -7.089929344518756807e+03
2.000000000000000000e+01 -5.893834481304224028e+03 7.089929344518751350e+03
2.000000000000000000e+01 -6.010983780648190077e+03 -6.657141203775997383e+03
2.000000000000000000e+01 -6.010983780648199172e+03 6.657141203775990107e+03
2.000000000000000000e+01 -6.132140026237037091e+03 7.526589792278207213e-12
2.000000000000000000e+01 -6.314595642686554129e+03 6.631538346999225723e+03
2.000000000000000000e+01 -6.314595642686561405e+03 -6.631538346999221176e+03
2.000000000000000000e+01 -6.416473458441011644e+03 -1.211290838190004199e-12
2.000000000000000000e+01 -6.621303243928920892e+03 -4.511482250535330718e-13
2.000000000000000000e+01 -7.069007119403911020e+03 -1.613209308807559637e+03
2.000000000000000000e+01 -7.069007119403914658e+03 1.613209308807558955e+03
2.000000000000000000e+01 -7.248697685881845246e+03 1.081258694970787474e+03
2.000000000000000000e+01 -7.248697685881865254e+03 -1.081258694970789747e+03
2.000000000000000000e+01 -8.695642007272119372e+03 7.988281517431773864e+03
2.000000000000000000e+01 -8.695642007272119372e+03 -7.988281517431776592e+03
2.000000000000000000e+01 -1.157735936616277650e+04 -9.528331962044749734e-12
2.000000000000000000e+01 -1.513301062149968675e+04 -1.005309649148726203e+04
2.100000000000000000e+01 -4.192781624450152567e-01 6.358856070946673071e+02
2.100000000000000000e+01 -4.192781624485608094e-01 -6.358856070946646923e+02
2.100000000000000000e+01 -2.158748121404155729e+00 -2.542054316824790874e+02
2.100000000000000000e+01 -2.158748121409955534e+00 2.542054316824815601e+02
2.100000000000000000e+01 -2.856458718211091430e+00 -5.270834887973938976e+02
2.100000000000000000e+01 -2.856458718218383375e+00 5.270834887973978766e+02
2.100000000000000000e+01 -2.994827309339315402e+00 2.809062458997537703e+01
2.100000000000000000e+01 -2.994827309344150645e+00 -2.809062458997761524e+01
2.100000000000000000e+01 -3.152803319496163326e+00 -1.849183832111484378e+02
2.100000000000000000e+01 -3.152803319498158174e+00 1.849183832111461641e+02
2.100000000000000000e+01 -3.557671145291868342e+00 -1.034710224385984247e+03
2.100000000000000000e+01 -3.557671145292386150e+00 1.034710224385987431e+03
2.100000000000000000e+01 -5.509414836346723909e+00 -1.683614561116667574e+03
2.100000000000000000e+01 -5.509414836351733236e+00 1.683614561116667574e+03
2.100000000000000000e+01 -5.985640124518353922e+00 1.081767536425592652e+03
2.100000000000000000e+01 -5.985640124520068106e+00 -1.081767536425589924e+03
2.100000000000000000e+01 -5.909095782107762318e+01 1.328639262001895685e-11
2.100000000000000000e+01 -5.975523354497538264e+01 -7.792708291401878284e+01
2.100000000000000000e+01 -5.975523354497980222e+01 7.792708291402432508e+01
2.100000000000000000e+01 -7.330119818478172533e+01 -3.412188741429873318e+01
2.100000000000000000e+01 -7.330119818479286664e+01 3.412188741432836991e+01
2.100000000000000000e+01 -7.913324823544770936e+01 -4.521950221280229715e-11
2.100000000000000000e+01 -9.169978564138205002e+01 4.000352083314736262e+01
2.100000000000000000e+01 -9.169978564139226762e+01 -4.000352083315839735e+01
2.100000000000000000e+01 -9.578811834818901616e+01 6.161056813272291222e-12
2.100000000000000000e+01 -1.033651671472515545e+02 -5.804333336013912259e+01
2.100000000000000000e+01 -1.033651671472572673e+02 5.804333336014305900e+01
2.100000000000000000e+01 -1.469838031408501990e+02 -3.987453701338468758e-12
2.100000000000000000e+01 -2.276805704483374200e+02 4.630849972881316396e-12
2.100000000000000000e+01 -2.371806088313944656e+02 -9.414388224869299829e-13
2.100000000000000000e+01 -2.843668110964318316e+02 4.359972196634376680e-12
2.100000000000000000e+01 -3.149043637386596970e+02 -6.605384650352140167e-13
2.100000000000000000e+01 -4.090694544030911857e+02 1.840988343442383268e+01
2.100000000000000000e+01 -4.090694544030958468e+02 -1.840988343442506903e+01
2.100000000000000000e+01 -6.208022609949456410e+02 5.900970610483576002e-13
2.100000000000000000e+01 -7.462925512580093255e+02 -3.091310315556031085e+01
2.100000000000000000e+01 -7.462925512580162604e+02 3.091310315555710986e+01
2.100000000000000000e+01 -8.447608769197248648e+02 9.289423068260696988e-13
2.100000000000000000e+01 -1.083444111360593070e+03 1.252838051553157037e-12
2.100000000000000000e+01 -1.376627006740651723e+03 6.965388741898830527e-13
2.100000000000000000e+01 -3.576190085252861081e+03 -6.106005659578726112e-13
2.100000000000000000e+01 -4.794687601836091744e+03 3.289672970085173365e-13
2.100000000000000000e+01 -5.023850623228834593e+03 -1.055575131606170180e+04
2.100000000000000000e+01 -5.190413628566758234e+03 -4.648533479148690204e-13
2.100000000000000000e+01 -5.425454333699420204e+03 -1.055575131606169816e+04
2.100000000000000000e+01 -5.961224237555510626e+03 1.025450965105973955e+04
2.100000000000000000e+01 -5.961224237555515174e+03 -1.025450965105973046e+04
2.100000000000000000e+01 -6.165321604038613259e+03 7.478547328943795947e+03
2.100000000000000000e+01 -6.165321604038626901e+03 -7.478547328943795037e+03
2.100000000000000000e+01 -6.318657899344153520e+03 6.987687649761796820e+03
2.100000000000000000e+01 -6.318657899344156249e+03 -6.987687649761795001e+03
2.100000000000000000e+01 -6.486469584153999676e+03 1.021832605647266031e-12
2.100000000000000000e+01 -6.622587403959613766e+03 -6.944912009130006481e+03
2.100000000000000000e+01 -6.622587403959619223e+03 6.944912009130006481e+03
2.100000000000000000e+01 -6.721481175352283572e+03 -4.047347634091468157e-12
2.100000000000000000e+01 -6.905586319903919502e+03 3.755327902419614276e-12
2.100000000000000000e+01 -7.477765539863113190e+03 1.697077579761122252e+03
2.100000000000000000e+01 -7.477765539863114100e+03 -1.697077579761125889e+03
2.100000000000000000e+01 -7.573968245300990930e+03 -1.230800729851594951e+03
2.100000000000000000e+01 -7.573968245300990930e+03 1.230800729851587903e+03
2.100000000000000000e+01 -9.067516619586338493e+03 8.292599654879737500e+03
2.100000000000000000e+01 -9.067516619586380330e+03 -8.292599654879735681e+03
2.100000000000000000e+01 -1.225258435142750568e+04 -8.478865629137236627e-13
2.100000000000000000e+01 -1.822566537642598632e+04 -1.055575131606161631e+04
2.200000000000000000e+01 -4.528086036694757288e-01 -6.244992661789495969e+02
2.200000000000000000e+01 -4.528086036711698181e-01 6.244992661789490285e+02
2.200000000000000000e+01 -2.264220822159141111e+00 2.532680200643164881e+02
2.200000000000000000e+01 -2.264220822164302760e+00 -2.532680200643101500e+02
2.200000000000000000e+01 -2.966958929365499209e+00 5.270880243835983947e+02
2.200000000000000000e+01 -2.966958929369024389e+00 -5.270880243836038517e+02
2.200000000000000000e+01 -3.156769362798860001e+00 2.810433942330065804e+01
2.200000000000000000e+01 -3.156769362801187917e+00 -2.810433942330309520e+01
2.200000000000000000e+01 -3.336949437364606474e+00 1.849362997793755312e+02
2.200000000000000000e+01 -3.336949437383703643e+00 -1.849362997793773502e+02
2.200000000000000000e+01 -3.572943354331888699e+00 1.035316475613939247e+03
2.200000000000000000e+01 -3.572943354335428978e+00 -1.035316475613946295e+03
2.200000000000000000e+01 -5.410149295026486449e+00 -1.686537536562993637e+03
2.200000000000000000e+01 -5.410149295028918282e+00 1.686537536562995001e+03
2.200000000000000000e+01 -6.173811623899610801e+00 1.095605302001231394e+03
2.200000000000000000e+01 -6.173811623907003998e+00 -1.095605302001233895e+03
2.200000000000000000e+01 -6.178323707542452325e+01 5.100072144708593604e-12
2.200000000000000000e+01 -6.254344689974482918e+01 -8.189305710198831889e+01
2.200000000000000000e+01 -6.254344689974943350e+01 8.189305710199579380e+01
2.200000000000000000e+01 -8.054548772115343525e+01 3.986589357495419961e+01
2.200000000000000000e+01 -8.054548772116747557e+01 -3.986589357494846553e+01
2.200000000000000000e+01 -8.227692999460880685e+01 -1.851006269597201163e-11
2.200000000000000000e+01 -9.814632709526544829e+01 4.144330972181297312e+01
2.200000000000000000e+01 -9.814632709527241161e+01 -4.144330972183620077e+01
2.200000000000000000e+01 -1.039073825891459819e+02 -5.358947185826138530e-12
2.200000000000000000e+01 -1.080594433860167953e+02 -6.046542271312117123e+01
2.200000000000000000e+01 -1.080594433860403996e+02 6.046542271315401251e+01
2.200000000000000000e+01 -1.534166689148535170e+02 1.731608190306006557e-11
2.200000000000000000e+01 -2.263203698152240406e+02 -6.441391404244680828e-12
2.200000000000000000e+01 -2.377394769097334120e+02 -1.064960074789556589e-11
2.200000000000000000e+01 -2.992888356314259113e+02 -5.694435376922693157e-12
2.200000000000000000e+01 -3.373551310242140744e+02 1.146453489477939317e-12
2.200000000000000000e+01 -3.986892309033599417e+02 1.645730044057114351e-12
2.200000000000000000e+01 -4.331870569993213849e+02 2.339908144461040306e-12
2.200000000000000000e+01 -6.835789456795707792e+02 1.307948732557726676e-12
2.200000000000000000e+01 -7.355031910600797573e+02 -2.915646006969284452e-13
2.200000000000000000e+01 -8.007218803657134458e+02 -2.805004867463322826e-13
2.200000000000000000e+01 -8.856598464209148460e+02 -1.723954447872147631e-12
2.200000000000000000e+01 -1.163813848549457589e+03 -1.267977689176979539e-12
2.200000000000000000e+01 -1.444237579313259175e+03 -2.512682383438986992e-12
2.200000000000000000e+01 -3.690064436064766596e+03 -4.403528891420423404e-12
2.200000000000000000e+01 -5.195735313436599426e+03 6.290146468742878232e-14
2.200000000000000000e+01 -5.308238872588444792e+03 -1.105840614063606881e+04
2.200000000000000000e+01 -5.374343908430789270e+03 -1.730400690307926356e-12
2.200000000000000000e+01 -5.687302445228766373e+03 -1.105840614063606699e+04
2.200000000000000000e+01 -6.246489215291757318e+03 1.077830278630831890e+04
2.200000000000000000e+01 -6.246489215291764594e+03 -1.077830278630832072e+04
2.200000000000000000e+01 -6.436081071834739305e+03 -7.861115821853707530e+03
2.200000000000000000e+01 -6.436081071834739305e+03 7.861115821853698435e+03
2.200000000000000000e+01 -6.633221032455352542e+03 7.318140727547123788e+03
2.200000000000000000e+01 -6.633221032455359818e+03 -7.318140727547109236e+03
2.200000000000000000e+01 -6.813616296404517016e+03 -2.045499455050063053e-12
2.200000000000000000e+01 -6.929983394317119746e+03 7.257745704441142152e+03
2.200000000000000000e+01 -6.929983394317120656e+03 -7.257745704441150338e+03
2.200000000000000000e+01 -7.020472506279300433e+03 6.689106160042837943e-12
2.200000000000000000e+01 -7.224446016182909261e+03 -8.061453058543970650e-12
2.200000000000000000e+01 -7.878006344354348585e+03 1.810493567125199206e+03
2.200000000000000000e+01 -7.878006344354351313e+03 -1.810493567125204208e+03
2.200000000000000000e+01 -7.905487503523621854e+03 1.403244549308125670e+03
2.200000000000000000e+01 -7.905487503523630039e+03 -1.403244549308135220e+03
2.200000000000000000e+01 -9.483538766923080402e+03 -8.840081525816634894e+03
2.200000000000000000e+01 -9.483538766923107687e+03 8.840081525816620342e+03
2.200000000000000000e+01 -1.278828692735370169e+04 2.924859462333511940e-11
2.200000000000000000e+01 -2.154939927959708803e+04 -1.316764932547409093e-10
