1.000000000000000000e+01 8.065353931085869578e-05 5.402753999999999612e-01 2.346886892154714972e-03
1.100000000000000000e+01 9.792023385220684304e-05 5.402727000000000501e-01 2.846290516399961872e-03
1.200000000000000000e+01 1.169647089299044726e-04 5.402690999999999466e-01 3.395893677200566112e-03
1.300000000000000000e+01 1.378243160967155482e-04 5.402643999999999780e-01 3.996423513959812893e-03
1.400000000000000000e+01 1.605403775428365166e-04 5.402584999999999749e-01 4.648682073139095809e-03
1.500000000000000000e+01 1.851581005441963325e-04 5.402510000000000367e-01 5.353541308197725876e-03
1.600000000000000000e+01 2.117267761036844100e-04 5.402419000000000526e-01 6.111946074484859298e-03
1.700000000000000000e+01 2.404726842574638520e-04 5.402306000000000052e-01 6.929875117031051787e-03
1.800000000000000000e+01 2.711557076949521481e-04 5.402171000000000056e-01 7.799856263964379845e-03
1.900000000000000000e+01 3.039714679443902075e-04 5.402010000000000423e-01 8.726886732361587712e-03
2.000000000000000000e+01 3.390122149081967336e-04 5.401818000000000453e-01 9.712930499149187089e-03
2.100000000000000000e+01 3.763109201257341572e-04 5.401591999999999505e-01 1.075819053728268963e-02
2.200000000000000000e+01 4.159654070251951434e-04 5.401327999999999685e-01 1.186466064734312958e-02
2.300000000000000000e+01 4.580592602238327433e-04 5.401021000000000294e-01 1.303385383395096707e-02
2.400000000000000000e+01 5.026840241063403915e-04 5.400665999999999523e-01 1.426743791824482480e-02
2.500000000000000000e+01 5.499360714450750092e-04 5.400255999999999945e-01 1.556712057713408558e-02
2.600000000000000000e+01 5.999182925320156040e-04 5.399787000000000337e-01 1.693472933307664866e-02
2.700000000000000000e+01 6.527416887919955304e-04 5.399251999999999940e-01 1.837219148623783424e-02
2.800000000000000000e+01 7.085239672625144071e-04 5.398642000000000163e-01 1.988156418185858115e-02
2.900000000000000000e+01 7.673873945787097837e-04 5.397950999999999722e-01 2.146487438766883291e-02
3.000000000000000000e+01 8.294685796950678619e-04 5.397169000000000549e-01 2.312448877779876150e-02
3.100000000000000000e+01 8.949053511226670587e-04 5.396288000000000196e-01 2.486264390454994214e-02
3.200000000000000000e+01 9.638487503033970000e-04 5.395297000000000009e-01 2.668181600510884793e-02
3.300000000000000000e+01 1.042679912026963631e-03 5.394086000000000158e-01 2.874767330168770049e-02
3.400000000000000000e+01 1.120189572973749560e-03 5.392816999999999750e-01 3.076326609820322078e-02
3.500000000000000000e+01 1.201867729162216193e-03 5.391396999999999995e-01 3.287145982631833191e-02
3.600000000000000000e+01 1.287923471681405151e-03 5.389812000000000491e-01 3.507554919590750997e-02
3.700000000000000000e+01 1.378630994975792992e-03 5.388043999999999611e-01 3.738017746627073090e-02
3.800000000000000000e+01 1.474134675365074620e-03 5.386075999999999642e-01 3.978680048561051424e-02
3.900000000000000000e+01 1.574725873660844967e-03 5.383888999999999481e-01 4.230010093814587369e-02
4.000000000000000000e+01 1.680670279706697684e-03 5.381460999999999606e-01 4.492396191691034463e-02
4.100000000000000000e+01 1.796493409282449430e-03 5.378663999999999668e-01 4.776678151687152596e-02
4.200000000000000000e+01 1.914784760960581977e-03 5.375657999999999825e-01 5.064201472261643105e-02
4.300000000000000000e+01 2.039461201069611273e-03 5.372331000000000190e-01 5.364293165511918593e-02
4.400000000000000000e+01 2.170843069887607845e-03 5.368652000000000424e-01 5.677412393175454430e-02
4.500000000000000000e+01 2.309299325680911827e-03 5.364588999999999608e-01 6.004021149040605215e-02
4.600000000000000000e+01 2.455240631572057266e-03 5.360103999999999980e-01 6.344669334899052937e-02
4.700000000000000000e+01 2.609038326860546163e-03 5.355159000000000447e-01 6.699777911233086025e-02
4.800000000000000000e+01 2.771131514464343984e-03 5.349713000000000385e-01 7.069887675034534913e-02
4.900000000000000000e+01 2.946123757249295531e-03 5.343567000000000178e-01 7.464935613444773077e-02
5.000000000000000000e+01 3.126893121336470766e-03 5.336940000000000017e-01 7.868118345488914200e-02
5.100000000000000000e+01 3.317444115445886913e-03 5.329656999999999867e-01 8.288010118833080697e-02
5.200000000000000000e+01 3.518281678511608716e-03 5.321658000000000222e-01 8.725118480449708946e-02
5.300000000000000000e+01 3.729997726643632071e-03 5.312879999999999825e-01 9.179975688818853286e-02
5.400000000000000000e+01 3.953015994227484890e-03 5.303257000000000110e-01 9.653031539131909367e-02
5.500000000000000000e+01 4.191138443356153508e-03 5.292567999999999717e-01 1.015149715555452858e-01
5.600000000000000000e+01 4.438926242513947448e-03 5.281008999999999842e-01 1.066307402741455690e-01
5.700000000000000000e+01 4.699701738530463052e-03 5.268374999999999586e-01 1.119403738258804709e-01
5.800000000000000000e+01 4.973988898102415721e-03 5.254581999999999864e-01 1.174465555591993476e-01
5.900000000000000000e+01 5.262281693363094967e-03 5.239542999999999839e-01 1.231508691994860488e-01
6.000000000000000000e+01 5.565057154311077794e-03 5.223166999999999671e-01 1.290542986980302842e-01
6.100000000000000000e+01 5.882746441903809881e-03 5.205364000000000102e-01 1.351565288154963351e-01
6.200000000000000000e+01 6.218505843949830199e-03 5.185868999999999618e-01 1.415090807843710496e-01
6.300000000000000000e+01 6.567406620553399056e-03 5.164900000000000047e-01 1.480078632055281951e-01
6.400000000000000000e+01 6.932170150540358476e-03 5.142217999999999511e-01 1.546965076834110053e-01
6.500000000000000000e+01 7.312950323414341668e-03 5.117730999999999808e-01 1.615689051258594189e-01
6.600000000000000000e+01 7.709803722683155822e-03 5.091350999999999516e-01 1.686172488024881844e-01
6.700000000000000000e+01 8.122686120072671045e-03 5.062993999999999550e-01 1.758321345280663139e-01
6.800000000000000000e+01 8.551439991059704010e-03 5.032585000000000530e-01 1.832024610375296292e-01
6.900000000000000000e+01 8.995788518527057451e-03 5.000052999999999859e-01 1.907154301953778441e-01
7.000000000000000000e+01 9.455326598246074216e-03 4.965339999999999754e-01 1.983565473097700371e-01
7.100000000000000000e+01 9.929535798066142435e-03 4.928396999999999917e-01 2.061100208539558554e-01
7.200000000000000000e+01 1.041777687040172824e-02 4.889186999999999839e-01 2.139586626667910330e-01
7.300000000000000000e+01 1.092014626269130310e-02 4.847655000000000158e-01 2.218897616390441696e-01
7.400000000000000000e+01 1.143419979414826877e-02 4.803845999999999949e-01 2.298739852027867347e-01
7.500000000000000000e+01 1.195973228621871783e-02 4.757739000000000273e-01 2.378962313188927591e-01
7.600000000000000000e+01 1.249576087507355687e-02 4.709345999999999810e-01 2.459371224845640913e-01
7.700000000000000000e+01 1.304120282114677905e-02 4.658698000000000006e-01 2.539764841971046683e-01
7.800000000000000000e+01 1.359496932518162657e-02 4.605832999999999733e-01 2.619949426530630010e-01
7.900000000000000000e+01 1.415593359523346396e-02 4.550802999999999932e-01 2.699733254976303676e-01
8.000000000000000000e+01 1.472297426474318029e-02 4.493668000000000107e-01 2.778933607351291024e-01
8.100000000000000000e+01 1.529498638583630388e-02 4.434499000000000080e-01 2.857376763451185409e-01
8.200000000000000000e+01 1.587087893876413386e-02 4.373370999999999786e-01 2.934897003084123712e-01
8.300000000000000000e+01 1.644903477908784065e-02 4.310438999999999798e-01 3.011258747116934420e-01
8.400000000000000000e+01 1.702986564083898424e-02 4.245617999999999892e-01 3.086526891389303473e-01
8.500000000000000000e+01 1.761154618871046615e-02 4.179103000000000123e-01 3.160442915450394352e-01
8.600000000000000000e+01 1.819321234470084800e-02 4.110987999999999865e-01 3.232894052164386745e-01
8.700000000000000000e+01 1.877405591751275804e-02 4.041365000000000096e-01 3.303777520974838788e-01
8.800000000000000000e+01 1.935334555808736895e-02 3.970328000000000190e-01 3.373004523025026624e-01
8.900000000000000000e+01 1.993081117667092755e-02 3.897918000000000216e-01 3.440544133736497256e-01
