1.000000000000000000e+01 -4.258043936152899975e-05 1.113613857855758908e+02
1.000000000000000000e+01 -3.874196020529310346e-03 4.126163504778603652e+01
1.000000000000000000e+01 -4.685799902335893025e-02 4.457790269729618338e+00
1.000000000000000000e+01 -7.556981646230408536e-03 2.936256398405273416e+01
1.000000000000000000e+01 -3.942729953854357330e-03 8.336336816077276524e+01
1.000000000000000000e+01 -5.685790967692507802e-01 7.283361872460415221e+00
1.000000000000000000e+01 -1.000000000000000000e+00 4.549714921484452113e+00
1.000000000000000000e+01 -8.679472896910342961e-01 6.310491418531364083e+00
1.000000000000000000e+01 -1.000000000000000000e+00 6.736948182152774578e+00
1.000000000000000000e+01 -9.985202390641847447e-01 6.867526315669054249e+00
1.000000000000000000e+01 -8.970014735005495954e-01 8.042746616088141565e+00
1.100000000000000000e+01 -5.653990496172757273e-05 1.114361531185705729e+02
1.100000000000000000e+01 -4.253505009967619918e-03 4.124254459718881805e+01
1.100000000000000000e+01 -5.203722988770227709e-02 4.459834345892837781e+00
1.100000000000000000e+01 -8.296191961220885508e-03 2.937321241093040314e+01
1.100000000000000000e+01 -3.973739813656976434e-03 8.349102442253665401e+01
1.100000000000000000e+01 -5.701869267203836245e-01 7.981511480876302578e+00
1.100000000000000000e+01 -1.000000000000000000e+00 4.997836038812384807e+00
1.100000000000000000e+01 -8.707483708160033142e-01 6.930103885705867661e+00
1.100000000000000000e+01 -1.000000000000000000e+00 7.384899791213581643e+00
1.100000000000000000e+01 -9.978765647788709892e-01 7.564811495274934572e+00
1.200000000000000000e+01 -7.593966148933722947e-05 1.113665880269168866e+02
1.200000000000000000e+01 -4.643651048903220391e-03 4.121485702306859622e+01
1.200000000000000000e+01 -5.725878000470145668e-02 4.461847265395729067e+00
1.200000000000000000e+01 -9.065020766002653690e-03 2.938251747643862899e+01
1.200000000000000000e+01 -4.038231726910628677e-03 8.358881235906765994e+01
1.200000000000000000e+01 -5.721121762752886530e-01 8.682774059492009755e+00
1.200000000000000000e+01 -1.000000000000000000e+00 5.444881684600123783e+00
1.200000000000000000e+01 -8.748750891560871379e-01 7.559857010533931998e+00
1.300000000000000000e+01 -1.018404019127096028e-04 1.111597405460952643e+02
1.300000000000000000e+01 -5.044826062268669906e-03 4.117930004768788166e+01
1.300000000000000000e+01 -6.259894564702279951e-02 4.463894740905064218e+00
1.300000000000000000e+01 -9.863759374830334895e-03 2.939084240554941729e+01
1.300000000000000000e+01 -4.129573478254579266e-03 8.366519622464149109e+01
1.300000000000000000e+01 -5.742613109386506265e-01 9.389020967045663468e+00
1.300000000000000000e+01 -1.000000000000000000e+00 5.890264738010237977e+00
1.300000000000000000e+01 -8.802757864709802593e-01 8.205922536675466006e+00
1.400000000000000000e+01 -1.347373878345113130e-04 1.108220796114575677e+02
1.400000000000000000e+01 -5.454299011102636298e-03 4.113599428223081844e+01
1.400000000000000000e+01 -6.792569492963217159e-02 4.465922141510750620e+00
1.400000000000000000e+01 -1.068534008831538082e-02 2.939840463213655752e+01
1.400000000000000000e+01 -4.241947027664987740e-03 8.372577470994443161e+01
1.400000000000000000e+01 -5.759964876310769144e-01 1.012608756720604752e+01
1.400000000000000000e+01 -1.000000000000000000e+00 6.334397653029022912e+00
1.400000000000000000e+01 -8.868429764653192882e-01 8.889200808542412346e+00
1.500000000000000000e+01 -1.752475705107091070e-04 1.103513138541205336e+02
1.500000000000000000e+01 -5.872909266307268714e-03 4.108498489173515367e+01
1.500000000000000000e+01 -7.329505641449726716e-02 4.468005919652398461e+00
1.500000000000000000e+01 -1.153044830457283093e-02 2.940536713409796121e+01
1.500000000000000000e+01 -4.372095320310294235e-03 8.377435728235109025e+01
1.500000000000000000e+01 -5.771385828151316399e-01 1.091411717938566284e+01
1.500000000000000000e+01 -1.000000000000000000e+00 6.775793537509295028e+00
1.600000000000000000e+01 -2.234972588178795816e-04 1.097462870204280847e+02
1.600000000000000000e+01 -6.299718577449715806e-03 4.102604215446253022e+01
1.600000000000000000e+01 -7.870716700878219174e-02 4.470149072497943799e+00
1.600000000000000000e+01 -1.239733090294759844e-02 2.941181365297717676e+01
1.600000000000000000e+01 -4.517013964273948294e-03 8.381360061463772126e+01
1.600000000000000000e+01 -5.783482249946199083e-01 1.177549009727385076e+01
1.600000000000000000e+01 -1.000000000000000000e+00 7.213864280486846248e+00
1.700000000000000000e+01 -2.792039548159902735e-04 1.090049475890857451e+02
1.700000000000000000e+01 -6.733917495982361806e-03 4.095878090934564852e+01
1.700000000000000000e+01 -8.416688273738417991e-02 4.472394958973416657e+00
1.700000000000000000e+01 -1.328613762208182524e-02 2.941783922061956602e+01
1.700000000000000000e+01 -4.674295230209038650e-03 8.384530923130569136e+01
1.700000000000000000e+01 -5.798679275139234646e-01 1.261557223733451671e+01
1.700000000000000000e+01 -1.000000000000000000e+00 7.650176848895680060e+00
1.800000000000000000e+01 -3.415950330742305676e-04 1.081264249503375225e+02
1.800000000000000000e+01 -7.174841696359853839e-03 4.088268923933088672e+01
1.800000000000000000e+01 -8.967232197362696999e-02 4.474764897279348119e+00
1.800000000000000000e+01 -4.842566882880759357e-03 8.387079371480336931e+01
1.800000000000000000e+01 -1.419610128701317281e-02 2.942346800404471452e+01
1.800000000000000000e+01 -5.849089384882096843e-01 1.338599000127536165e+01
1.900000000000000000e+01 -4.096272980985436523e-04 1.071113064415328324e+02
1.900000000000000000e+01 -7.621887157978078468e-03 4.079717462925834326e+01
1.900000000000000000e+01 -5.020606683754228090e-03 8.389100495500355237e+01
1.900000000000000000e+01 -9.522467464373979285e-02 4.477285462782431225e+00
1.900000000000000000e+01 -1.512723762173135561e-02 2.942872966728868889e+01
2.000000000000000000e+01 -4.818078178580745621e-04 1.059619995257550329e+02
2.000000000000000000e+01 -8.073799335045154374e-03 4.070144828100328027e+01
2.000000000000000000e+01 -5.207542001162828414e-03 8.390658074893264029e+01
2.000000000000000000e+01 -1.008245356858064878e-01 4.479983866742830223e+00
2.000000000000000000e+01 -1.607878645760506264e-02 2.943360808936150264e+01
2.100000000000000000e+01 -5.563998700111780736e-04 1.046827707688338478e+02
2.100000000000000000e+01 -8.529559191407650939e-03 4.059471651489376853e+01
2.100000000000000000e+01 -5.402823887813761050e-03 8.391799006125420135e+01
2.100000000000000000e+01 -1.064756447264203071e-01 4.482894273831112386e+00
2.100000000000000000e+01 -1.705213003582278786e-02 2.943815023239063322e+01
2.200000000000000000e+01 -6.315235424565405608e-04 1.032798092173533462e+02
2.200000000000000000e+01 -8.987824688872875570e-03 4.047604114329557490e+01
2.200000000000000000e+01 -5.605685911335663192e-03 8.392545961671791588e+01
2.200000000000000000e+01 -1.121728957925087755e-01 4.486035026126227621e+00
2.200000000000000000e+01 -1.804465416669440506e-02 2.944227338678563655e+01
2.300000000000000000e+01 -7.050654257868247971e-04 1.017609218710883994e+02
2.300000000000000000e+01 -9.447036187745448330e-03 4.034438483454738389e+01
2.300000000000000000e+01 -5.816565077308015995e-03 8.392918465310275167e+01
2.300000000000000000e+01 -1.179240035076580262e-01 4.489450143452279107e+00
2.300000000000000000e+01 -1.905965737938442386e-02 2.944606439862571179e+01
2.400000000000000000e+01 -7.747150088040602759e-04 1.001356009694424785e+02
2.400000000000000000e+01 -9.905149686837578377e-03 4.019857725974052443e+01
2.400000000000000000e+01 -6.035508332690025027e-03 8.392914007594235670e+01
2.400000000000000000e+01 -1.237278360701050683e-01 4.493165825193478291e+00
2.400000000000000000e+01 -2.009664177561238524e-02 2.944948998528331785e+01
2.500000000000000000e+01 -8.380302269581820906e-04 9.841453514775565736e+01
2.500000000000000000e+01 -1.036017642327391117e-02 4.003739286589194535e+01
2.500000000000000000e+01 -6.263843805394701293e-03 8.392520630878256327e+01
2.500000000000000000e+01 -1.295860446782694242e-01 4.497215513450749214e+00
2.500000000000000000e+01 -2.115703755911209696e-02 2.945256196344926991e+01
2.600000000000000000e+01 -8.918010240335907729e-04 9.660978013139872189e+01
2.600000000000000000e+01 -1.080935031407430358e-02 3.985944212986784407e+01
2.600000000000000000e+01 -6.503323176267536247e-03 8.391702786131975245e+01
2.600000000000000000e+01 -1.354994747780369768e-01 4.501632423635212099e+00
2.600000000000000000e+01 -2.224200898395120585e-02 2.945527904587993362e+01
2.700000000000000000e+01 -9.319141693663798029e-04 9.466228489740112195e+01
2.700000000000000000e+01 -1.125218994034244552e-02 3.965930576571302879e+01
2.700000000000000000e+01 -6.760653022119842565e-03 8.390291413475397064e+01
2.700000000000000000e+01 -1.413992960127315734e-01 4.509599751835685844e+00
2.700000000000000000e+01 -2.335946879658421307e-02 2.945758282282240970e+01
2.800000000000000000e+01 -9.501722546475637734e-04 9.271943953216509726e+01
2.800000000000000000e+01 -1.167879486472916950e-02 3.944200599119205464e+01
2.800000000000000000e+01 -7.036197998746092884e-03 8.388324150795688183e+01
2.800000000000000000e+01 -1.474016578780918130e-01 4.515609260544511727e+00
2.800000000000000000e+01 -2.450021374474559491e-02 2.945959885389476796e+01
2.900000000000000000e+01 -9.348149464291574413e-04 9.073602182318018095e+01
2.900000000000000000e+01 -1.208745160886898207e-02 3.920280166383234643e+01
2.900000000000000000e+01 -7.345554282743175026e-03 8.385450186945141127e+01
2.900000000000000000e+01 -1.534552128706151986e-01 4.522233342969421699e+00
2.900000000000000000e+01 -2.567278721056166085e-02 2.946130492714187454e+01
3.000000000000000000e+01 -8.597691021238409873e-04 8.873293671989038955e+01
3.000000000000000000e+01 -1.247197731346778686e-02 3.893972525079044544e+01
3.000000000000000000e+01 -7.714829896736124897e-03 8.380940532974928203e+01
3.000000000000000000e+01 -1.595582124828315018e-01 4.529540884281122892e+00
3.000000000000000000e+01 -2.688076431595335519e-02 2.946272604884913804e+01
3.100000000000000000e+01 -6.832968509177284348e-04 8.675039461578029432e+01
3.100000000000000000e+01 -1.282496525348632808e-02 3.865074549975602736e+01
3.100000000000000000e+01 -8.186614841931911385e-03 8.372192443470234480e+01
3.100000000000000000e+01 -1.657094454828009489e-01 4.537571927377270775e+00
3.100000000000000000e+01 -2.812899944955059295e-02 2.946390772644097211e+01
3.200000000000000000e+01 -8.763611753674771391e-04 8.494464068831052828e+01
3.200000000000000000e+01 -1.313801532004247631e-02 3.833369722428638227e+01
3.200000000000000000e+01 -8.291495959628632922e-03 8.344919312061954031e+01
3.200000000000000000e+01 -1.719063607788013925e-01 4.546400658406338557e+00
3.200000000000000000e+01 -2.942451052881472212e-02 2.946490964930036327e+01
3.300000000000000000e+01 -4.430937440407113799e-03 8.227814145923832712e+01
3.300000000000000000e+01 -5.038975235926747114e-03 8.404131344966330630e+01
3.300000000000000000e+01 -1.339759891742637460e-02 3.798629630383205580e+01
3.300000000000000000e+01 -1.781458492259723470e-01 4.556090130827347373e+00
3.300000000000000000e+01 -3.077369929020584011e-02 2.946581144121848794e+01
3.400000000000000000e+01 -2.950142549723360798e-03 8.037326262811335198e+01
3.400000000000000000e+01 -1.359030873977298305e-02 3.760638351303715865e+01
3.400000000000000000e+01 -6.829540328007078359e-03 8.389177952127491267e+01
3.400000000000000000e+01 -1.844248403278111181e-01 4.566715466629977627e+00
3.400000000000000000e+01 -3.218883122744210096e-02 2.946676263314803634e+01
3.500000000000000000e+01 -2.588611738376486466e-03 7.840195013283013736e+01
3.500000000000000000e+01 -1.369715652355966290e-02 3.718841612432695598e+01
3.500000000000000000e+01 -7.513731967962153195e-03 8.381488027717945499e+01
3.500000000000000000e+01 -1.906413605392933697e-01 4.581298152962908432e+00
3.500000000000000000e+01 -3.369011291549901116e-02 2.946793600703256288e+01
3.600000000000000000e+01 -2.492975235621110001e-03 7.648157380335989330e+01
3.600000000000000000e+01 -1.369058021504754828e-02 3.673584458356083360e+01
3.600000000000000000e+01 -7.944636541302053240e-03 8.375168579849206196e+01
3.600000000000000000e+01 -1.969617864733350099e-01 4.594581158340846017e+00
3.600000000000000000e+01 -3.528893028519102665e-02 2.946957936599429928e+01
3.700000000000000000e+01 -2.503804168779432369e-03 7.461301817947747850e+01
3.700000000000000000e+01 -1.353534316448738554e-02 3.624405205723908097e+01
3.700000000000000000e+01 -8.288098428491976963e-03 8.368983670746274584e+01
3.700000000000000000e+01 -2.033021161472262639e-01 4.609116579486665088e+00
3.700000000000000000e+01 -3.701944432546006719e-02 2.947201449629107017e+01
3.800000000000000000e+01 -2.578754939542817187e-03 7.280972083966703678e+01
3.800000000000000000e+01 -1.317895891329681421e-02 3.571127348511737409e+01
3.800000000000000000e+01 -8.591184908446099569e-03 8.362533731109570567e+01
3.800000000000000000e+01 -2.096552690801317120e-01 4.625000603221816498e+00
3.800000000000000000e+01 -3.892604892737354383e-02 2.947569203556511397e+01
3.900000000000000000e+01 -2.703940051903404047e-03 7.108168366194624355e+01
3.900000000000000000e+01 -1.254347479136055064e-02 3.513620134208148471e+01
3.900000000000000000e+01 -8.872516699340868632e-03 8.355624413488015989e+01
3.900000000000000000e+01 -2.160134495091826645e-01 4.642331277244448273e+00
3.900000000000000000e+01 -4.107817665708538707e-02 2.948117117916959273e+01
4.000000000000000000e+01 -2.875063129687611529e-03 6.943660917659130405e+01
4.000000000000000000e+01 -1.150686400263835167e-02 3.451825896701990359e+01
4.000000000000000000e+01 -9.140787946927476579e-03 8.348137062318180313e+01
4.000000000000000000e+01 -2.223681779518325574e-01 4.661207904772727062e+00
4.000000000000000000e+01 -4.358912948595672354e-02 2.948900139862169567e+01
4.100000000000000000e+01 -3.091285511055469250e-03 6.788016133482670966e+01
4.100000000000000000e+01 -9.867286641363874622e-03 3.385830127984491611e+01
4.100000000000000000e+01 -9.400525178863998119e-03 8.339985917837225315e+01
4.100000000000000000e+01 -2.287100185038031808e-01 4.681738197259999623e+00
4.100000000000000000e+01 -4.665183931408907470e-02 2.949920899487686299e+01
4.200000000000000000e+01 -3.352336834529814642e-03 6.641582651053461461e+01
4.200000000000000000e+01 -7.280225067032035716e-03 3.316066972357161546e+01
4.200000000000000000e+01 -9.654083349189965940e-03 8.331100723541801756e+01
4.200000000000000000e+01 -2.350284176987664786e-01 4.704030844571245318e+00
4.200000000000000000e+01 -5.060091122393664542e-02 2.950933580883959806e+01
4.300000000000000000e+01 -3.220648202767479023e-03 3.244067441631024451e+01
4.300000000000000000e+01 -3.658557961990454091e-03 6.504607751071748112e+01
4.300000000000000000e+01 -9.903281628309890117e-03 8.321422527511812461e+01
4.300000000000000000e+01 -2.413134712908200918e-01 4.728197229959095083e+00
4.300000000000000000e+01 -5.595420536726748717e-02 2.950806612257991191e+01
4.400000000000000000e+01 2.686604130996724307e-03 3.173627208212773354e+01
4.400000000000000000e+01 -4.008269342528328685e-03 6.377080881459904305e+01
4.400000000000000000e+01 -1.014885291847221309e-02 8.310896148517893778e+01
4.400000000000000000e+01 -2.475533907040473880e-01 4.754350252841759605e+00
4.400000000000000000e+01 -6.307787434185641029e-02 2.946232434019312407e+01
4.500000000000000000e+01 9.552281025581995863e-03 3.109630614378966129e+01
4.500000000000000000e+01 -4.398837125441202624e-03 6.258858288963534022e+01
4.500000000000000000e+01 -1.039133775313316570e-02 8.299471145197391309e+01
4.500000000000000000e+01 -2.537363234678928214e-01 4.782603904424779451e+00
4.500000000000000000e+01 -7.107844464324665490e-02 2.932698851479843682e+01
4.600000000000000000e+01 1.547784295864367173e-02 3.052448591136410982e+01
4.600000000000000000e+01 -4.829373766674995710e-03 6.149084831228437054e+01
4.600000000000000000e+01 -1.063207593599093011e-02 8.287022668707682271e+01
4.600000000000000000e+01 -2.597430244408153177e-01 4.815413630194452566e+00
4.600000000000000000e+01 -7.805944326552997914e-02 2.909507142874665320e+01
4.700000000000000000e+01 1.921943661435127071e-02 2.999839726578974464e+01
4.700000000000000000e+01 -5.289316801610135545e-03 6.048537422372101702e+01
4.700000000000000000e+01 -1.086928796301803515e-02 8.273654605016429286e+01
4.700000000000000000e+01 -2.657616968239452371e-01 4.848457320311163166e+00
4.700000000000000000e+01 -8.278402848720665952e-02 2.879592201102873616e+01
4.800000000000000000e+01 2.032436884544795708e-02 2.949325615603443751e+01
4.800000000000000000e+01 -5.775586495730702236e-03 5.956130643241931466e+01
4.800000000000000000e+01 -1.110400363254176320e-02 8.259259437476750065e+01
4.800000000000000000e+01 -2.716864224449729304e-01 4.883937159964634844e+00
4.800000000000000000e+01 -8.480604739986728757e-02 2.845354551849681712e+01
4.900000000000000000e+01 1.839490835850665640e-02 2.899840424521181959e+01
4.900000000000000000e+01 -6.282194879375291828e-03 5.871315724136000114e+01
4.900000000000000000e+01 -1.133627067716700375e-02 8.243803405790960426e+01
4.900000000000000000e+01 -2.775057056054042737e-01 4.921949641263887898e+00
4.900000000000000000e+01 -8.373472834439972534e-02 2.808236973891797206e+01
5.000000000000000000e+01 1.267432811545601661e-02 2.851213044157735865e+01
5.000000000000000000e+01 -6.803233740995690698e-03 5.793507638437101548e+01
5.000000000000000000e+01 -1.156606860396463231e-02 8.227258309360742317e+01
5.000000000000000000e+01 -2.832081208352730251e-01 4.962587165256230115e+00
5.000000000000000000e+01 -7.882007283906135309e-02 2.768849436746313941e+01
5.100000000000000000e+01 1.235606790004161685e-03 2.804999443415027116e+01
5.100000000000000000e+01 -7.333195443330879637e-03 5.722108854064804007e+01
5.100000000000000000e+01 -1.179334340785730649e-02 8.209601492239504239e+01
5.100000000000000000e+01 -2.887828394140714572e-01 5.005938001911339974e+00
5.100000000000000000e+01 -6.814060685858565336e-02 2.726124255914751515e+01
5.200000000000000000e+01 -7.867129738089376559e-03 5.656527466402628335e+01
5.200000000000000000e+01 -2.053588207610155397e-02 2.780879026046547153e+01
5.200000000000000000e+01 -1.201806784605884831e-02 8.190817067470212010e+01
5.200000000000000000e+01 -4.707806800117617790e-02 2.661507814523805493e+01
5.200000000000000000e+01 -2.942245165502326287e-01 5.052107196020138247e+00
5.300000000000000000e+01 -8.400761980254514358e-03 5.596191195138235486e+01
5.300000000000000000e+01 -3.542496941199718002e-02 2.557306564845727337e+01
5.300000000000000000e+01 -3.281599978993819666e-02 2.799608686675065172e+01
5.300000000000000000e+01 -1.224019163610386325e-02 8.170896292727826449e+01
5.300000000000000000e+01 -2.995220567295596159e-01 5.101145886823234221e+00
5.400000000000000000e+01 -8.930543259943270890e-03 5.540557282294418684e+01
5.400000000000000000e+01 -3.130258636168257308e-02 2.465194499439959941e+01
5.400000000000000000e+01 -1.245968434862017478e-02 8.149838178200423044e+01
5.400000000000000000e+01 -3.750690704251465751e-02 2.807963031837567414e+01
5.400000000000000000e+01 -3.046697545576817490e-01 5.153111920991719330e+00
5.500000000000000000e+01 -9.453577171966971379e-03 5.489119155415510676e+01
5.500000000000000000e+01 -2.872936280009662918e-02 2.380700475266126404e+01
5.500000000000000000e+01 -1.267653335418571919e-02 8.127649713894868455e+01
5.500000000000000000e+01 -4.059555535904094126e-02 2.810236084007685875e+01
5.500000000000000000e+01 -3.096638505737535074e-01 5.208060238618166693e+00
5.600000000000000000e+01 -9.967651248108635315e-03 5.441409884099788030e+01
5.600000000000000000e+01 -2.675769881694044575e-02 2.301178306244962357e+01
5.600000000000000000e+01 -1.289073070769898230e-02 8.104346127354936868e+01
5.600000000000000000e+01 -4.302870454963143854e-02 2.809261815623138503e+01
5.600000000000000000e+01 -3.145022593645988018e-01 5.266034116959636080e+00
5.700000000000000000e+01 -2.508501684498201309e-02 2.225609157690467299e+01
5.700000000000000000e+01 -1.047115325903853755e-02 5.397002873584177962e+01
5.700000000000000000e+01 -1.310228231740106185e-02 8.079951051198332834e+01
5.700000000000000000e+01 -4.510694288896793108e-02 2.806223889681006156e+01
5.700000000000000000e+01 -3.191850265323690761e-01 5.327066592638651343e+00
5.800000000000000000e+01 -2.357584337685795020e-02 2.153526428144247262e+01
5.800000000000000000e+01 -1.096294422104690004e-02 5.355511340473776727e+01
5.800000000000000000e+01 -1.331121924907796746e-02 8.054496367925479205e+01
5.800000000000000000e+01 -4.696312622444762108e-02 2.801712729726076390e+01
5.800000000000000000e+01 -3.237144923900335258e-01 5.391181376116441548e+00
5.900000000000000000e+01 -2.215715168791973153e-02 2.084681440754807724e+01
5.900000000000000000e+01 -1.144227195276312226e-02 5.316586721030835605e+01
5.900000000000000000e+01 -1.351759858869152134e-02 8.028021867736354977e+01
5.900000000000000000e+01 -4.866726034215779900e-02 2.796060971010717466e+01
5.900000000000000000e+01 -3.280953652984565094e-01 5.458393997033946121e+00
6.000000000000000000e+01 -2.078452290318608467e-02 2.018917854316713090e+01
6.000000000000000000e+01 -1.190869796866331903e-02 5.279916280373326742e+01
6.000000000000000000e+01 -1.372150237963382612e-02 8.000574749933261387e+01
6.000000000000000000e+01 -5.026044133291072968e-02 2.789473055491571785e+01
6.000000000000000000e+01 -3.323347470950241411e-01 5.528713277683269034e+00
6.100000000000000000e+01 -1.942840923380680443e-02 1.956118172973385327e+01
6.100000000000000000e+01 -1.236203087474467034e-02 5.245220374967649946e+01
6.100000000000000000e+01 -1.392303704732380382e-02 7.972208992305189668e+01
6.100000000000000000e+01 -5.176859660112400480e-02 2.782083417039589435e+01
6.100000000000000000e+01 -3.364421478883731220e-01 5.602142667806626619e+00
6.200000000000000000e+01 -1.806759878910162501e-02 1.896179278549273306e+01
6.200000000000000000e+01 -1.280226847757159545e-02 5.212249515668599287e+01
6.200000000000000000e+01 -1.412233230388282822e-02 7.942984562426397588e+01
6.200000000000000000e+01 -5.320892795732669323e-02 2.773985620898115911e+01
6.200000000000000000e+01 -3.404294522624179975e-01 5.678682218707808538e+00
6.300000000000000000e+01 -1.668569420236704071e-02 1.839001170248983641e+01
6.300000000000000000e+01 -1.322954880458730373e-02 5.180781473460462649e+01
6.300000000000000000e+01 -1.431953955283167025e-02 7.912966531939351000e+01
6.300000000000000000e+01 -5.459326372222452622e-02 2.765248139491757229e+01
6.300000000000000000e+01 -3.443108923499904606e-01 5.758330318572629558e+00
6.400000000000000000e+01 -1.526875515993969187e-02 1.784419200480904166e+01
6.400000000000000000e+01 -1.364274966742272215e-02 5.150567108122782400e+01
6.400000000000000000e+01 -1.451395475562936195e-02 7.882224053812585396e+01
6.400000000000000000e+01 -5.592694674625991319e-02 2.755914402690245169e+01
6.400000000000000000e+01 -3.481576922946088559e-01 5.839919414784913165e+00
6.500000000000000000e+01 -1.380393473674079892e-02 1.732449869446272928e+01
6.500000000000000000e+01 -1.404537911432591352e-02 5.121540004019644954e+01
6.500000000000000000e+01 -1.470769123342210993e-02 7.850817276605545203e+01
6.500000000000000000e+01 -5.722276867418032292e-02 2.746044347131156727e+01
6.500000000000000000e+01 -3.518584343504498335e-01 5.926202556413851852e+00
6.600000000000000000e+01 -1.227998317594976123e-02 1.682931734918088296e+01
6.600000000000000000e+01 -1.443592700123478949e-02 5.093489037496527061e+01
6.600000000000000000e+01 -1.489990158224377588e-02 7.818835628572001895e+01
6.600000000000000000e+01 -5.848112728535939664e-02 2.735664515738130476e+01
6.600000000000000000e+01 -3.555115772519280015e-01 6.015568971011034272e+00
6.700000000000000000e+01 -1.068413707691875068e-02 1.635752829579177714e+01
6.700000000000000000e+01 -1.481474306569096136e-02 5.066273864432061202e+01
6.700000000000000000e+01 -1.509078830775685033e-02 7.786355009658818460e+01
6.700000000000000000e+01 -5.970511957938796910e-02 2.724804776531664174e+01
6.700000000000000000e+01 -3.591413051935241629e-01 6.108010832168781157e+00
6.800000000000000000e+01 -9.002321869340966162e-03 1.590800007699860785e+01
6.800000000000000000e+01 -1.518217944941768066e-02 5.039769324137637341e+01
6.800000000000000000e+01 -1.528056017330649968e-02 7.753451251295707891e+01
6.800000000000000000e+01 -6.089694205804214999e-02 2.713491379099879097e+01
6.800000000000000000e+01 -3.627740851245762621e-01 6.203526368833540694e+00
6.900000000000000000e+01 -7.218518295712133756e-03 1.547960635934115103e+01
6.900000000000000000e+01 -1.553857796472035875e-02 5.013863740621450660e+01
6.900000000000000000e+01 -1.546942947885233607e-02 7.720199244579109177e+01
6.900000000000000000e+01 -6.205810010585607189e-02 2.701747909810779191e+01
6.900000000000000000e+01 -3.664387639633557292e-01 6.302119934558186642e+00
7.000000000000000000e+01 -5.314188217764821871e-03 1.507124371137369678e+01
7.000000000000000000e+01 -1.588425986157185679e-02 4.988457409435418555e+01
7.000000000000000000e+01 -1.565760964889130469e-02 7.686672177028324882e+01
7.000000000000000000e+01 -6.318955449739714625e-02 2.689595938132930186e+01
7.000000000000000000e+01 -3.701667116019181636e-01 6.403800662164455204e+00
7.100000000000000000e+01 -3.267762844707060819e-03 1.468184977959339221e+01
7.100000000000000000e+01 -1.621951675740453819e-02 4.963461277184654818e+01
7.100000000000000000e+01 -1.584531301887677837e-02 7.652940874653505432e+01
7.100000000000000000e+01 -6.429182580819757520e-02 2.677055436413064982e+01
7.100000000000000000e+01 -3.739920025898114675e-01 6.508578840639876795e+00
7.200000000000000000e+01 -1.054221170005885822e-03 1.431042278813251478e+01
7.200000000000000000e+01 -1.654460247902086317e-02 4.938795825657796001e+01
7.200000000000000000e+01 -1.603274914680681909e-02 7.619073364324104602e+01
7.200000000000000000e+01 -6.536506643331839450e-02 2.664145132491902501e+01
7.200000000000000000e+01 -3.779515566818990591e-01 6.616460815006669272e+00
7.300000000000000000e+01 1.355116260473715256e-03 1.395605251537758029e+01
7.300000000000000000e+01 -1.685975549996671097e-02 4.914391489453260675e+01
7.300000000000000000e+01 -1.622013908292635823e-02 7.585134716151570444e+01
7.300000000000000000e+01 -6.640915966240508450e-02 2.650883169616188795e+01
7.300000000000000000e+01 -3.820842512338816221e-01 6.727461251037881951e+00
7.400000000000000000e+01 3.992837498258718955e-03 1.361789452378759613e+01
7.400000000000000000e+01 -1.716506472885150417e-02 4.890182091949409937e+01
7.400000000000000000e+01 -1.640764940977221947e-02 7.551185952524269851e+01
7.400000000000000000e+01 -6.742356385832132259e-02 2.637285574137985122e+01
7.400000000000000000e+01 -3.864346336189930509e-01 6.841507089561160271e+00
7.500000000000000000e+01 6.894680992298992360e-03 1.329526074371764643e+01
7.500000000000000000e+01 -1.746065097784111134e-02 4.866112647848248685e+01
7.500000000000000000e+01 -1.659548827734166551e-02 7.517285066663006887e+01
7.500000000000000000e+01 -6.840762458370248933e-02 2.623368949247743132e+01
7.500000000000000000e+01 -3.910465157048652052e-01 6.958551031721677660e+00
7.600000000000000000e+01 1.009867231056393172e-02 1.298759529237816324e+01
7.600000000000000000e+01 -1.774652768442819273e-02 4.842133068851580902e+01
7.600000000000000000e+01 -1.678383910034094914e-02 7.483486327839707997e+01
7.600000000000000000e+01 -6.936039321063097729e-02 2.609148963499096752e+01
7.600000000000000000e+01 -3.959658654041940395e-01 7.078465214212834589e+00
7.700000000000000000e+01 1.364305909893786216e-02 1.269450420945431368e+01
7.700000000000000000e+01 -1.802262290577916551e-02 4.818198987984587944e+01
7.700000000000000000e+01 -1.697287560795077144e-02 7.449840416138468413e+01
7.700000000000000000e+01 -7.028068197851183863e-02 2.594640853313280715e+01
7.700000000000000000e+01 -4.012378593372208924e-01 7.201041213268402075e+00
7.800000000000000000e+01 1.756308396970215208e-02 1.241576788040270252e+01
7.800000000000000000e+01 -1.828876993897600098e-02 4.794271293019023261e+01
7.800000000000000000e+01 -1.716276122082059999e-02 7.416394543652565119e+01
7.800000000000000000e+01 -7.116706246356097054e-02 2.579859548853524487e+01
7.800000000000000000e+01 -4.069038840324294415e-01 7.325968042042085848e+00
7.900000000000000000e+01 2.188642915107790257e-02 1.215133927904007116e+01
7.900000000000000000e+01 -1.854470027763639728e-02 4.770315644912185604e+01
7.900000000000000000e+01 -1.735364835816337672e-02 7.383192523496460069e+01
7.900000000000000000e+01 -7.201785969953861111e-02 2.564819741206254378e+01
7.900000000000000000e+01 -4.129973816301675815e-01 7.452814861015284897e+00
8.000000000000000000e+01 2.662757565611239760e-02 1.190132118805187567e+01
8.000000000000000000e+01 -1.879004132414153691e-02 4.746302063327648568e+01
8.000000000000000000e+01 -1.754567857186585533e-02 7.350274910638457015e+01
8.000000000000000000e+01 -7.283114188607905937e-02 2.549535957724719282e+01
8.000000000000000000e+01 -4.195388031471070089e-01 7.581026538826682426e+00
8.100000000000000000e+01 3.178666382775215127e-02 1.166573643101493829e+01
8.100000000000000000e+01 -1.902298392716690253e-02 4.722148468149483591e+01
8.100000000000000000e+01 -1.773838352891098785e-02 7.317716618329987455e+01
8.100000000000000000e+01 -7.360347699712616043e-02 2.534013613030168699e+01
8.100000000000000000e+01 -4.265699026370712854e-01 7.709195598911727565e+00
8.200000000000000000e+01 3.733345001622270093e-02 1.144470283763734741e+01
8.200000000000000000e+01 -1.924452493932097760e-02 4.697867738800729143e+01
8.200000000000000000e+01 -1.793240945993394841e-02 7.285457488083987698e+01
8.200000000000000000e+01 -7.433313312917411153e-02 2.518255071483981311e+01
8.200000000000000000e+01 -4.340257216514712413e-01 7.837396346080523379e+00
8.300000000000000000e+01 4.321517457284116542e-02 1.123839461216031310e+01
8.300000000000000000e+01 -1.945317767852274352e-02 4.673415206749278639e+01
8.300000000000000000e+01 -1.812757061956168231e-02 7.253562542367734522e+01
8.300000000000000000e+01 -7.501667524776305107e-02 2.502273193141838092e+01
8.300000000000000000e+01 -4.418838448571276722e-01 7.964513654466976789e+00
8.400000000000000000e+01 4.935455802649771351e-02 1.104674610749952102e+01
8.400000000000000000e+01 -1.964798687793745460e-02 4.648761105761519730e+01
8.400000000000000000e+01 -1.832387271983608457e-02 7.222051460608896889e+01
8.400000000000000000e+01 -7.565056331129575706e-02 2.486074137524915528e+01
8.400000000000000000e+01 -4.500825551487117604e-01 8.089832918811776352e+00
8.500000000000000000e+01 5.565024214712100542e-02 1.086975740430189852e+01
8.500000000000000000e+01 -1.982863966564444441e-02 4.623937974258323180e+01
8.500000000000000000e+01 -1.852184216206071918e-02 7.190941183381578128e+01
8.500000000000000000e+01 -7.623202139449287984e-02 2.469684545762316930e+01
8.500000000000000000e+01 -4.585154052465886809e-01 8.213361232649685206e+00
8.600000000000000000e+01 6.200420112970795455e-02 1.070668370016497128e+01
8.600000000000000000e+01 -1.999288098743720252e-02 4.598868456578038888e+01
8.600000000000000000e+01 -1.872094108548686894e-02 7.160272568864643006e+01
8.600000000000000000e+01 -7.675571384660520580e-02 2.453098399802817298e+01
8.600000000000000000e+01 -4.671324704941275385e-01 8.334151743432009596e+00
8.700000000000000000e+01 6.831325251517761377e-02 1.055681299056801947e+01
8.700000000000000000e+01 -2.013968828260475838e-02 4.573550663850894438e+01
8.700000000000000000e+01 -1.892135895244734939e-02 7.130045024803938247e+01
8.700000000000000000e+01 -7.721701122006048579e-02 2.436325257250422993e+01
8.700000000000000000e+01 -4.758409599220594921e-01 8.452334806443381865e+00
8.800000000000000000e+01 7.448548313630191930e-02 1.041922447809825591e+01
8.800000000000000000e+01 -2.026750584609490063e-02 4.547968545421709763e+01
8.800000000000000000e+01 -1.912310546984729784e-02 7.100270807038315013e+01
8.800000000000000000e+01 -7.761045418686216002e-02 2.419372474568606890e+01
8.800000000000000000e+01 -4.845700766193077325e-01 8.568041364273536686e+00
8.900000000000000000e+01 8.045233972859013039e-02 1.029230665494674923e+01
8.900000000000000000e+01 -2.037361099395803773e-02 4.521986041319271266e+01
8.900000000000000000e+01 -1.932525529012644669e-02 7.070909344352881476e+01
8.900000000000000000e+01 -7.792687098619333064e-02 2.402187697971791991e+01
8.900000000000000000e+01 -4.933050133343879207e-01 8.680678127402806865e+00
9.000000000000000000e+01 8.613972067677906630e-02 1.017579994372545116e+01
9.000000000000000000e+01 -2.045751347067874606e-02 4.495748612389434840e+01
9.000000000000000000e+01 -1.952905270961104167e-02 7.042026059493981904e+01
9.000000000000000000e+01 -7.816305119852692829e-02 2.384851370843717788e+01
9.000000000000000000e+01 -5.019476131097007077e-01 8.791876599615354948e+00
