1.000000000000000000e+01 7.305897552680314056e-04 5.402295000000000291e-01 6.971320197063525688e-03
1.100000000000000000e+01 8.875888710817242486e-04 5.402050000000000463e-01 8.460620865643721927e-03
1.200000000000000000e+01 1.060122082212237599e-03 5.401728000000000085e-01 1.009374164070364101e-02
1.300000000000000000e+01 1.249149039599559705e-03 5.401310000000000278e-01 1.187881174413333955e-02
1.400000000000000000e+01 1.454816744088287565e-03 5.400779999999999470e-01 1.381611637249705211e-02
1.500000000000000000e+01 1.677576447188274325e-03 5.400116999999999834e-01 1.590872517301656838e-02
1.600000000000000000e+01 1.917815804265323625e-03 5.399300000000000210e-01 1.815899051117648294e-02
1.700000000000000000e+01 2.175948237703880916e-03 5.398304999999999909e-01 2.056939276031494179e-02
1.800000000000000000e+01 2.452407910979484754e-03 5.397106000000000403e-01 2.314249055445593423e-02
1.900000000000000000e+01 2.747646695282744429e-03 5.395674000000000303e-01 2.588090099696438093e-02
2.000000000000000000e+01 3.062129542624397478e-03 5.393978999999999857e-01 2.878720965110720745e-02
2.100000000000000000e+01 3.396354985063351501e-03 5.391985999999999724e-01 3.186423987273316605e-02
2.200000000000000000e+01 3.750803082013371391e-03 5.389659999999999451e-01 3.511448514151198352e-02
2.300000000000000000e+01 4.125996795753120346e-03 5.386963000000000168e-01 3.854071597015885919e-02
2.400000000000000000e+01 4.531582048923944034e-03 5.383776000000000117e-01 4.222859334504951156e-02
2.500000000000000000e+01 4.951501494203492011e-03 5.380184000000000077e-01 4.602936081260637635e-02
2.600000000000000000e+01 5.393906552512663620e-03 5.376081000000000332e-01 5.001510119456675785e-02
2.700000000000000000e+01 5.859316152063845720e-03 5.371415999999999968e-01 5.418804245317235951e-02
2.800000000000000000e+01 6.348215945986135714e-03 5.366134000000000182e-01 5.854985296338047207e-02
2.900000000000000000e+01 6.861027513245864656e-03 5.360177000000000413e-01 6.310194640246162556e-02
3.000000000000000000e+01 7.398179501138569397e-03 5.353485000000000049e-01 6.784532344638034840e-02
3.100000000000000000e+01 7.960048201569107709e-03 5.345995999999999526e-01 7.278056796039708565e-02
3.200000000000000000e+01 8.546956643542234777e-03 5.337642999999999693e-01 7.790772643345769688e-02
3.300000000000000000e+01 9.162612059668182388e-03 5.328304000000000373e-01 8.325634320119632004e-02
3.400000000000000000e+01 9.800636129469207647e-03 5.318007999999999624e-01 8.876772344328362485e-02
3.500000000000000000e+01 1.046415750449251718e-02 5.306640000000000246e-01 9.446647493052451328e-02
3.600000000000000000e+01 1.115323814325571046e-02 5.294126999999999583e-01 1.003496952869712272e-01
3.700000000000000000e+01 1.186754018253342695e-02 5.280399000000000065e-01 1.064128449608076621e-01
3.800000000000000000e+01 1.260682051108812790e-02 5.265383999999999620e-01 1.126506404203384687e-01
3.900000000000000000e+01 1.337066964861667595e-02 5.249013999999999625e-01 1.190569911031723882e-01
4.000000000000000000e+01 1.415851060201741597e-02 5.231221000000000343e-01 1.256245168924593758e-01
4.100000000000000000e+01 1.496963908554044265e-02 5.211942000000000519e-01 1.323449460928941557e-01
4.200000000000000000e+01 1.580319126717892597e-02 5.191116999999999537e-01 1.392088171682234199e-01
4.300000000000000000e+01 1.665813312728481668e-02 5.168692000000000286e-01 1.462054798597001715e-01
4.400000000000000000e+01 1.753332276747163535e-02 5.144617000000000218e-01 1.533235913912940340e-01
4.500000000000000000e+01 1.842745656551422057e-02 5.118852000000000402e-01 1.605507199257275586e-01
4.600000000000000000e+01 1.933909604817275751e-02 5.091360999999999803e-01 1.678735428416843478e-01
4.700000000000000000e+01 2.026674503920465956e-02 5.062117000000000422e-01 1.752785424810222037e-01
4.800000000000000000e+01 2.120871030190209228e-02 5.031103999999999576e-01 1.827508141858969204e-01
4.900000000000000000e+01 2.216332500621957802e-02 4.998311999999999755e-01 1.902759532771521045e-01
5.000000000000000000e+01 2.312879244370646611e-02 4.963739999999999819e-01 1.978386637689501515e-01
5.100000000000000000e+01 2.410332987068434726e-02 4.927395999999999998e-01 2.054240504110086685e-01
5.200000000000000000e+01 2.508511076377855156e-02 4.889297000000000226e-01 2.130170214528206984e-01
5.300000000000000000e+01 2.607232404580307750e-02 4.849468000000000112e-01 2.206027851729034095e-01
5.400000000000000000e+01 2.706318553312879460e-02 4.807939999999999992e-01 2.281669492264590815e-01
5.500000000000000000e+01 2.805597276468263512e-02 4.764753999999999934e-01 2.356957180863556156e-01
5.600000000000000000e+01 2.904901057101369477e-02 4.719954000000000094e-01 2.431757940090509273e-01
5.700000000000000000e+01 3.004066161596878962e-02 4.673593999999999804e-01 2.505942774778749937e-01
5.800000000000000000e+01 3.102942144609844438e-02 4.625730000000000119e-01 2.579393610687302218e-01
5.900000000000000000e+01 3.201385329764062232e-02 4.576421999999999990e-01 2.651998335480140190e-01
6.000000000000000000e+01 3.299262840575678535e-02 4.525738000000000261e-01 2.723653772884312985e-01
6.100000000000000000e+01 3.396447274577829578e-02 4.473747000000000140e-01 2.794260711125747254e-01
6.200000000000000000e+01 3.492995572262849735e-02 4.420486000000000137e-01 2.863774309371452387e-01
6.300000000000000000e+01 3.588474644093737898e-02 4.366095999999999866e-01 2.932030194184921390e-01
6.400000000000000000e+01 3.682937556074005608e-02 4.310629999999999740e-01 2.998987587488798900e-01
6.500000000000000000e+01 3.776175337285701122e-02 4.254253000000000062e-01 3.064482776789810292e-01
6.600000000000000000e+01 3.868448518419942417e-02 4.196812999999999794e-01 3.128721164013918976e-01
6.700000000000000000e+01 3.959541907613719353e-02 4.138486000000000109e-01 3.191534074511219732e-01
6.800000000000000000e+01 4.049414247725265786e-02 4.079336000000000073e-01 3.252888760138520352e-01
6.900000000000000000e+01 4.137978595738684567e-02 4.019468999999999959e-01 3.312716754632449856e-01
7.000000000000000000e+01 4.225201458002849492e-02 3.958956000000000142e-01 3.370991261301919950e-01
7.100000000000000000e+01 4.311070889888590080e-02 3.897857000000000127e-01 3.427702350607245152e-01
7.200000000000000000e+01 4.395707027633075081e-02 3.836113999999999913e-01 3.482943277643971713e-01
7.300000000000000000e+01 4.478937826106664521e-02 3.773928999999999756e-01 3.536578096044977748e-01
7.400000000000000000e+01 4.560691221798863354e-02 3.711428999999999978e-01 3.588549243748064277e-01
7.500000000000000000e+01 4.641135525198996498e-02 3.648515999999999981e-01 3.638987678831607231e-01
7.600000000000000000e+01 4.720342548077152700e-02 3.585169999999999746e-01 3.687947949478864729e-01
7.700000000000000000e+01 4.798141838612007826e-02 3.521624999999999894e-01 3.735296103592928851e-01
7.800000000000000000e+01 4.874473079017860311e-02 3.458017999999999925e-01 3.780984510741853266e-01
7.900000000000000000e+01 4.949560267859708790e-02 3.394171999999999745e-01 3.825186780554776234e-01
8.000000000000000000e+01 5.023518314951556235e-02 3.330011999999999972e-01 3.867991195517764269e-01
8.100000000000000000e+01 5.095965063655560207e-02 3.266053999999999902e-01 3.909101125283346301e-01
8.200000000000000000e+01 5.167228823436038898e-02 3.201982999999999913e-01 3.948771534807852257e-01
8.300000000000000000e+01 5.237452720572225578e-02 3.137672000000000239e-01 3.987111525684221558e-01
