1.000000000000000000e+01 3.249951623595567492e-04 5.402580999999999634e-01 4.676296707238881099e-03
1.100000000000000000e+01 3.945342177508983001e-04 5.402472000000000385e-01 5.670934796342003495e-03
1.200000000000000000e+01 4.712138486326262511e-04 5.402327999999999575e-01 6.765319762457554231e-03
1.300000000000000000e+01 5.556402443693857695e-04 5.402141000000000304e-01 7.967440781183256215e-03
1.400000000000000000e+01 6.472099912457196643e-04 5.401903999999999595e-01 9.267885015333814092e-03
1.500000000000000000e+01 7.464930096002877786e-04 5.401607000000000491e-01 1.067396853084500059e-02
1.600000000000000000e+01 8.535752499152276986e-04 5.401240999999999959e-01 1.218599206469443003e-02
1.700000000000000000e+01 9.687104098811750216e-04 5.400795000000000456e-01 1.380656828415196234e-02
1.800000000000000000e+01 1.092117431711803763e-03 5.400257000000000529e-01 1.553771683633970065e-02
1.900000000000000000e+01 1.224033633885851600e-03 5.399614000000000358e-01 1.738162649850879052e-02
2.000000000000000000e+01 1.364708734212871123e-03 5.398851999999999540e-01 1.934054532737858670e-02
2.100000000000000000e+01 1.514410499985447030e-03 5.397956000000000421e-01 2.141689053264831527e-02
2.200000000000000000e+01 1.673416708053844125e-03 5.396906999999999677e-01 2.361307862408074110e-02
