1.000000000000000000e+01 4.744182879565404315e-06 5.402808000000000055e-01 5.874278671728930213e-04
1.100000000000000000e+01 5.760489695796244580e-06 5.402806999999999471e-01 7.124554590029748107e-04
1.200000000000000000e+01 6.881720931097234636e-06 5.402805000000000524e-01 8.500640142509257279e-04
1.300000000000000000e+01 8.110150024067235629e-06 5.402801999999999882e-01 1.000438320113633279e-03
1.400000000000000000e+01 9.448323602801341118e-06 5.402797999999999767e-01 1.163785862268275741e-03
1.500000000000000000e+01 1.089902702455090340e-05 5.402793000000000179e-01 1.340331924986469091e-03
1.600000000000000000e+01 1.246530535597343562e-05 5.402787999999999480e-01 1.530321491023523776e-03
1.700000000000000000e+01 1.415044088457811496e-05 5.402780999999999834e-01 1.734015541673809314e-03
1.800000000000000000e+01 1.595805191050965208e-05 5.402772000000000130e-01 1.951702056327473539e-03
1.900000000000000000e+01 1.789201005415138026e-05 5.402761999999999842e-01 2.183685012773226367e-03
2.000000000000000000e+01 1.995652239480767215e-05 5.402749999999999497e-01 2.430293386824232404e-03
2.100000000000000000e+01 2.215613734361251576e-05 5.402736000000000205e-01 2.691880152228778855e-03
2.200000000000000000e+01 2.449573629011200833e-05 5.402719000000000271e-01 2.968820280667019192e-03
2.300000000000000000e+01 2.698056405484036417e-05 5.402700000000000280e-01 3.261512741561373770e-03
2.400000000000000000e+01 2.961627479504305621e-05 5.402677999999999647e-01 3.570384501828231111e-03
2.500000000000000000e+01 3.240895200391527385e-05 5.402652000000000010e-01 3.895890525703415205e-03
2.600000000000000000e+01 3.536509233061468200e-05 5.402622999999999731e-01 4.238510774769153368e-03
2.700000000000000000e+01 3.849170411831932229e-05 5.402590000000000447e-01 4.598759207436851557e-03
2.800000000000000000e+01 4.179627704417697833e-05 5.402550999999999881e-01 4.977177778983572255e-03
2.900000000000000000e+01 4.528687193082758133e-05 5.402508000000000310e-01 5.374344441072888799e-03
3.000000000000000000e+01 4.897207293328159091e-05 5.402458999999999456e-01 5.790865141867518676e-03
3.100000000000000000e+01 5.286115516242173036e-05 5.402403999999999540e-01 6.227389825175743548e-03
3.200000000000000000e+01 5.700353406562123177e-05 5.402341000000000504e-01 6.689167259628934874e-03
3.300000000000000000e+01 6.133684778323205452e-05 5.402270999999999601e-01 7.168469695181033628e-03
3.400000000000000000e+01 6.590653885903775605e-05 5.402192999999999579e-01 7.670007914648242948e-03
3.500000000000000000e+01 7.072505820726848443e-05 5.402105000000000379e-01 8.194618841244687493e-03
3.600000000000000000e+01 7.580772927069689190e-05 5.402006999999999781e-01 8.743427384082893758e-03
3.700000000000000000e+01 8.116417722389442492e-05 5.401898000000000533e-01 9.316803473254238119e-03
3.800000000000000000e+01 8.681261439258453245e-05 5.401776000000000355e-01 9.916069000161788563e-03
3.900000000000000000e+01 9.276875774895588416e-05 5.401641000000000359e-01 1.054217186374391269e-02
4.000000000000000000e+01 9.905008904454567153e-05 5.401491000000000486e-01 1.119619195256433934e-02
4.100000000000000000e+01 1.056757154826432592e-04 5.401325000000000154e-01 1.187931014484759802e-02
4.200000000000000000e+01 1.126657443329115427e-04 5.401141000000000414e-01 1.259269630967192223e-02
4.300000000000000000e+01 1.200419116958028210e-04 5.400937000000000099e-01 1.333765030685113255e-02
4.400000000000000000e+01 1.278278229439801673e-04 5.400711999999999735e-01 1.411552198179008739e-02
4.500000000000000000e+01 1.360486877324076666e-04 5.400462999999999791e-01 1.492771116779720124e-02
4.600000000000000000e+01 1.447326963195005498e-04 5.400188000000000210e-01 1.577586768168914855e-02
4.700000000000000000e+01 1.539081251241908386e-04 5.399884999999999824e-01 1.666146133267659007e-02
4.800000000000000000e+01 1.636078411822666041e-04 5.399549999999999628e-01 1.758625190095121013e-02
4.900000000000000000e+01 1.738650267861893586e-04 5.399182000000000148e-01 1.855200916433426966e-02
5.000000000000000000e+01 1.893877066423513039e-04 5.398595000000000477e-01 1.999316858005206407e-02
5.100000000000000000e+01 2.015366534976843684e-04 5.398114000000000523e-01 2.110121475283907935e-02
5.200000000000000000e+01 2.144530777193215127e-04 5.397581999999999658e-01 2.226257625829211606e-02
5.300000000000000000e+01 2.281924997807107400e-04 5.396992999999999929e-01 2.347984271051435298e-02
5.400000000000000000e+01 2.428198086505595665e-04 5.396341999999999528e-01 2.475619366431762100e-02
5.500000000000000000e+01 2.584053366578253864e-04 5.395621999999999918e-01 2.609497863348356206e-02
5.600000000000000000e+01 2.790616027230276731e-04 5.394626999999999617e-01 2.783950480205545086e-02
5.700000000000000000e+01 2.974960335715069694e-04 5.393702999999999692e-01 2.936583205120498266e-02
5.800000000000000000e+01 3.172529049810776701e-04 5.392675999999999581e-01 3.097295083632413751e-02
5.900000000000000000e+01 3.384506803473233058e-04 5.391536000000000106e-01 3.266603032046378613e-02
6.000000000000000000e+01 3.612208723907578737e-04 5.390266999999999697e-01 3.445067956954955130e-02
6.100000000000000000e+01 3.893260097972857099e-04 5.388640999999999570e-01 3.660940650677734637e-02
6.200000000000000000e+01 4.163984599926935193e-04 5.387018999999999558e-01 3.864283768490817117e-02
6.300000000000000000e+01 4.457529071852854401e-04 5.385199999999999987e-01 4.080134371157817519e-02
6.400000000000000000e+01 4.774556219493660881e-04 5.383168999999999871e-01 4.308176388812511026e-02
6.500000000000000000e+01 5.153350669047216835e-04 5.380658000000000385e-01 4.574395469987275337e-02
6.600000000000000000e+01 5.534191472100319061e-04 5.378047999999999718e-01 4.835348172058695493e-02
6.700000000000000000e+01 5.949289591955676934e-04 5.375113000000000252e-01 5.112835514241634988e-02
6.800000000000000000e+01 6.435900667205352206e-04 5.371557000000000137e-01 5.429688114729550041e-02
6.900000000000000000e+01 6.940344884698598869e-04 5.367752000000000079e-01 5.749156258593854374e-02
7.000000000000000000e+01 7.493623561350475039e-04 5.363449999999999607e-01 6.089935952380263334e-02
7.100000000000000000e+01 8.137258497499699934e-04 5.358283999999999825e-01 6.474933444873895438e-02
7.200000000000000000e+01 8.817028796773044652e-04 5.352662000000000253e-01 6.869065131804373558e-02
7.300000000000000000e+01 9.601271784444183853e-04 5.345974000000000004e-01 7.309589468378556443e-02
7.400000000000000000e+01 1.044377280558224201e-03 5.338572999999999791e-01 7.767238373095849968e-02
7.500000000000000000e+01 1.141172453522117406e-03 5.329814000000000496e-01 8.275301249922112357e-02
7.600000000000000000e+01 1.246346972185166744e-03 5.320017999999999692e-01 8.807772743887956612e-02
7.700000000000000000e+01 1.367169972539635523e-03 5.308437000000000294e-01 9.396960741741379464e-02
7.800000000000000000e+01 1.499522157705189930e-03 5.295381000000000116e-01 1.001797289037689859e-01
7.900000000000000000e+01 1.651236083240392814e-03 5.279983999999999789e-01 1.070196654106356504e-01
8.000000000000000000e+01 1.821281339743751259e-03 5.262231000000000547e-01 1.143715614423418542e-01
8.100000000000000000e+01 2.009496597541214364e-03 5.242031000000000329e-01 1.221667157908052498e-01
8.200000000000000000e+01 2.223572000594260800e-03 5.218409999999999993e-01 1.306509707086312422e-01
8.300000000000000000e+01 2.462937433215330041e-03 5.191263000000000405e-01 1.397146269939451291e-01
8.400000000000000000e+01 2.727557173763744524e-03 5.160430000000000295e-01 1.492797819921787561e-01
8.500000000000000000e+01 3.024117393800626000e-03 5.124929000000000290e-01 1.595062834427306564e-01
8.600000000000000000e+01 3.349222631446623077e-03 5.084959000000000007e-01 1.701927533083609223e-01
8.700000000000000000e+01 3.708269076364643924e-03 5.039626000000000383e-01 1.814409483736154904e-01
8.800000000000000000e+01 4.096829546536551007e-03 4.989261999999999864e-01 1.930390992089243696e-01
8.900000000000000000e+01 4.516214616799557775e-03 4.933467999999999742e-01 2.049709937602043619e-01
9.000000000000000000e+01 4.965491231004130583e-03 4.872186000000000017e-01 2.171487368230230752e-01
