1.000000000000000000e+01 -9.733576592595379366e-05 1.103900965445649263e+02
1.000000000000000000e+01 -3.866362054698277081e-03 4.123800266406616544e+01
1.000000000000000000e+01 -4.676474151895001347e-02 4.465383308306507537e+00
1.000000000000000000e+01 -7.552575912001435916e-03 2.936275612529268031e+01
1.000000000000000000e+01 -3.943935029878147674e-03 8.335798369180548661e+01
1.000000000000000000e+01 -5.665780518572128832e-01 7.322352027201743496e+00
1.000000000000000000e+01 -1.000000000000000000e+00 4.551938630065111902e+00
1.000000000000000000e+01 -8.803915652784490842e-01 6.510955371031229788e+00
1.000000000000000000e+01 -1.000000000000000000e+00 6.882808257194097834e+00
1.000000000000000000e+01 -9.863938726521709333e-01 7.039295565402209576e+00
1.000000000000000000e+01 -8.936570195413379158e-01 8.018388804250484725e+00
1.100000000000000000e+01 -1.341118195838096095e-04 1.100352720406383469e+02
1.100000000000000000e+01 -4.243160109120693545e-03 4.120754595873378889e+01
1.100000000000000000e+01 -5.190484864823124295e-02 4.469338470402846930e+00
1.100000000000000000e+01 -8.292131405053582149e-03 2.937329385306914276e+01
1.100000000000000000e+01 -3.975319912302789464e-03 8.348334982947588401e+01
1.100000000000000000e+01 -5.684909963496819207e-01 8.024043487944711117e+00
1.100000000000000000e+01 -1.000000000000000000e+00 4.999673521410578303e+00
1.100000000000000000e+01 -8.848655793918380752e-01 7.246413839926565181e+00
1.100000000000000000e+01 -1.000000000000000000e+00 7.585657483707842097e+00
1.100000000000000000e+01 -9.830217493167815457e-01 7.837430478620460050e+00
1.100000000000000000e+01 -8.971601478698323362e-01 8.829223847124460178e+00
1.200000000000000000e+01 -1.804651904662874233e-04 1.094272780112054022e+02
1.200000000000000000e+01 -4.630478449389309990e-03 4.116477470679325990e+01
1.200000000000000000e+01 -5.707835793110778433e-02 4.473531912916396180e+00
1.200000000000000000e+01 -9.060651482585585503e-03 2.938234001057979583e+01
1.200000000000000000e+01 -4.040775170122109031e-03 8.357815291224943621e+01
1.200000000000000000e+01 -5.688069089114092813e-01 8.748796852321934381e+00
1.200000000000000000e+01 -1.000000000000000000e+00 5.445647437150273440e+00
1.200000000000000000e+01 -8.888940372947390367e-01 8.017680995678775346e+00
1.300000000000000000e+01 -2.359401853554200258e-04 1.085731106437847160e+02
1.300000000000000000e+01 -5.026991715455255555e-03 4.110959847041163329e+01
1.300000000000000000e+01 -6.228598862842243955e-02 4.477999633658230394e+00
1.300000000000000000e+01 -9.855925461838851639e-03 2.939024847534417617e+01
1.300000000000000000e+01 -4.132972440546277791e-03 8.365068535750272360e+01
1.300000000000000000e+01 -5.667863022769038528e-01 9.499119389953825987e+00
1.300000000000000000e+01 -1.000000000000000000e+00 5.889641537985729869e+00
1.300000000000000000e+01 -8.858288540863991090e-01 8.649296653115493783e+00
1.400000000000000000e+01 -2.991853797067404856e-04 1.074780697988092157e+02
1.400000000000000000e+01 -5.431837880022037136e-03 4.104138951802612212e+01
1.400000000000000000e+01 -6.752463973128552954e-02 4.482812394405896406e+00
1.400000000000000000e+01 -1.067624082239310504e-02 2.939724905638254171e+01
1.400000000000000000e+01 -4.246924928583451463e-03 8.370634370425052850e+01
1.400000000000000000e+01 -5.841315745871761278e-01 1.018337670762117497e+01
1.400000000000000000e+01 -1.000000000000000000e+00 6.340591286309112284e+00
1.400000000000000000e+01 -9.177542338101573050e-01 8.353545638586146183e+00
1.500000000000000000e+01 -3.678808520047850911e-04 1.061503188318361168e+02
1.500000000000000000e+01 -5.843947187335452216e-03 4.095913157721918907e+01
1.500000000000000000e+01 -7.278720862264440039e-02 4.488018983369765458e+00
1.500000000000000000e+01 -1.151926472022796882e-02 2.940344736854919105e+01
1.500000000000000000e+01 -4.379453841586663371e-03 8.374874563813865791e+01
1.500000000000000000e+01 -5.836690470063500280e-01 1.094865791894394214e+01
1.500000000000000000e+01 -1.000000000000000000e+00 6.781182486473452897e+00
1.600000000000000000e+01 -4.395174805437036792e-04 1.046019532732070587e+02
1.600000000000000000e+01 -6.262089477312134458e-03 4.086150233756826111e+01
1.600000000000000000e+01 -7.807544218047188234e-02 4.493689980662213479e+00
1.600000000000000000e+01 -1.238497807729218962e-02 2.940895343375366977e+01
1.600000000000000000e+01 -4.527757372583053261e-03 8.378026902073433746e+01
1.600000000000000000e+01 -5.858985498696559491e-01 1.171608302814372138e+01
1.600000000000000000e+01 -1.000000000000000000e+00 7.222644874114709346e+00
1.700000000000000000e+01 -5.110879524928871017e-04 1.028493635761144418e+02
1.700000000000000000e+01 -6.685091816964085568e-03 4.074691611804573910e+01
1.700000000000000000e+01 -8.338525104301310054e-02 4.499878852818101294e+00
1.700000000000000000e+01 -1.327234902958629795e-02 2.941379067046499429e+01
1.700000000000000000e+01 -4.690157602418966627e-03 8.380245872271839858e+01
1.700000000000000000e+01 -5.873331876597619461e-01 1.249331953044744914e+01
1.700000000000000000e+01 -1.000000000000000000e+00 7.661570118903861193e+00
1.800000000000000000e+01 -5.794947740606542835e-04 1.009129060307558774e+02
1.800000000000000000e+01 -7.111559530547550273e-03 4.061353653784073714e+01
1.800000000000000000e+01 -8.871401271697923474e-02 4.506649239866545642e+00
1.800000000000000000e+01 -4.865846946246788450e-03 8.381622570465023614e+01
1.800000000000000000e+01 -1.418103200573820992e-02 2.941795871575437360e+01
1.800000000000000000e+01 -5.888813539897903571e-01 1.327373479733495998e+01
1.900000000000000000e+01 -6.413545754807737243e-04 9.881629260459544639e+01
1.900000000000000000e+01 -7.539481849742383883e-03 4.045924498154877824e+01
1.900000000000000000e+01 -5.054657607742226930e-03 8.382193349733829280e+01
1.900000000000000000e+01 -9.405851427723871394e-02 4.514065651474147067e+00
1.900000000000000000e+01 -1.511053187120150500e-02 2.942144254851612573e+01
2.000000000000000000e+01 -6.929696452229358291e-04 9.658581058891594751e+01
2.000000000000000000e+01 -7.966844686875668158e-03 4.028171030949118148e+01
2.000000000000000000e+01 -5.258041459200264375e-03 8.381942030337390293e+01
2.000000000000000000e+01 -9.941594647420864961e-02 4.522199163981937886e+00
2.000000000000000000e+01 -1.606127006595942444e-02 2.942421817910796733e+01
2.100000000000000000e+01 -7.291313707490066319e-04 9.425016523884565345e+01
2.100000000000000000e+01 -8.390752432275289802e-03 4.007832886467469535e+01
2.100000000000000000e+01 -5.479320003876679557e-03 8.380766645014142568e+01
2.100000000000000000e+01 -1.047827001017543058e-01 4.531124099970513797e+00
2.100000000000000000e+01 -1.703346893633275391e-02 2.942626138259934621e+01
2.200000000000000000e+01 -7.410810833845005727e-04 9.184030737973519365e+01
2.200000000000000000e+01 -8.807479090620970799e-03 3.984622961904181437e+01
2.200000000000000000e+01 -5.726148845164764911e-03 8.378390640902360076e+01
2.200000000000000000e+01 -1.101546777267440047e-01 4.540917091674116612e+00
2.200000000000000000e+01 -1.802772427629588739e-02 2.942753264108650413e+01
2.300000000000000000e+01 -7.104824639192344271e-04 8.934713574044263851e+01
2.300000000000000000e+01 -9.218603780681127943e-03 3.957910396240745854e+01
2.300000000000000000e+01 -6.020966570488426456e-03 8.373900281847222971e+01
2.300000000000000000e+01 -1.154949900049125761e-01 4.554481079854820536e+00
2.300000000000000000e+01 -1.905333678396483113e-02 2.942792692977925739e+01
2.400000000000000000e+01 -6.137543112582202537e-04 8.691585886563223085e+01
2.400000000000000000e+01 -9.607267064392016956e-03 3.927919502341337221e+01
2.400000000000000000e+01 -6.381827430136813827e-03 8.364321473786370120e+01
2.400000000000000000e+01 -1.208496541781097083e-01 4.566992228880393689e+00
2.400000000000000000e+01 -2.009765581609620003e-02 2.942758576393822523e+01
2.500000000000000000e+01 -1.162909188711098562e-03 8.475985809683103867e+01
2.500000000000000000e+01 -9.971242281793380249e-03 3.894058297695470827e+01
2.500000000000000000e+01 -6.101757853516369748e-03 8.326935259858412053e+01
2.500000000000000000e+01 -1.261904933276693785e-01 4.580764315691575383e+00
2.500000000000000000e+01 -2.116983680412174579e-02 2.942646841447698236e+01
2.600000000000000000e+01 -2.802238184705515504e-03 8.156254366812912338e+01
2.600000000000000000e+01 -1.030118481661053409e-02 3.855975125313791096e+01
2.600000000000000000e+01 -4.739427633376243863e-03 8.395982550716686887e+01
2.600000000000000000e+01 -1.315106587012901118e-01 4.595903742758440380e+00
2.600000000000000000e+01 -2.227337637123079708e-02 2.942459217281325223e+01
2.700000000000000000e+01 -2.055718318318824640e-03 7.925006839098074352e+01
2.700000000000000000e+01 -1.058516777803650277e-02 3.813320918018616368e+01
2.700000000000000000e+01 -5.774670298279876469e-03 8.381319105522013047e+01
2.700000000000000000e+01 -1.368023844417263768e-01 4.612508946136522958e+00
2.700000000000000000e+01 -2.341348519418229301e-02 2.942201223710694791e+01
2.800000000000000000e+01 -1.901953454236140735e-03 7.694451962207025986e+01
2.800000000000000000e+01 -1.080904082130231154e-02 3.765780408224724596e+01
2.800000000000000000e+01 -6.234915523222962948e-03 8.372832616895406943e+01
2.800000000000000000e+01 -1.420577451306459515e-01 4.630696385358584521e+00
2.800000000000000000e+01 -2.459791488868201190e-02 2.941889263210877559e+01
2.900000000000000000e+01 -1.903233945224986224e-03 7.471663534513514549e+01
2.900000000000000000e+01 -1.095382662235875118e-02 3.713069827077233498e+01
2.900000000000000000e+01 -6.563188343931515394e-03 8.365327305162863070e+01
2.900000000000000000e+01 -1.472675926214293551e-01 4.650577917941398631e+00
2.900000000000000000e+01 -2.583782742368628815e-02 2.941544116171646550e+01
3.000000000000000000e+01 -1.981338829260157093e-03 7.259333464971078342e+01
3.000000000000000000e+01 -1.099517057687677754e-02 3.654975565818551075e+01
3.000000000000000000e+01 -6.843381195404463387e-03 8.357676504929202110e+01
3.000000000000000000e+01 -1.524216806860025919e-01 4.672277253256271301e+00
3.000000000000000000e+01 -2.714970098383466882e-02 2.941199692219652562e+01
3.100000000000000000e+01 -2.116528833712295280e-03 7.059092563147846988e+01
3.100000000000000000e+01 -1.089999723885031781e-02 3.591362071742804574e+01
3.100000000000000000e+01 -7.102025281789509786e-03 8.349484407010380949e+01
3.100000000000000000e+01 -1.575111351110881353e-01 4.695898684331831774e+00
3.100000000000000000e+01 -2.856109314523085432e-02 2.940911283122326481e+01
3.200000000000000000e+01 -2.305125951763264004e-03 6.871385933414080682e+01
3.200000000000000000e+01 -1.062080283469781644e-02 3.522042852770086085e+01
3.200000000000000000e+01 -7.351095292978798539e-03 8.340509416471712711e+01
3.200000000000000000e+01 -1.624748135966117002e-01 4.723963407550298754e+00
3.200000000000000000e+01 -3.012151378803837667e-02 2.940761463506651907e+01
3.300000000000000000e+01 -2.543470949700018646e-03 6.698137489060744088e+01
3.300000000000000000e+01 -1.007012975576098736e-02 3.447402112946479491e+01
3.300000000000000000e+01 -7.591145354867427641e-03 8.330687589533768289e+01
3.300000000000000000e+01 -1.673921800309982888e-01 4.752109824922503556e+00
3.300000000000000000e+01 -3.189553457715475077e-02 2.940883588917636260e+01
3.400000000000000000e+01 -2.831997315556652149e-03 6.538920017655910044e+01
3.400000000000000000e+01 -9.096767209026492690e-03 3.367468293545083924e+01
3.400000000000000000e+01 -7.827287997524589452e-03 8.319916877505596631e+01
3.400000000000000000e+01 -1.722140198407208223e-01 4.782505575981463863e+00
3.400000000000000000e+01 -3.404229892594389656e-02 2.941491478881835064e+01
3.500000000000000000e+01 -3.168347426952798813e-03 6.393581543639646014e+01
3.500000000000000000e+01 -7.370519437903511918e-03 3.282555246719559250e+01
3.500000000000000000e+01 -8.059803634047801174e-03 8.308103843047000225e+01
3.500000000000000000e+01 -1.769245461141420173e-01 4.815300654512321366e+00
3.500000000000000000e+01 -3.688710936474994678e-02 2.942807820848670985e+01
3.600000000000000000e+01 -4.103669236501313218e-03 3.193674058596380405e+01
3.600000000000000000e+01 -3.549237605379253029e-03 6.261716865271707633e+01
3.600000000000000000e+01 -8.290475680041889395e-03 8.295215252003502826e+01
3.600000000000000000e+01 -1.815196908101320561e-01 4.850530106724818324e+00
3.600000000000000000e+01 -4.122277064694096493e-02 2.944624578811536608e+01
3.700000000000000000e+01 2.107240834356306075e-03 3.106099519840598688e+01
3.700000000000000000e+01 -3.968833216617687933e-03 6.142618318582567838e+01
3.700000000000000000e+01 -8.518837599620618373e-03 8.281184033124198152e+01
3.700000000000000000e+01 -1.859828692061503141e-01 4.888337401953720907e+00
3.700000000000000000e+01 -4.844754527462046684e-02 2.942701866593768045e+01
3.800000000000000000e+01 9.891852623179212683e-03 3.031549365327764534e+01
3.800000000000000000e+01 -4.420405534481759713e-03 6.035415391471226343e+01
3.800000000000000000e+01 -8.745737021166986522e-03 8.265991159708632097e+01
3.800000000000000000e+01 -1.903120157364289189e-01 4.928736260813115777e+00
3.800000000000000000e+01 -5.719768573563794450e-02 2.926190833669168967e+01
3.900000000000000000e+01 1.472822599820575520e-02 2.968970722591583922e+01
3.900000000000000000e+01 -4.896598579749172550e-03 5.939123624776523513e+01
3.900000000000000000e+01 -8.970758788668939734e-03 8.249595335326729639e+01
3.900000000000000000e+01 -1.944913283643222857e-01 4.971850782037971150e+00
3.900000000000000000e+01 -6.295649029750563508e-02 2.896066081289321303e+01
4.000000000000000000e+01 1.506515145590558470e-02 2.910978407622644326e+01
4.000000000000000000e+01 -5.389997275726936612e-03 5.852704973405374744e+01
4.000000000000000000e+01 -9.194398471271557696e-03 8.231986162697609188e+01
4.000000000000000000e+01 -1.985214222758477365e-01 5.017675698300624099e+00
4.000000000000000000e+01 -6.418748820216300943e-02 2.859904172582641024e+01
4.100000000000000000e+01 9.996389429614940467e-03 2.853812376541169371e+01
4.100000000000000000e+01 -5.893986772499686978e-03 5.775118894072525677e+01
4.100000000000000000e+01 -9.416244055117192757e-03 8.213148990861878929e+01
4.100000000000000000e+01 -2.023866004794482865e-01 5.066310525666407827e+00
4.100000000000000000e+01 -5.998522400247090908e-02 2.821987694758163912e+01
4.200000000000000000e+01 -4.524629791590827239e-03 2.792745957089357844e+01
4.200000000000000000e+01 -6.402901085709792467e-03 5.705362409611946362e+01
4.200000000000000000e+01 -9.636495484626169186e-03 8.193086842983052520e+01
4.200000000000000000e+01 -2.060885453511379917e-01 5.117756413151354877e+00
4.200000000000000000e+01 -4.631365926138852895e-02 2.787661107496004220e+01
4.300000000000000000e+01 -6.911903886012000370e-03 5.642493077875614915e+01
4.300000000000000000e+01 -1.955474952997761362e-02 2.664829765902190317e+01
4.300000000000000000e+01 -9.855083183114368012e-03 8.171809486592324845e+01
4.300000000000000000e+01 -3.210419130645075780e-02 2.822786112300016015e+01
4.300000000000000000e+01 -2.096288779492821164e-01 5.171988573914704013e+00
4.400000000000000000e+01 -7.417397585170584784e-03 5.585647550987201271e+01
4.400000000000000000e+01 -1.825101432421612213e-02 2.562912958040366007e+01
4.400000000000000000e+01 -1.007192637154316790e-02 8.149338352361418458e+01
4.400000000000000000e+01 -3.419826363666764873e-02 2.834967127058231640e+01
4.400000000000000000e+01 -2.129938372445714934e-01 5.229085198279751268e+00
4.500000000000000000e+01 -1.722522773508988747e-02 2.473151150077871918e+01
4.500000000000000000e+01 -7.916662084772745772e-03 5.534043842527715640e+01
4.500000000000000000e+01 -1.028708215604850519e-02 8.125698198773908132e+01
4.500000000000000000e+01 -3.600352086253217482e-02 2.837222143403930019e+01
4.500000000000000000e+01 -2.161886079618348111e-01 5.289008443743749233e+00
4.600000000000000000e+01 -1.640073748339460416e-02 2.389673484207420628e+01
4.600000000000000000e+01 -8.407762290292801130e-03 5.486988033067726178e+01
4.600000000000000000e+01 -1.050055215272718660e-02 8.100931453568699681e+01
4.600000000000000000e+01 -3.760172857846556110e-02 2.835677909237124794e+01
4.600000000000000000e+01 -2.192155721106064103e-01 5.351734018127012327e+00
4.700000000000000000e+01 -1.570664554073631161e-02 2.310939616609465119e+01
4.700000000000000000e+01 -8.889578884014313551e-03 5.443863257643719322e+01
4.700000000000000000e+01 -1.071233653523085208e-02 8.075086129961648851e+01
4.700000000000000000e+01 -3.907110677710922547e-02 2.832050641290217996e+01
4.700000000000000000e+01 -2.220843450576589218e-01 5.417199529171421446e+00
4.800000000000000000e+01 -1.510063995137240003e-02 2.236345421249180276e+01
4.800000000000000000e+01 -9.361448542973474854e-03 5.404135637473439857e+01
4.800000000000000000e+01 -1.092246737253016985e-02 8.048217976722912681e+01
4.800000000000000000e+01 -4.045008581141246173e-02 2.827025009244966824e+01
4.800000000000000000e+01 -2.247849382453210587e-01 5.485460296312647088e+00
4.900000000000000000e+01 -1.456083367043754448e-02 2.165570254504117997e+01
4.900000000000000000e+01 -9.823135546396825554e-03 5.367334479598942920e+01
4.900000000000000000e+01 -1.113099173406853146e-02 8.020387417866101032e+01
4.900000000000000000e+01 -4.176636840983306842e-02 2.820976002716164288e+01
4.900000000000000000e+01 -2.273294215934434648e-01 5.556448941535409247e+00
5.000000000000000000e+01 -1.407310068451203718e-02 2.098403858060602900e+01
5.000000000000000000e+01 -1.027472274520896574e-02 5.333051587912949998e+01
5.000000000000000000e+01 -1.133799389680267659e-02 7.991665280223757861e+01
5.000000000000000000e+01 -4.303606571568141526e-02 2.814111928768128479e+01
5.000000000000000000e+01 -2.297248588352780452e-01 5.630131552017683561e+00
5.100000000000000000e+01 -1.362968618860243425e-02 2.034670041027533927e+01
5.100000000000000000e+01 -1.071661296589460598e-02 5.300928062623505355e+01
5.100000000000000000e+01 -1.154362381213910535e-02 7.962128652742912038e+01
5.100000000000000000e+01 -4.427240579335015025e-02 2.806582871221542419e+01
5.100000000000000000e+01 -2.319880319811096492e-01 5.706433915969395088e+00
5.200000000000000000e+01 -1.322251396290986640e-02 1.974222753878815340e+01
5.200000000000000000e+01 -1.114898894557315306e-02 5.270666497304025455e+01
5.200000000000000000e+01 -1.174790799186916854e-02 7.931848090493569714e+01
5.200000000000000000e+01 -4.547715098469457679e-02 2.798437161534368656e+01
5.200000000000000000e+01 -2.341092459885263100e-01 5.785434693241266579e+00
5.300000000000000000e+01 -1.284874633942271853e-02 1.916904102921058950e+01
5.300000000000000000e+01 -1.157248144911151265e-02 5.241997097479211476e+01
5.300000000000000000e+01 -1.195103845635252585e-02 7.900910058942642422e+01
5.300000000000000000e+01 -4.665807676728935677e-02 2.789759830391701101e+01
5.300000000000000000e+01 -2.361070345171772944e-01 5.867069069695647343e+00
5.400000000000000000e+01 -1.250568974026204476e-02 1.862559895849024727e+01
5.400000000000000000e+01 -1.198757422911200625e-02 5.214690903382095399e+01
5.400000000000000000e+01 -1.215315369115495606e-02 7.869391279080305424e+01
5.400000000000000000e+01 -4.781869249038659536e-02 2.780598389556175576e+01
5.400000000000000000e+01 -2.379906690541188086e-01 5.951344644565890185e+00
5.500000000000000000e+01 -1.219140553735490948e-02 1.811039119100412265e+01
5.500000000000000000e+01 -1.239484644177229686e-02 5.188549780361067576e+01
5.500000000000000000e+01 -1.235443790422270476e-02 7.837379244742959372e+01
5.500000000000000000e+01 -4.896174984003785063e-02 2.770994030583651124e+01
5.500000000000000000e+01 -2.397712642305935560e-01 6.038269114171401775e+00
5.600000000000000000e+01 -1.190510668934945462e-02 1.762179996212685040e+01
5.600000000000000000e+01 -1.279505937919687801e-02 5.163393431398994693e+01
5.600000000000000000e+01 -1.255529017360999984e-02 7.804967140351595845e+01
5.600000000000000000e+01 -5.009226116414655650e-02 2.761004486581941109e+01
5.600000000000000000e+01 -2.414709029162035170e-01 6.127828309087370862e+00
5.700000000000000000e+01 -1.164347505527276241e-02 1.715845627074451585e+01
5.700000000000000000e+01 -1.318838433103541007e-02 5.139090772992970813e+01
5.700000000000000000e+01 -1.275549890759059522e-02 7.772217341146756553e+01
5.700000000000000000e+01 -5.120591301545225627e-02 2.750611429950789244e+01
5.700000000000000000e+01 -2.430803707873673003e-01 6.220148196224376314e+00
5.800000000000000000e+01 -1.140551003463429608e-02 1.671880254407922806e+01
5.800000000000000000e+01 -1.357553187785573434e-02 5.115506378987659986e+01
5.800000000000000000e+01 -1.295547147195592712e-02 7.739222280958415467e+01
5.800000000000000000e+01 -5.230671915514962383e-02 2.739865517035021014e+01
5.800000000000000000e+01 -2.446230059061104134e-01 6.315243005895659678e+00
5.900000000000000000e+01 -1.118832188508109282e-02 1.630174684210163605e+01
5.900000000000000000e+01 -1.395486149190416393e-02 5.092501581953266054e+01
5.900000000000000000e+01 -1.315460863677491744e-02 7.706124216397410009e+01
5.900000000000000000e+01 -5.339344571222147395e-02 2.728797247754438260e+01
5.900000000000000000e+01 -2.461229169620754165e-01 6.412431652748907140e+00
6.000000000000000000e+01 -1.098719648678221812e-02 1.590445078601585038e+01
6.000000000000000000e+01 -1.432902178743931422e-02 5.069967067910539527e+01
6.000000000000000000e+01 -1.335372230034103345e-02 7.672845612988054143e+01
6.000000000000000000e+01 -5.446832137707859067e-02 2.717399401448468765e+01
6.000000000000000000e+01 -2.475758666285207132e-01 6.512616898791417697e+00
6.100000000000000000e+01 -1.079806487494550972e-02 1.552619066831692685e+01
6.100000000000000000e+01 -1.469747456056457076e-02 5.047825151698520330e+01
6.100000000000000000e+01 -1.355276009760441464e-02 7.639523659581372783e+01
6.100000000000000000e+01 -5.553110763301569164e-02 2.705704647033214272e+01
6.100000000000000000e+01 -2.490035416161289761e-01 6.615616078199387573e+00
6.200000000000000000e+01 -1.061431124790650389e-02 1.516553305381914463e+01
6.200000000000000000e+01 -1.506037241561678994e-02 5.025993721475916942e+01
6.200000000000000000e+01 -1.375180913240264119e-02 7.606217977628828919e+01
6.200000000000000000e+01 -5.658181012236734864e-02 2.693728922220613953e+01
6.200000000000000000e+01 -2.504216847684945790e-01 6.721527141795992755e+00
6.300000000000000000e+01 -1.042943765612270104e-02 1.482154076994684999e+01
6.300000000000000000e+01 -1.541970725996529359e-02 5.004467999390534061e+01
6.300000000000000000e+01 -1.395192349665343688e-02 7.572997411152545055e+01
6.300000000000000000e+01 -5.762287175140484025e-02 2.681504747042013648e+01
6.300000000000000000e+01 -2.518450465783995118e-01 6.831157953664988014e+00
6.400000000000000000e+01 -1.023019367542005696e-02 1.449259532928430794e+01
6.400000000000000000e+01 -1.577377270392024342e-02 4.983105170219705116e+01
6.400000000000000000e+01 -1.415254711356066231e-02 7.539953395849011031e+01
6.400000000000000000e+01 -5.865418279271875091e-02 2.669058253584373830e+01
6.400000000000000000e+01 -2.533111951374498183e-01 6.943837850850174576e+00
6.500000000000000000e+01 -1.000216144721560035e-02 1.417725353729732163e+01
6.500000000000000000e+01 -1.612297656522793110e-02 4.961899292946979756e+01
6.500000000000000000e+01 -1.435311157324523079e-02 7.507058092383618941e+01
6.500000000000000000e+01 -5.966988082341733585e-02 2.656352707636506594e+01
6.500000000000000000e+01 -2.548154503899509593e-01 7.060255503736590832e+00
6.600000000000000000e+01 -9.722535293833958064e-03 1.387427525735254186e+01
6.600000000000000000e+01 -1.646541833411019340e-02 4.940715198441851896e+01
6.600000000000000000e+01 -1.455353909149383757e-02 7.474373269764913630e+01
6.600000000000000000e+01 -6.067102971763329439e-02 2.643408996888336304e+01
6.600000000000000000e+01 -2.563977096507232822e-01 7.179840278678872423e+00
6.700000000000000000e+01 -9.369297925476730363e-03 1.358300960562972826e+01
6.700000000000000000e+01 -1.680379288658256920e-02 4.919614275126112801e+01
6.700000000000000000e+01 -1.475506015194525886e-02 7.441973758990182830e+01
6.700000000000000000e+01 -6.166010620656642294e-02 2.630268602138249534e+01
6.700000000000000000e+01 -2.580909075286081933e-01 7.303815588687863958e+00
6.800000000000000000e+01 -8.909328599867335705e-03 1.330265587645715186e+01
6.800000000000000000e+01 -1.713831331943605624e-02 4.898593644352671816e+01
6.800000000000000000e+01 -1.495804568172791685e-02 7.409933241861443776e+01
6.800000000000000000e+01 -6.263744962792577864e-02 2.616960217924650323e+01
6.800000000000000000e+01 -2.599378195350398602e-01 7.432663311112149174e+00
