1.000000000000000000e+01 -4.417121178827641825e-02 4.711390522841679918e+00
1.000000000000000000e+01 -6.854157459623101342e-03 3.097655946073907174e+01
1.000000000000000000e+01 -3.860916929661556331e-03 4.349421944670439188e+01
1.000000000000000000e+01 -1.000000000000000000e+00 6.365577004268450523e+00
1.000000000000000000e+01 -3.728180262617656997e-03 8.766692788375415546e+01
1.000000000000000000e+01 -1.084415516094878813e-05 1.122315871816068409e+02
1.100000000000000000e+01 -4.916559100755375084e-02 4.711212597265460822e+00
1.100000000000000000e+01 -7.519294940581876426e-03 3.098474112126925561e+01
1.100000000000000000e+01 -4.227843106059950978e-03 4.348592516500961125e+01
1.100000000000000000e+01 -1.000000000000000000e+00 6.992510238504229036e+00
1.100000000000000000e+01 -3.721804779439462189e-03 8.781492952160127174e+01
1.100000000000000000e+01 -9.913416101937641428e-06 1.125454017851650121e+02
1.200000000000000000e+01 -5.420675733179030481e-02 4.710656522058795481e+00
1.200000000000000000e+01 -8.216218324124764313e-03 3.099099945596430672e+01
1.200000000000000000e+01 -4.605268209859596749e-03 4.347049909861154049e+01
1.200000000000000000e+01 -1.000000000000000000e+00 7.617848852881595079e+00
1.200000000000000000e+01 -3.749503464433323347e-03 8.792855092359965852e+01
1.200000000000000000e+01 -9.126319224934042332e-06 1.127862043337689215e+02
1.300000000000000000e+01 -5.929214498369858588e-02 4.709751026567232657e+00
1.300000000000000000e+01 -8.941239081983329978e-03 3.099576085045162799e+01
1.300000000000000000e+01 -4.992274464775973454e-03 4.344918737130542041e+01
1.300000000000000000e+01 -3.804025925703110895e-03 8.801769615207403774e+01
1.300000000000000000e+01 -8.452714912695115333e-06 1.129748912498153857e+02
1.400000000000000000e+01 -6.442138018506846087e-02 4.708521361150679319e+00
1.400000000000000000e+01 -9.691754300722372692e-03 3.099931441357390938e+01
1.400000000000000000e+01 -5.388049940239629000e-03 4.342279683674097868e+01
1.400000000000000000e+01 -3.880101084410961243e-03 8.808894340184156135e+01
1.400000000000000000e+01 -7.870157906036171728e-06 1.131254182410198297e+02
1.500000000000000000e+01 -6.959566922032653369e-02 4.706988767999208179e+00
1.500000000000000000e+01 -1.046630281754982322e-02 3.100186362724524614e+01
1.500000000000000000e+01 -5.791832721460431557e-03 4.339186675288176076e+01
1.500000000000000000e+01 -3.973822522152514920e-03 8.814679640616957101e+01
1.500000000000000000e+01 -7.361649541900258793e-06 1.132473824585983380e+02
1.600000000000000000e+01 -7.481735077485325569e-02 4.705170618012744832e+00
1.600000000000000000e+01 -1.126449214752329314e-02 3.100354709393461405e+01
1.600000000000000000e+01 -6.202916623794725234e-03 4.335676852896715161e+01
1.600000000000000000e+01 -4.082240725072333772e-03 8.819442020894400969e+01
1.600000000000000000e+01 -6.914110470928964408e-06 1.133475537288895651e+02
1.700000000000000000e+01 -8.008958295515768155e-02 4.703080727966240104e+00
1.700000000000000000e+01 -1.208665816819456430e-02 3.100444629363886406e+01
1.700000000000000000e+01 -6.620696040279985643e-03 4.331776508730042963e+01
1.700000000000000000e+01 -4.203089066468014383e-03 8.823409014357407898e+01
1.700000000000000000e+01 -6.517330045111703196e-06 1.134308150711626837e+02
1.800000000000000000e+01 -8.541612970005167671e-02 4.700729783285215291e+00
1.800000000000000000e+01 -1.293333593565618687e-02 3.100459356034029668e+01
1.800000000000000000e+01 -7.044723930877553990e-03 4.327504602300982128e+01
1.800000000000000000e+01 -4.334596697609565188e-03 8.826747481911169757e+01
1.800000000000000000e+01 -6.163230987760851990e-06 1.135007585071369931e+02
1.900000000000000000e+01 -9.080121802966563405e-02 4.698125798730559133e+00
1.900000000000000000e+01 -1.380477892037325176e-02 3.100398592988366886e+01
1.900000000000000000e+01 -7.474751757119322930e-03 4.322874757235256737e+01
1.900000000000000000e+01 -4.475358638513674686e-03 8.829581961842087878e+01
1.900000000000000000e+01 -5.845346186134389615e-06 1.135600729572011716e+02
2.000000000000000000e+01 -9.624944621911468712e-02 4.695274504587220399e+00
2.000000000000000000e+01 -1.470073162819583029e-02 3.100260257782100481e+01
2.000000000000000000e+01 -7.910720565883700567e-03 4.317896320586795866e+01
2.000000000000000000e+01 -4.624244100557801246e-03 8.832006870823120437e+01
2.000000000000000000e+01 -5.558440608442611068e-06 1.136108029886036803e+02
2.100000000000000000e+01 -1.017657276689808848e-01 4.692179657862352471e+00
2.100000000000000000e+01 -1.562048937737848392e-02 3.100042012333848973e+01
2.100000000000000000e+01 -8.352684582693998064e-03 4.312574932635492786e+01
2.100000000000000000e+01 -4.780330775510632443e-03 8.834094799777922447e+01
2.100000000000000000e+01 -5.298233686702701028e-06 1.136545252130556776e+02
2.200000000000000000e+01 -1.073552586066020692e-01 4.688843343688839482e+00
2.200000000000000000e+01 -1.656313238855681297e-02 3.099742181107079730e+01
2.200000000000000000e+01 -8.800673249054547995e-03 4.306912974825739582e+01
2.200000000000000000e+01 -4.942857037262886506e-03 8.835902268682646366e+01
2.200000000000000000e+01 -5.061193110067355767e-06 1.136924709220874377e+02
2.300000000000000000e+01 -1.130235040730626500e-01 4.685266180363529820e+00
2.300000000000000000e+01 -1.752778900905258008e-02 3.099360023834684696e+01
2.300000000000000000e+01 -9.254526137082660225e-03 4.300910153278699966e+01
2.300000000000000000e+01 -5.111186687901873686e-03 8.837473790770573601e+01
2.300000000000000000e+01 -4.844379258579264320e-06 1.137256128667748243e+02
2.400000000000000000e+01 -1.187761958603531925e-01 4.681447507738344171e+00
2.400000000000000000e+01 -1.851383407504648276e-02 3.098895563974887679e+01
2.400000000000000000e+01 -9.713752562094772613e-03 4.294564312839818854e+01
2.400000000000000000e+01 -5.284782613019774720e-03 8.838844790447710409e+01
2.400000000000000000e+01 -4.645326734648659536e-06 1.137547276639577802e+02
2.500000000000000000e+01 -1.246193397858391255e-01 4.677385526328887266e+00
2.500000000000000000e+01 -1.952099439117315968e-02 3.098349221699595901e+01
2.500000000000000000e+01 -1.017746235650336672e-02 4.287872404400089721e+01
2.500000000000000000e+01 -5.463186851719401688e-03 8.840043729066324829e+01
2.500000000000000000e+01 -4.461952985482437604e-06 1.137804413361314175e+02
2.600000000000000000e+01 -1.305592305003382692e-01 4.673077383785170902e+00
2.600000000000000000e+01 -2.054937529162593340e-02 3.097721428836278079e+01
2.600000000000000000e+01 -1.064438758632780396e-02 4.280831417902930980e+01
2.600000000000000000e+01 -5.646005345997229079e-03 8.841093675169186383e+01
2.600000000000000000e+01 -4.292487145558574439e-06 1.138032629911906923e+02
2.700000000000000000e+01 -1.366024700000752490e-01 4.668519303193137127e+00
2.700000000000000000e+01 -2.159943663759499380e-02 3.097012317803112325e+01
2.700000000000000000e+01 -1.111298153336383841e-02 4.273439088210137982e+01
2.700000000000000000e+01 -5.832896148084220841e-03 8.842013478590284592e+01
2.700000000000000000e+01 -4.135414172327986818e-06 1.138236100465960021e+02
2.800000000000000000e+01 -1.427559930306143698e-01 4.663706603276557949e+00
2.800000000000000000e+01 -2.267194463990492015e-02 3.096221508058131278e+01
2.800000000000000000e+01 -1.158155803178230470e-02 4.265694263742409476e+01
2.800000000000000000e+01 -6.023560217642390940e-03 8.842818658579746227e+01
2.800000000000000000e+01 -3.989430434122387310e-06 1.138418273298881331e+02
2.900000000000000000e+01 -1.490270962078187045e-01 4.658633723027080897e+00
2.900000000000000000e+01 -2.376791794381674996e-02 3.095347981430742479e+01
2.900000000000000000e+01 -1.204842955263585313e-02 4.257596939737508279e+01
2.900000000000000000e+01 -6.217734182292487463e-03 8.843522082846951093e+01
2.900000000000000000e+01 -3.853408227694145737e-06 1.138582016985227767e+02
3.000000000000000000e+01 -1.554234677502748241e-01 4.653294331991635779e+00
3.000000000000000000e+01 -2.488857853783427165e-02 3.094390023371714449e+01
3.000000000000000000e+01 -1.251201311121172971e-02 4.249148042605216347e+01
3.000000000000000000e+01 -6.415184606509254268e-03 8.844134492058232411e+01
3.000000000000000000e+01 -3.726367172604689986e-06 1.138729733438047163e+02
3.100000000000000000e+01 -1.619532277519058205e-01 4.647681216794545378e+00
3.100000000000000000e+01 -2.603531225638622965e-02 3.093345204552477412e+01
3.100000000000000000e+01 -1.297088993989385132e-02 4.240349084688158143e+01
3.100000000000000000e+01 -6.615703435409247407e-03 8.844664907771145579e+01
3.100000000000000000e+01 -3.607451051462973148e-06 1.138863446001758177e+02
3.200000000000000000e+01 -1.686249652457199322e-01 4.641786384394584353e+00
3.200000000000000000e+01 -2.720963996004259478e-02 3.092210386373267994e+01
3.200000000000000000e+01 -1.342381972562087591e-02 4.231201798027264971e+01
3.200000000000000000e+01 -6.819104359426072549e-03 8.845120953630157601e+01
3.200000000000000000e+01 -3.495908767189084431e-06 1.138984868829396078e+02
3.300000000000000000e+01 -1.754477846469268687e-01 4.635600995081705200e+00
3.300000000000000000e+01 -2.841319869896472353e-02 3.090981732417820993e+01
3.300000000000000000e+01 -1.386971912064737834e-02 4.221707821097061242e+01
3.300000000000000000e+01 -7.025219911315872673e-03 8.845509108877777749e+01
3.300000000000000000e+01 -3.391078762072143342e-06 1.139095461823012414e+02
3.400000000000000000e+01 -1.824313551060610938e-01 4.629115345241592294e+00
3.400000000000000000e+01 -2.964773123526098092e-02 3.089654718778817255e+01
3.400000000000000000e+01 -1.430761725514854629e-02 4.211868476034532449e+01
3.400000000000000000e+01 -7.233899144068773636e-03 8.845834910538776796e+01
3.400000000000000000e+01 -3.292376108372069137e-06 1.139196474549736848e+02
3.500000000000000000e+01 -1.895859646339200788e-01 4.622318848798546043e+00
3.500000000000000000e+01 -3.091508219107598140e-02 3.088224136686010013e+01
3.500000000000000000e+01 -1.473660000426713773e-02 4.201684644550631731e+01
3.500000000000000000e+01 -7.445005770183492702e-03 8.846103115284851981e+01
3.500000000000000000e+01 -3.199281777922946878e-06 1.139288981559461149e+02
3.600000000000000000e+01 -1.969225808864425165e-01 4.615199989025343896e+00
3.600000000000000000e+01 -3.221719918613952238e-02 3.086684082430441478e+01
3.600000000000000000e+01 -1.515575193534466659e-02 4.191156733131404621e+01
3.600000000000000000e+01 -7.658416661837683104e-03 8.846317829458457993e+01
3.600000000000000000e+01 -3.111333571514526867e-06 1.139373910977760431e+02
3.700000000000000000e+01 -2.044529185819957406e-01 4.607746258040877230e+00
3.700000000000000000e+01 -3.355613755803816406e-02 3.085027934958525364e+01
3.700000000000000000e+01 -1.556410170105572248e-02 4.180284710195748943e+01
3.700000000000000000e+01 -7.874020627627563440e-03 8.846482614100391118e+01
3.700000000000000000e+01 -3.028118639579102264e-06 1.139452067789000722e+02
3.800000000000000000e+01 -2.121895136195169063e-01 4.599944107567308649e+00
3.800000000000000000e+01 -1.596057395869966006e-02 4.169068196162205453e+01
3.800000000000000000e+01 -3.493406750943673506e-02 3.083248317791280613e+01
3.800000000000000000e+01 -8.091717391547143673e-03 8.846600569766529532e+01
3.800000000000000000e+01 -2.949267015204703474e-06 1.139524152923339955e+02
3.900000000000000000e+01 -2.201458061739173799e-01 4.591778874707326707e+00
3.900000000000000000e+01 -1.634394895997227926e-02 4.157506589992693335e+01
3.900000000000000000e+01 -3.635328275069339005e-02 3.081337046833132476e+01
3.900000000000000000e+01 -8.311416709874305461e-03 8.846674405559832621e+01
3.900000000000000000e+01 -2.874446262099984464e-06 1.139590778988012545e+02
4.000000000000000000e+01 -2.283362340907597321e-01 4.583234682851292874e+00
4.000000000000000000e+01 -1.671282974572286043e-02 4.145599219175204553e+01
4.000000000000000000e+01 -3.781620987836486342e-02 3.079285061378460142e+01
4.000000000000000000e+01 -8.533037572550191546e-03 8.846706494733919612e+01
4.000000000000000000e+01 -2.803356839038649636e-06 1.139652483271115813e+02
4.100000000000000000e+01 -2.367763359047836413e-01 4.574294363643314654e+00
4.100000000000000000e+01 -1.706561625621140846e-02 4.133345504340682197e+01
4.100000000000000000e+01 -3.932541777699077867e-02 3.077082339381344411e+01
4.100000000000000000e+01 -8.756507443175709851e-03 8.846698920482799622e+01
4.100000000000000000e+01 -2.735728074290677039e-06 1.139709738591255643e+02
4.200000000000000000e+01 -2.454828658979028300e-01 4.564939371560913450e+00
4.200000000000000000e+01 -1.740048544528660646e-02 4.120745133008888672e+01
4.200000000000000000e+01 -4.088362643499815485e-02 3.074717795671564957e+01
4.200000000000000000e+01 -8.981761505370774307e-03 8.846653513120996593e+01
4.200000000000000000e+01 -2.671314901870473208e-06 1.139762962357808931e+02
4.300000000000000000e+01 -2.544739289947952621e-01 4.555149583263740531e+00
4.300000000000000000e+01 -1.771537655480011700e-02 4.107798239862880507e+01
4.300000000000000000e+01 -4.249371451569766700e-02 3.072179162180672662e+01
4.300000000000000000e+01 -9.208741895540592526e-03 8.846571880967609047e+01
4.300000000000000000e+01 -2.609894638210199295e-06 1.139812524167545149e+02
4.400000000000000000e+01 -2.637691232399259067e-01 4.544903256403086900e+00
4.400000000000000000e+01 -1.800798092273350401e-02 4.094505593009042599e+01
4.400000000000000000e+01 -4.415872490905747849e-02 3.069452849912272185e+01
4.400000000000000000e+01 -9.437396912389846640e-03 8.846455436121749472e+01
4.400000000000000000e+01 -2.551264953530257723e-06 1.139858752248755280e+02
4.500000000000000000e+01 -2.733897109808869907e-01 4.534176791192542133e+00
4.500000000000000000e+01 -1.827573601206234494e-02 4.080868786753438826e+01
4.500000000000000000e+01 -4.588186747007672039e-02 3.066523790077487277e+01
4.500000000000000000e+01 -9.667680209241495334e-03 8.846305416536281996e+01
4.500000000000000000e+01 -2.495241125542233911e-06 1.139901938863551294e+02
4.600000000000000000e+01 -2.833588055552636598e-01 4.522944600219982902e+00
4.600000000000000000e+01 -1.851582372736132465e-02 4.066890442572319841e+01
4.600000000000000000e+01 -4.766651782969361789e-02 3.063375255000300612e+01
4.600000000000000000e+01 -9.899549982746893087e-03 8.846122905224902411e+01
4.600000000000000000e+01 -2.441654487000785650e-06 1.139942344957887741e+02
4.700000000000000000e+01 -2.937015874052617548e-01 4.511178890573342315e+00
4.700000000000000000e+01 -1.872517346488341769e-02 4.052574419733677047e+01
4.700000000000000000e+01 -4.951621104677765561e-02 3.059988657015204083e+01
4.700000000000000000e+01 -1.013296818026473284e-02 8.845908847269799935e+01
4.700000000000000000e+01 -2.390350537142290156e-06 1.139980204093013754e+02
4.800000000000000000e+01 -3.044455507137355244e-01 4.498849418629536245e+00
4.800000000000000000e+01 -1.890047077268961276e-02 4.037926037142810287e+01
4.800000000000000000e+01 -5.143462854362118586e-02 3.056343324323317390e+01
4.800000000000000000e+01 -1.036789975219771197e-02 8.845664065477788540e+01
4.800000000000000000e+01 -2.341187636462081212e-06 1.140015725820612431e+02
4.900000000000000000e+01 -1.903817289888763004e-02 4.022952306899068020e+01
4.900000000000000000e+01 -3.156207824845281840e-01 4.485923260973821769e+00
4.900000000000000000e+01 -5.342557641126954859e-02 3.052416254604115764e+01
4.900000000000000000e+01 -1.060431197481921835e-02 8.845389274551318692e+01
4.900000000000000000e+01 -2.294035620754512822e-06 1.140049098589980474e+02
5.000000000000000000e+01 -1.913453292472616293e-02 4.007662179190807450e+01
5.000000000000000000e+01 -3.272602888755557493e-01 4.472364463350902319e+00
5.000000000000000000e+01 -5.549295289282796945e-02 3.048181846672452266e+01
5.000000000000000000e+01 -1.084217386625216384e-02 8.845085094573559559e+01
5.000000000000000000e+01 -2.248774588825468871e-06 1.140080492227892393e+02
5.100000000000000000e+01 -1.918563456999960656e-02 3.992066796039898691e+01
5.100000000000000000e+01 -3.394003638352292018e-01 4.458133751321511795e+00
5.100000000000000000e+01 -5.764070235515657281e-02 3.043611613179568920e+01
5.100000000000000000e+01 -1.108145571101670779e-02 8.844752063352922278e+01
5.100000000000000000e+01 -2.205294175709827189e-06 1.140110060130253942e+02
5.200000000000000000e+01 -1.918744007214265648e-02 3.976179749249426010e+01
5.200000000000000000e+01 -3.520810229728001395e-01 4.443188086475138299e+00
5.200000000000000000e+01 -5.987275289578915249e-02 3.038673877790313327e+01
5.200000000000000000e+01 -1.132212870312024680e-02 8.844390647754649137e+01
5.200000000000000000e+01 -2.163492210970202154e-06 1.140137941111619995e+02
5.300000000000000000e+01 -1.913585376739464217e-02 3.960017334931149691e+01
5.300000000000000000e+01 -3.653464995345049871e-01 4.427480263425048079e+00
5.300000000000000000e+01 -6.219293427057964729e-02 3.033333464303699856e+01
5.300000000000000000e+01 -1.156416470438251243e-02 8.844001254487996277e+01
5.300000000000000000e+01 -2.123274443249084230e-06 1.140164261049981604e+02
5.400000000000000000e+01 -1.902680399711986076e-02 3.943598792732588976e+01
5.400000000000000000e+01 -3.792458315112133271e-01 4.410958323665056469e+00
5.400000000000000000e+01 -6.460487292017803862e-02 3.027551387180544751e+01
5.400000000000000000e+01 -1.180753611424265916e-02 8.843584239169314287e+01
5.400000000000000000e+01 -2.084553426802862881e-06 1.140189134297539653e+02
5.500000000000000000e+01 -1.885634570114472566e-02 3.926946514586798287e+01
5.500000000000000000e+01 -3.938335396437201430e-01 4.393564993503119354e+00
5.500000000000000000e+01 -6.711186087640791387e-02 3.021284557795541303e+01
5.500000000000000000e+01 -1.205221583374380644e-02 8.843139914952158165e+01
5.500000000000000000e+01 -2.047247939051024424e-06 1.140212664929293283e+02
5.600000000000000000e+01 -1.862078532100307215e-02 3.910086202154302981e+01
5.600000000000000000e+01 -4.091704299152828517e-01 4.375236958560658529e+00
5.600000000000000000e+01 -6.971669600411777024e-02 3.014485523618398233e+01
5.600000000000000000e+01 -1.229817730796834742e-02 8.842668559614061508e+01
5.600000000000000000e+01 -2.011282895622030094e-06 1.140234947828654555e+02
5.700000000000000000e+01 -1.831682836773172729e-02 3.893046948361787685e+01
5.700000000000000000e+01 -4.253245435213537928e-01 4.355903995345489221e+00
5.700000000000000000e+01 -7.242149206764197933e-02 3.007102262405013349e+01
5.700000000000000000e+01 -1.254539462713372307e-02 8.842170421586018847e+01
5.700000000000000000e+01 -1.976588017110192527e-06 1.140256069639814456e+02
5.800000000000000000e+01 -1.794174805884705612e-02 3.875861215541456772e+01
5.800000000000000000e+01 -4.423722727025518053e-01 4.335488075563688426e+00
5.800000000000000000e+01 -7.522745875066716437e-02 2.999078056917634072e+01
5.800000000000000000e+01 -1.279384266588054313e-02 8.841645725208111628e+01
5.800000000000000000e+01 -1.943098065012261382e-06 1.140276109628643439e+02
5.900000000000000000e+01 -1.749357072463792254e-02 3.858564680266958646e+01
5.900000000000000000e+01 -4.603997062043196919e-01 4.313902152344843977e+00
5.900000000000000000e+01 -7.813465421622514673e-02 2.990351476762160132e+01
5.900000000000000000e+01 -1.304349724378701600e-02 8.841094674551315791e+01
5.900000000000000000e+01 -1.910752370548593807e-06 1.140295140407961298e+02
6.000000000000000000e+01 -1.697127044591241127e-02 3.841195918584627123e+01
6.000000000000000000e+01 -4.795042394565941501e-01 4.291048771079709390e+00
6.000000000000000000e+01 -8.114171555401218650e-02 2.980856491898292404e+01
6.000000000000000000e+01 -1.329433529070998127e-02 8.840517456575837230e+01
6.000000000000000000e+01 -1.879493880414486040e-06 1.140313228590372745e+02
6.100000000000000000e+01 -1.637496168446119296e-02 3.823795912024354493e+01
6.100000000000000000e+01 -4.997965058386129034e-01 4.266818524094761145e+00
6.100000000000000000e+01 -8.424557545658988011e-02 2.970522740953475704e+01
6.100000000000000000e+01 -1.354633500458351028e-02 8.839914243544285455e+01
6.100000000000000000e+01 -1.849269511565062735e-06 1.140330435393275366e+02
6.200000000000000000e+01 -1.570607533478501558e-02 3.806407367425268262e+01
6.200000000000000000e+01 -5.214027393406568400e-01 4.241088028080500116e+00
6.200000000000000000e+01 -8.744117646737277483e-02 2.959275961428075874e+01
6.200000000000000000e+01 -1.379947599342267080e-02 8.839285194777542642e+01
6.200000000000000000e+01 -1.820029610311923470e-06 1.140346817145266414e+02
6.300000000000000000e+01 -1.496750111809914269e-02 3.789073862230664247e+01
6.300000000000000000e+01 -5.444676518234011775e-01 4.213717598114250507e+00
6.300000000000000000e+01 -9.072119533239951517e-02 2.947038579444413031e+01
6.300000000000000000e+01 -1.405373939482410135e-02 8.838630457665570361e+01
6.300000000000000000e+01 -1.791727599906435146e-06 1.140362425744280017e+02
6.400000000000000000e+01 -1.416367864730047089e-02 3.771838849906656321e+01
6.400000000000000000e+01 -5.691579832644922954e-01 4.184548365516870483e+00
6.400000000000000000e+01 -9.407578979486687365e-02 2.933730435971455819e+01
6.400000000000000000e+01 -1.430910796957511437e-02 8.837950168513073379e+01
6.400000000000000000e+01 -1.764319677680353491e-06 1.140377309069097578e+02
6.500000000000000000e+01 -1.330062145084038618e-02 3.754744582714634049e+01
6.500000000000000000e+01 -5.956669005886489066e-01 4.153398826814353129e+00
6.500000000000000000e+01 -9.749237661452979375e-02 2.919269608361385338e+01
6.500000000000000000e+01 -1.456556616844544016e-02 8.837244452854847054e+01
6.500000000000000000e+01 -1.737764873813606763e-06 1.140391511355153682e+02
6.600000000000000000e+01 -1.238586310449043583e-02 3.737831029535554705e+01
6.600000000000000000e+01 -6.242195185650012412e-01 4.120060496107766035e+00
6.600000000000000000e+01 -1.009554432877900060e-01 2.903573270632278636e+01
6.600000000000000000e+01 -1.482310017377216384e-02 8.836513425707762792e+01
6.600000000000000000e+01 -1.712024703518711979e-06 1.140405073511625886e+02
6.700000000000000000e+01 -1.142832203456848293e-02 3.721134876642285150e+01
6.700000000000000000e+01 -6.550798633232780555e-01 4.084292626522930014e+00
6.700000000000000000e+01 -1.044463861705009350e-01 2.886558531395809624e+01
6.700000000000000000e+01 -1.508169791559770337e-02 8.835757191455040527e+01
6.700000000000000000e+01 -1.687062774118211890e-06 1.140418033423379143e+02
6.800000000000000000e+01 -1.043809049785829161e-02 3.704688698120336454e+01
6.800000000000000000e+01 -6.885597718304449222e-01 4.045815549907522346e+00
6.800000000000000000e+01 -1.079433567916583403e-01 2.868143191302791450e+01
6.800000000000000000e+01 -1.534134906765103647e-02 8.834975843910090987e+01
6.800000000000000000e+01 -1.662844984372886039e-06 1.140430426219159159e+02
6.900000000000000000e+01 -9.426161978820096765e-03 3.688520366812557683e+01
6.900000000000000000e+01 -7.250303863688999373e-01 4.004302278002869642e+00
6.900000000000000000e+01 -1.114210862207277164e-01 2.848246385781374457e+01
6.900000000000000000e+01 -1.560204502380040277e-02 8.834169465936854237e+01
6.900000000000000000e+01 -1.639339071964044281e-06 1.140442284496368899e+02
7.000000000000000000e+01 -8.404118048094365648e-03 3.672652749136313588e+01
7.000000000000000000e+01 -7.649371763242727162e-01 3.959367873948626215e+00
7.000000000000000000e+01 -1.148506475266639765e-01 2.826789110860678633e+01
7.000000000000000000e+01 -1.586377886017741393e-02 8.833338129381509418e+01
7.000000000000000000e+01 -1.616514766261411405e-06 1.140453638544081514e+02
7.100000000000000000e+01 -7.383799221703283254e-03 3.657103694431611984e+01
7.100000000000000000e+01 -8.088198561416459764e-01 3.910555795498305010e+00
7.100000000000000000e+01 -1.181991094038106066e-01 2.803694676880912695e+01
7.100000000000000000e+01 -1.612654528517201008e-02 8.832481894900274710e+01
7.100000000000000000e+01 -1.594343444101023681e-06 1.140464516544039952e+02
7.200000000000000000e+01 -6.376984033611478656e-03 3.641886294843727256e+01
7.200000000000000000e+01 -8.573392173074280143e-01 3.857320137122674630e+00
7.200000000000000000e+01 -1.572797870667638467e-06 1.140474944730371192e+02
7.200000000000000000e+01 -1.639034057936715125e-02 8.831600811689550312e+01
7.200000000000000000e+01 -1.214290312275721068e-01 2.778889182654228662e+01
7.300000000000000000e+01 -5.395096745588762871e-03 3.627009365736343227e+01
7.300000000000000000e+01 -9.113138995845024848e-01 3.799002380699335824e+00
7.300000000000000000e+01 -1.551852580536332849e-06 1.140484947555567601e+02
7.300000000000000000e+01 -1.665516253147933390e-02 8.830694917422732715e+01
7.300000000000000000e+01 -1.244977508130748894e-01 2.752302160052433422e+01
7.400000000000000000e+01 -4.448958122608661324e-03 3.612478079193668634e+01
7.400000000000000000e+01 -1.531483262595555774e-06 1.140494547832822576e+02
7.400000000000000000e+01 -1.692101036719544094e-02 8.829764238141163446e+01
7.400000000000000000e+01 -9.717718293772311666e-01 3.734800481702040376e+00
7.400000000000000000e+01 -1.273564221946092978e-01 2.723867590124088167e+01
7.500000000000000000e+01 -3.548586903446175785e-03 3.598294679082437142e+01
7.500000000000000000e+01 -1.000000000000000000e+00 2.763475773844340289e+00
7.500000000000000000e+01 -1.511667195481447147e-06 1.140503766864806465e+02
7.500000000000000000e+01 -1.718788467890587299e-02 8.828808788071170000e+01
7.500000000000000000e+01 -1.299487723663268757e-01 2.693525546594594289e+01
7.500000000000000000e+01 -1.000000000000000000e+00 4.857251689698903974e+00
7.600000000000000000e+01 -2.703053279094546485e-03 3.584459210182298960e+01
7.600000000000000000e+01 -1.000000000000000000e+00 2.216537331694021784e+00
7.600000000000000000e+01 -1.492382324906158322e-06 1.140512624572189679e+02
7.600000000000000000e+01 -1.745578735250985156e-02 8.827828569756414367e+01
7.600000000000000000e+01 -1.322095661550674317e-01 2.661224779754432035e+01
7.600000000000000000e+01 -1.000000000000000000e+00 5.796889781048593981e+00
7.700000000000000000e+01 -1.920380923829159616e-03 3.570970205689862809e+01
7.700000000000000000e+01 -1.000000000000000000e+00 1.855806946452010164e+00
7.700000000000000000e+01 -1.473608340677871930e-06 1.140521139581088903e+02
7.700000000000000000e+01 -1.772472149722009380e-02 8.826823574010334994e+01
7.700000000000000000e+01 -1.340628042892924865e-01 2.626926602174488679e+01
7.700000000000000000e+01 -1.000000000000000000e+00 6.584797121998701819e+00
7.800000000000000000e+01 -1.207491033057270452e-03 3.557825293181144843e+01
7.800000000000000000e+01 -1.000000000000000000e+00 1.571656047535358924e+00
7.800000000000000000e+01 -1.455325566796019811e-06 1.140529329337780098e+02
7.800000000000000000e+01 -1.799469137582410116e-02 8.825793779855884225e+01
7.800000000000000000e+01 -1.354197405748833738e-01 2.590610482583357310e+01
7.800000000000000000e+01 -1.000000000000000000e+00 7.334823521895212473e+00
7.900000000000000000e+01 -5.701805259492109335e-04 3.545021692939209856e+01
7.900000000000000000e+01 -1.000000000000000000e+00 1.331204582136781722e+00
7.900000000000000000e+01 -1.437515619274357162e-06 1.140537210187426922e+02
7.900000000000000000e+01 -1.826570233874038121e-02 8.824739154668192498e+01
7.900000000000000000e+01 -1.361769061019761085e-01 2.552281745131331903e+01
8.000000000000000000e+01 -1.312671170766909784e-05 3.532556598162290129e+01
8.000000000000000000e+01 -1.000000000000000000e+00 1.119396935992208908e+00
8.000000000000000000e+01 -1.420160690267371344e-06 1.140544797474735645e+02
8.000000000000000000e+01 -1.853776076003803633e-02 8.823659654324974611e+01
8.000000000000000000e+01 -1.362144866132792287e-01 2.511981665287291321e+01
8.100000000000000000e+01 4.600883852855228769e-04 3.520427435754098866e+01
8.100000000000000000e+01 -1.000000000000000000e+00 9.278885121159874405e-01
8.100000000000000000e+01 -1.403244177668294830e-06 1.140552105585361176e+02
8.100000000000000000e+01 -1.353956244674664466e-01 2.469799946731231088e+01
8.100000000000000000e+01 -1.881087397888567964e-02 8.822555223142046543e+01
8.200000000000000000e+01 8.469393678993828367e-04 3.508632015210677224e+01
8.200000000000000000e+01 -1.000000000000000000e+00 7.514963836435862854e-01
8.200000000000000000e+01 -1.386750267291245412e-06 1.140559148045534386e+02
8.200000000000000000e+01 -1.335674898685876855e-01 2.425888928042014214e+01
8.200000000000000000e+01 -1.908505024298396205e-02 8.821425794127436859e+01
8.300000000000000000e+01 1.145908241412993498e-03 3.497168578921426274e+01
8.300000000000000000e+01 -1.000000000000000000e+00 5.867431035154870855e-01
8.300000000000000000e+01 -1.370663680416983760e-06 1.140565937575443201e+02
8.300000000000000000e+01 -1.305652125503573291e-01 2.380477778506524444e+01
8.300000000000000000e+01 -1.936029865752610449e-02 8.820271289048272934e+01
8.400000000000000000e+01 1.356427084331872542e-03 3.486035769590400690e+01
8.400000000000000000e+01 -1.000000000000000000e+00 4.311595345941104940e-01
8.400000000000000000e+01 -1.354970092384013483e-06 1.140572486125242477e+02
8.400000000000000000e+01 -1.262198017221145552e-01 2.333883438796249621e+01
8.400000000000000000e+01 -1.963662913720205447e-02 8.819091618555096090e+01
8.500000000000000000e+01 1.478814042970545044e-03 3.475232532451709488e+01
8.500000000000000000e+01 -1.000000000000000000e+00 2.829136243638032955e-01
8.500000000000000000e+01 -1.203707269746704112e-01 2.286513541082186762e+01
8.500000000000000000e+01 -1.339655740191125598e-06 1.140578804968160256e+02
8.500000000000000000e+01 -1.991405236275477567e-02 8.817886682326552261e+01
8.600000000000000000e+01 -1.000000000000000000e+00 1.405963389264835717e-01
8.600000000000000000e+01 1.514203271065570804e-03 3.464757971392423741e+01
8.600000000000000000e+01 -1.128826231832232851e-01 2.238855947347951059e+01
8.600000000000000000e+01 -1.324707572688414529e-06 1.140584904715099981e+02
8.600000000000000000e+01 -2.019257974037912823e-02 8.816656369200035215e+01
8.700000000000000000e+01 -1.000000000000000000e+00 3.090544514256486977e-03
8.700000000000000000e+01 1.464469326419556242e-03 3.454611175734771678e+01
8.700000000000000000e+01 -1.036636650019499284e-01 2.191451249689390934e+01
8.700000000000000000e+01 -1.310113153482581483e-06 1.140590795377282092e+02
8.700000000000000000e+01 -2.047222336595274847e-02 8.815400557231286882e+01
8.800000000000000000e+01 1.000000000000000000e+00 1.305134532749487319e-01
8.800000000000000000e+01 1.332146371504393419e-03 3.444791035267324020e+01
8.800000000000000000e+01 -9.268126191690938265e-02 2.144849293180370964e+01
8.800000000000000000e+01 -1.295860617738749446e-06 1.140596486392346662e+02
8.800000000000000000e+01 -2.075299599198866807e-02 8.814119113923260329e+01
8.900000000000000000e+01 1.000000000000000000e+00 2.609745983671530323e-01
8.900000000000000000e+01 1.120342880658336702e-03 3.435296057613751941e+01
8.900000000000000000e+01 -7.997015466358484148e-02 2.099557315367468391e+01
8.900000000000000000e+01 -1.281938602735398254e-06 1.140601986675415844e+02
8.900000000000000000e+01 -2.103491099800162620e-02 8.812811896186273941e+01
9.000000000000000000e+01 1.000000000000000000e+00 3.889405306437099252e-01
9.000000000000000000e+01 8.326527997415067656e-04 3.426124201836474725e+01
9.000000000000000000e+01 -6.562975213843449951e-02 2.055992110257121297e+01
9.000000000000000000e+01 -1.268336250118816689e-06 1.140607304651772296e+02
9.000000000000000000e+01 -2.131798236355376269e-02 8.811478750611981070e+01
9.100000000000000000e+01 1.000000000000000000e+00 5.149759446241436445e-01
9.100000000000000000e+01 4.730646538180530115e-04 3.417272737107163749e+01
9.100000000000000000e+01 -4.981115734459689443e-02 2.014448207805763502e+01
9.100000000000000000e+01 -1.255043255325592208e-06 1.140612448284950347e+02
9.100000000000000000e+01 -2.160222464488818772e-02 8.810119513371395783e+01
9.200000000000000000e+01 1.000000000000000000e+00 6.395836330871981223e-01
9.200000000000000000e+01 4.587032583644813416e-05 3.408738134231437300e+01
9.200000000000000000e+01 -3.269781631932702076e-02 1.975088105026794238e+01
9.200000000000000000e+01 -1.242049810571538850e-06 1.140617425102744988e+02
9.200000000000000000e+01 -2.188765295325587404e-02 8.808734010353484223e+01
9.300000000000000000e+01 1.000000000000000000e+00 7.632205571283590118e-01
9.300000000000000000e+01 -4.444244947275422029e-04 3.400515994400709729e+01
9.300000000000000000e+01 -1.448514159407741919e-02 1.937952710932138700e+01
9.300000000000000000e+01 -1.229346322508036735e-06 1.140622242244010636e+02
9.300000000000000000e+01 -2.217428293579378970e-02 8.807322057326534548e+01
9.400000000000000000e+01 1.000000000000000000e+00 8.863105681429607197e-01
9.400000000000000000e+01 4.636540248274514421e-03 1.902984756996720250e+01
9.400000000000000000e+01 -9.931860884756591595e-04 3.392601015432601486e+01
9.400000000000000000e+01 -1.216923966511915222e-06 1.140626906454158274e+02
9.400000000000000000e+01 -2.246213075995499506e-02 8.805883459746264919e+01
9.500000000000000000e+01 1.000000000000000000e+00 1.009254794176081216e+00
9.500000000000000000e+01 2.449362433152210000e-02 1.870056809829653233e+01
9.500000000000000000e+01 -1.595732830864981079e-03 3.384986995843261326e+01
9.500000000000000000e+01 -1.204773925242214211e-06 1.140631424139990600e+02
9.500000000000000000e+01 -2.275121309659767707e-02 8.804418013080679373e+01
9.600000000000000000e+01 1.000000000000000000e+00 1.132440479850614468e+00
9.600000000000000000e+01 4.493543373639979910e-02 1.838997540281168952e+01
9.600000000000000000e+01 -2.247407840879534716e-03 3.377666871184199948e+01
9.600000000000000000e+01 -1.192888020481513667e-06 1.140635801366362614e+02
9.600000000000000000e+01 -2.304154710886837862e-02 8.802925502550030501e+01
9.700000000000000000e+01 1.000000000000000000e+00 1.256248830697437757e+00
9.700000000000000000e+01 6.583616654346363672e-02 1.809612927091797019e+01
9.700000000000000000e+01 -2.943642974544998740e-03 3.370632779473000085e+01
9.700000000000000000e+01 -1.181258248353460471e-06 1.140640043895355973e+02
9.700000000000000000e+01 -2.333315043956135301e-02 8.801405703229444555e+01
9.800000000000000000e+01 8.709406575319358912e-02 1.781701536060785074e+01
9.800000000000000000e+01 1.000000000000000000e+00 1.381062304876750524e+00
9.800000000000000000e+01 -3.680013180805372184e-03 3.363876148779134212e+01
9.800000000000000000e+01 -1.169877134861666789e-06 1.140644157189592391e+02
9.800000000000000000e+01 -2.362604120153570172e-02 8.799858380116076262e+01
9.900000000000000000e+01 1.086290949522353833e-01 1.755064456008875950e+01
9.900000000000000000e+01 1.000000000000000000e+00 1.507271725127810713e+00
9.900000000000000000e+01 -4.452280888247894808e-03 3.357387800055305149e+01
9.900000000000000000e+01 -1.158737394206739284e-06 1.140648146435546693e+02
9.900000000000000000e+01 -2.392023796890242748e-02 8.798283287917644202e+01
1.000000000000000000e+02 1.303800279793818073e-01 1.729511032806499671e+01
1.000000000000000000e+02 1.000000000000000000e+00 1.635283550230512084e+00
1.000000000000000000e+02 -5.256430492897421966e-03 3.351158060385419901e+01
1.000000000000000000e+02 -1.147831939005791133e-06 1.140652016575230761e+02
1.000000000000000000e+02 -2.421575976872147526e-02 8.796680171164759088e+01
