0.000000000000000000e+00 6.177221773574703434e+01
3.676893516509579553e-03 6.177725504927720834e+01
1.503315725256687031e-02 6.172996427070700065e+01
3.423668698427823759e-02 6.143638410723962551e+01
6.239223623726799367e-02 6.051830770344123778e+01
9.955966486391332193e-02 5.839788846596584193e+01
1.464187918386264387e-01 5.395489947747890369e+01
2.029204894949998006e-01 4.376210254820594514e+01
2.679248433891399106e-01 2.309931572779367315e+01
3.392528909914138691e-01 8.064179949994007757e+01
4.132342877039645312e-01 7.469287203637685479e+01
4.858848941513120856e-01 6.667668127558960123e+01
5.534060660168332868e-01 5.923528807046120193e+01
6.646471382142608020e-01 4.817168338304964692e+01
7.403112107629716832e-01 4.157802223265574071e+01
7.891592560405467083e-01 3.730075688640926046e+01
