0.000000000000000000e+00 6.177221773574703434e+01
2.598684802978247672e-03 6.177687172004904426e+01
1.071185530878863632e-02 6.175901315688359716e+01
2.431633469046036444e-02 6.162158271720112168e+01
4.454989813763451240e-02 6.116736046738018473e+01
7.139126386615264608e-02 6.010040654727912823e+01
1.058959146650139543e-01 5.792315422546088399e+01
1.484251911390660483e-01 5.368855369123061649e+01
1.994874855251275725e-01 4.441627845023781163e+01
2.587266119677711362e-01 2.674204151606686963e+01
3.250214478937853424e-01 8.159255818636701463e+01
3.957654742049605545e-01 7.624783350200267762e+01
4.677493865784653204e-01 6.858306506593214635e+01
6.000816138509371678e-01 5.420891745438478182e+01
7.016889290272337876e-01 4.460613687093231761e+01
7.692689738712076286e-01 3.864376178631960101e+01
