0.000000000000000000e+00 4.407425653743114680e+00
0.000000000000000000e+00 4.062925294545389221e+01
0.000000000000000000e+00 2.898528149153681355e+01
0.000000000000000000e+00 8.278138664601485175e+01
5.000000000000000000e+00 2.898518998807732316e+01
5.000000000000000000e+00 4.062879237197368809e+01
5.000000000000000000e+00 4.405800722544340076e+00
5.000000000000000000e+00 8.278164948814877278e+01
1.000000000000000000e+01 8.278245138566575179e+01
1.000000000000000000e+01 2.898525146160047328e+01
1.000000000000000000e+01 4.061237689109477600e+01
1.000000000000000000e+01 4.405799364968481235e+00
1.500000000000000000e+01 4.053845324637841685e+01
1.500000000000000000e+01 2.898532660587556009e+01
1.500000000000000000e+01 8.278358773857932817e+01
1.500000000000000000e+01 4.405797617872106109e+00
2.000000000000000000e+01 4.405796254652751820e+00
2.000000000000000000e+01 4.031990475283828346e+01
2.000000000000000000e+01 8.278485536065755923e+01
2.000000000000000000e+01 2.898537397531837101e+01
2.500000000000000000e+01 3.982726569520529125e+01
2.500000000000000000e+01 2.898531659933043869e+01
2.500000000000000000e+01 8.278593843073504388e+01
2.500000000000000000e+01 4.405796696429028714e+00
3.000000000000000000e+01 2.898501192524796721e+01
3.000000000000000000e+01 3.885149684601383058e+01
3.000000000000000000e+01 8.278598690872082955e+01
3.000000000000000000e+01 4.405801072686409192e+00
3.500000000000000000e+01 3.714078205214303097e+01
3.500000000000000000e+01 4.405812488707340435e+00
3.500000000000000000e+01 2.898412988858370554e+01
3.500000000000000000e+01 7.922297834782652615e+01
4.000000000000000000e+01 4.405835360297533754e+00
4.000000000000000000e+01 2.898153207277836785e+01
4.000000000000000000e+01 3.449089500265625219e+01
4.000000000000000000e+01 7.134749525078213139e+01
4.500000000000000000e+01 6.579065997133253063e+01
4.500000000000000000e+01 4.405875393889836289e+00
4.500000000000000000e+01 2.896783636297711695e+01
4.500000000000000000e+01 3.102574215341327246e+01
5.000000000000000000e+01 2.901373135005776760e+01
5.000000000000000000e+01 6.227086508150791389e+01
5.000000000000000000e+01 2.716454381720243560e+01
5.000000000000000000e+01 4.405939546951294083e+00
5.500000000000000000e+01 6.015116795956978279e+01
5.500000000000000000e+01 2.899761826738863491e+01
5.500000000000000000e+01 2.359132156836250971e+01
5.500000000000000000e+01 4.406034798276687425e+00
6.000000000000000000e+01 5.886330834776283893e+01
6.000000000000000000e+01 2.052903176922347939e+01
6.000000000000000000e+01 4.406167710628081657e+00
6.000000000000000000e+01 2.899452688743525997e+01
7.000000000000000000e+01 2.899229470887626547e+01
7.000000000000000000e+01 5.751889881769133694e+01
7.000000000000000000e+01 4.406556866590762844e+00
7.000000000000000000e+01 1.615155154092854062e+01
8.000000000000000000e+01 2.899099042690556871e+01
8.000000000000000000e+01 5.685846413222504481e+01
8.000000000000000000e+01 1.352342645986642999e+01
8.000000000000000000e+01 4.407102879164653153e+00
9.000000000000000000e+01 1.193140795532773168e+01
9.000000000000000000e+01 4.407775119735155123e+00
9.000000000000000000e+01 2.898979706857698702e+01
9.000000000000000000e+01 5.645019635883932807e+01
