0.000000000000000000e+00 4.407425653743114680e+00
0.000000000000000000e+00 4.062925294545389221e+01
0.000000000000000000e+00 2.898528149153681355e+01
0.000000000000000000e+00 8.278138664601485175e+01
5.000000000000000000e+00 2.898519888566839953e+01
5.000000000000000000e+00 4.062779947192770891e+01
5.000000000000000000e+00 4.405800528518992287e+00
5.000000000000000000e+00 8.278176214495961460e+01
1.000000000000000000e+01 8.278283935605414001e+01
1.000000000000000000e+01 2.898527911884841757e+01
1.000000000000000000e+01 4.059520774609640625e+01
1.000000000000000000e+01 4.405798737918830810e+00
1.500000000000000000e+01 4.044772332079978838e+01
1.500000000000000000e+01 2.898535945113907175e+01
1.500000000000000000e+01 8.278427529167633736e+01
1.500000000000000000e+01 4.405796764013547140e+00
2.000000000000000000e+01 4.405796257493783230e+00
2.000000000000000000e+01 4.001901073506474660e+01
2.000000000000000000e+01 8.278568221321977205e+01
2.000000000000000000e+01 2.898535139458295617e+01
2.500000000000000000e+01 3.906199866193452408e+01
2.500000000000000000e+01 2.898508617561632050e+01
2.500000000000000000e+01 8.278630357401091544e+01
2.500000000000000000e+01 4.405799952949285725e+00
3.000000000000000000e+01 2.898417076455672969e+01
3.000000000000000000e+01 3.724065048546547985e+01
3.000000000000000000e+01 7.962933546541229646e+01
3.000000000000000000e+01 4.405811856323050613e+00
3.500000000000000000e+01 3.431306631709905020e+01
3.500000000000000000e+01 4.405837479638846865e+00
3.500000000000000000e+01 2.898116914071182393e+01
3.500000000000000000e+01 7.095546079039402798e+01
4.000000000000000000e+01 4.405883567876993645e+00
4.000000000000000000e+01 2.895988831078644665e+01
4.000000000000000000e+01 3.051540811231728156e+01
4.000000000000000000e+01 6.518225741793801831e+01
4.500000000000000000e+01 6.174900652087797681e+01
4.500000000000000000e+01 4.405957587679107057e+00
4.500000000000000000e+01 2.643934398877212644e+01
4.500000000000000000e+01 2.900753658857145822e+01
5.000000000000000000e+01 2.899703742458849121e+01
5.000000000000000000e+01 5.977749600767443638e+01
5.000000000000000000e+01 2.283869977890061165e+01
5.000000000000000000e+01 4.406065935325755412e+00
5.500000000000000000e+01 5.861337102332993254e+01
5.500000000000000000e+01 2.899453945993024817e+01
5.500000000000000000e+01 1.989072602867108586e+01
5.500000000000000000e+01 4.406213015516368792e+00
6.000000000000000000e+01 5.788874676006280851e+01
6.000000000000000000e+01 1.759525390648830623e+01
6.000000000000000000e+01 4.406399468257262697e+00
6.000000000000000000e+01 2.899337265750714820e+01
7.000000000000000000e+01 2.899202990573770222e+01
7.000000000000000000e+01 5.706427446568712014e+01
7.000000000000000000e+01 4.406880673736297105e+00
7.000000000000000000e+01 1.449508583713638465e+01
8.000000000000000000e+01 2.899088673254287585e+01
8.000000000000000000e+01 5.660719448652697139e+01
8.000000000000000000e+01 1.271996708321997716e+01
8.000000000000000000e+01 4.407421398700544835e+00
9.000000000000000000e+01 1.158429990662087761e+01
9.000000000000000000e+01 4.408051456839134907e+00
9.000000000000000000e+01 2.898996637266262510e+01
9.000000000000000000e+01 5.629273228349394032e+01
