7.161829688635481953e-05 7.155331999999999653e+02
2.865837548979187290e-04 7.155222999999999729e+02
6.452276743835878804e-04 7.154782999999999902e+02
1.148260723985308892e-03 7.153622000000000298e+02
1.796401004166659843e-03 7.151195000000000164e+02
2.590719364199100139e-03 7.146798999999999751e+02
3.532525312605906773e-03 7.139583000000000084e+02
4.623343042948295338e-03 7.128556999999999562e+02
5.864922290973976528e-03 7.112625000000000455e+02
7.259237267947625874e-03 7.090616999999999734e+02
8.808480628303812232e-03 7.061345999999999776e+02
1.051505147762351287e-02 7.023674999999999500e+02
1.238156122176282785e-02 6.976585999999999785e+02
1.441081063811489385e-02 6.919260000000000446e+02
1.660578286465850054e-02 6.851135000000000446e+02
1.896964720452225597e-02 6.771952999999999747e+02
2.150570943603617377e-02 6.681789999999999736e+02
2.421742162119860931e-02 6.581056999999999562e+02
2.710835218670458110e-02 6.470494999999999663e+02
3.018217606916847456e-02 6.351173999999999751e+02
3.344258509470265928e-02 6.224510999999999967e+02
3.689335752295756776e-02 6.092391999999999825e+02
4.063539459943150967e-02 5.954081999999999653e+02
4.449755521179153683e-02 5.821449000000000069e+02
4.856389112002563319e-02 5.704588999999999714e+02
5.283780081232091613e-02 5.628646999999999707e+02
5.732266975592168606e-02 5.594219000000000506e+02
6.202146419661018484e-02 5.577545000000000073e+02
6.693673120745440019e-02 5.566992000000000189e+02
7.207048004637335581e-02 5.558745000000000118e+02
7.746534765222475027e-02 5.551318999999999733e+02
8.304569103260472929e-02 5.544161000000000286e+02
8.884661570662723273e-02 5.536876999999999498e+02
9.486676505518540359e-02 5.529257000000000062e+02
1.011037023144117641e-01 5.521159999999999854e+02
1.075535542949529744e-01 5.512485000000000355e+02
1.142114193495947089e-01 5.503150000000000546e+02
1.210709912416131628e-01 5.493092000000000326e+02
1.281240845384757354e-01 5.482258000000000493e+02
1.353613299425590888e-01 5.470606999999999971e+02
1.427716787492893380e-01 5.458103999999999587e+02
1.503426035500208258e-01 5.444726000000000568e+02
1.580604928131094933e-01 5.430457000000000107e+02
1.659096632125353077e-01 5.415290999999999713e+02
1.738737454145649064e-01 5.399230000000000018e+02
1.819351910951478857e-01 5.382287000000000035e+02
1.900758628616179557e-01 5.364479999999999791e+02
1.982767422167067695e-01 5.345838999999999714e+02
2.065188146848343786e-01 5.326399999999999864e+02
2.147828755683058033e-01 5.306207000000000562e+02
2.230494325207360296e-01 5.285311000000000377e+02
2.312996888311316668e-01 5.263766000000000531e+02
2.395156417035512186e-01 5.241631999999999607e+02
2.476798866727391302e-01 5.218971000000000231e+02
2.557759148804938931e-01 5.195848999999999478e+02
2.637881055197685565e-01 5.172328999999999724e+02
2.717023276995678693e-01 5.148478999999999814e+02
2.795046423353129694e-01 5.124362999999999602e+02
2.869887302065504131e-01 5.100656000000000176e+02
2.947273121829188103e-01 5.075581999999999994e+02
