8.045549820685608811e-05 5.289614000000000260e+02
3.219205197322390247e-04 5.289609000000000378e+02
7.246900468867852009e-04 5.289597999999999729e+02
1.289253364780919417e-03 5.289578999999999951e+02
2.016292855974198897e-03 5.289548999999999523e+02
2.906676477468680877e-03 5.289502999999999702e+02
3.961459522747507248e-03 5.289435999999999467e+02
5.181870498041867175e-03 5.289340999999999440e+02
6.569313075517899461e-03 5.289210000000000491e+02
8.132108529481539214e-03 5.289032999999999447e+02
9.861744540379342380e-03 5.288800999999999704e+02
1.176558329631503287e-02 5.288500999999999976e+02
1.384408303621285051e-02 5.288119000000000369e+02
1.610033052143330923e-02 5.287639000000000351e+02
1.853674671964536044e-02 5.287041000000000395e+02
2.115582028455020164e-02 5.286304000000000087e+02
2.396014728038283262e-02 5.285399999999999636e+02
2.695228217105156629e-02 5.284297000000000253e+02
3.013483715177459749e-02 5.282951000000000477e+02
3.351036321610881968e-02 5.281298000000000457e+02
3.708132972127260729e-02 5.279234999999999900e+02
4.085006574695944359e-02 5.276567999999999756e+02
4.481875021131193071e-02 5.272826000000000022e+02
4.907728177951930365e-02 5.266191999999999780e+02
5.346641035174126005e-02 5.245770999999999731e+02
5.806185227087142658e-02 5.151749999999999545e+02
6.286433061779542197e-02 5.010407000000000153e+02
6.787407516174809308e-02 4.866893999999999778e+02
7.309067701789868921e-02 4.727857000000000198e+02
7.851310098582542363e-02 4.595380999999999858e+02
8.413931670565383270e-02 4.470649999999999977e+02
8.996649497893614844e-02 4.354433000000000220e+02
9.601418268380944310e-02 4.246798999999999751e+02
1.022324960365867397e-01 4.148759000000000015e+02
1.086370947052624908e-01 4.059866999999999848e+02
1.152204092050000128e-01 3.979879000000000246e+02
1.219742727005284633e-01 3.908360000000000127e+02
1.288891384440167265e-01 3.844748999999999910e+02
1.359543737365953575e-01 3.788399000000000001e+02
1.431583571355667106e-01 3.738620000000000232e+02
1.504886671531533437e-01 3.694705999999999904e+02
1.579307413908750124e-01 3.655985999999999763e+02
1.654704832559916183e-01 3.621838000000000193e+02
1.730927214167042594e-01 3.591686000000000263e+02
1.807816936445580391e-01 3.565011999999999830e+02
1.885217404999242896e-01 3.541356000000000108e+02
1.962964130154186693e-01 3.520317999999999756e+02
2.040898614074281303e-01 3.501546000000000163e+02
2.118859395909263033e-01 3.484737999999999829e+02
2.196691967506702592e-01 3.469630000000000223e+02
2.272594903011630196e-01 3.456335000000000264e+02
2.351377352718414804e-01 3.443647000000000276e+02
2.427936153995980118e-01 3.432409999999999854e+02
2.503805332648589288e-01 3.422144000000000119e+02
2.578871550736165363e-01 3.412721999999999980e+02
2.652984277073350827e-01 3.404042000000000030e+02
2.726053031530199511e-01 3.396010999999999740e+02
2.797975764657107955e-01 3.388548000000000116e+02
2.868520776378797876e-01 3.381598000000000184e+02
2.937925852447654251e-01 3.375074000000000183e+02
