8.045549820685608811e-05 1.847763999999999953e+02
3.219205197322390247e-04 1.847764999999999986e+02
7.246900468867852009e-04 1.847768000000000086e+02
1.289253364780919417e-03 1.847770999999999901e+02
2.016292855974198897e-03 1.847774000000000001e+02
2.906676477468680877e-03 1.847776000000000067e+02
3.961459522747507248e-03 1.847776000000000067e+02
5.181870498041867175e-03 1.847772999999999968e+02
6.569313075517899461e-03 1.847763999999999953e+02
8.132108529481539214e-03 1.847750000000000057e+02
9.861744540379342380e-03 1.847726999999999862e+02
1.176558329631503287e-02 1.847692999999999870e+02
1.384408303621285051e-02 1.847647000000000048e+02
1.610033052143330923e-02 1.847584999999999980e+02
1.853674671964536044e-02 1.847504000000000133e+02
2.115582028455020164e-02 1.847401999999999873e+02
2.396014728038283262e-02 1.847273999999999887e+02
2.695228217105156629e-02 1.847117000000000075e+02
3.013483715177459749e-02 1.846925999999999988e+02
3.351036321610881968e-02 1.846697000000000060e+02
3.708132972127260729e-02 1.846425000000000125e+02
4.085006574695944359e-02 1.846103999999999985e+02
4.481875021131193071e-02 1.845729000000000042e+02
4.907728177951930365e-02 1.845283000000000015e+02
5.346641035174126005e-02 1.844775999999999954e+02
5.806185227087142658e-02 1.844192999999999927e+02
6.286433061779542197e-02 1.843526999999999987e+02
6.787407516174809308e-02 1.842767000000000053e+02
7.309067701789868921e-02 1.841904999999999859e+02
7.851310098582542363e-02 1.840930999999999926e+02
8.413931670565383270e-02 1.839831000000000074e+02
8.996649497893614844e-02 1.838593999999999937e+02
9.601418268380944310e-02 1.837196999999999889e+02
1.022324960365867397e-01 1.835629999999999882e+02
1.086370947052624908e-01 1.833860999999999990e+02
1.152204092050000128e-01 1.831847999999999956e+02
1.219742727005284633e-01 1.829522000000000048e+02
1.288891384440167265e-01 1.826748000000000047e+02
1.359543737365953575e-01 1.823213000000000079e+02
1.431583571355667106e-01 1.817984999999999900e+02
1.504886671531533437e-01 1.807327999999999975e+02
1.579307413908750124e-01 1.779389999999999930e+02
1.654704832559916183e-01 1.734181000000000097e+02
1.730927214167042594e-01 1.684561999999999955e+02
1.807816936445580391e-01 1.634867999999999881e+02
1.885217404999242896e-01 1.586285000000000025e+02
1.962964130154186693e-01 1.539271999999999991e+02
2.040898614074281303e-01 1.494047999999999945e+02
2.118859395909263033e-01 1.450724999999999909e+02
2.196691967506702592e-01 1.409345000000000141e+02
2.272594903011630196e-01 1.370692999999999984e+02
2.351377352718414804e-01 1.332407000000000039e+02
2.427936153995980118e-01 1.296785000000000139e+02
2.503805332648589288e-01 1.262984000000000009e+02
2.578871550736165363e-01 1.230930000000000035e+02
2.652984277073350827e-01 1.200567000000000064e+02
2.726053031530199511e-01 1.171808999999999941e+02
2.797975764657107955e-01 1.144578999999999951e+02
2.868520776378797876e-01 1.118850000000000051e+02
2.937925852447654251e-01 1.094425999999999988e+02
