7.161829688635481953e-05 2.754671000000000163e+02
2.865837548979187290e-04 2.754671999999999912e+02
6.452276743835878804e-04 2.754666000000000281e+02
1.148260723985308892e-03 2.754639999999999986e+02
1.796401004166659843e-03 2.754578000000000202e+02
2.590719364199100139e-03 2.754458000000000197e+02
3.532525312605906773e-03 2.754252999999999929e+02
4.623343042948295338e-03 2.753928999999999974e+02
5.864922290973976528e-03 2.753450000000000273e+02
7.259237267947625874e-03 2.752769000000000119e+02
8.808480628303812232e-03 2.751834999999999809e+02
1.051505147762351287e-02 2.750590000000000259e+02
1.238156122176282785e-02 2.748969000000000165e+02
1.441081063811489385e-02 2.746895000000000095e+02
1.660578286465850054e-02 2.744286999999999921e+02
1.896964720452225597e-02 2.741048000000000116e+02
2.150570943603617377e-02 2.737074999999999818e+02
2.421742162119860931e-02 2.732250999999999976e+02
2.710835218670458110e-02 2.726442999999999870e+02
3.018217606916847456e-02 2.719506000000000085e+02
3.344258509470265928e-02 2.711279000000000110e+02
3.689335752295756776e-02 2.701580999999999904e+02
4.063539459943150967e-02 2.689889999999999759e+02
4.449755521179153683e-02 2.676533000000000015e+02
4.856389112002563319e-02 2.661028000000000020e+02
5.283780081232091613e-02 2.643120999999999867e+02
5.732266975592168606e-02 2.622543000000000006e+02
6.202146419661018484e-02 2.599021999999999935e+02
6.693673120745440019e-02 2.572289999999999850e+02
7.207048004637335581e-02 2.542103999999999928e+02
7.746534765222475027e-02 2.507986999999999966e+02
8.304569103260472929e-02 2.470285000000000082e+02
8.884661570662723273e-02 2.428729999999999905e+02
9.486676505518540359e-02 2.383385000000000105e+02
1.011037023144117641e-01 2.334439000000000135e+02
1.075535542949529744e-01 2.282213000000000136e+02
1.142114193495947089e-01 2.227149000000000001e+02
1.210709912416131628e-01 2.169792999999999950e+02
1.281240845384757354e-01 2.110780000000000030e+02
1.353613299425590888e-01 2.050842000000000098e+02
1.427716787492893380e-01 1.991081000000000074e+02
1.503426035500208258e-01 1.938134000000000015e+02
1.580604928131094933e-01 1.923265000000000100e+02
1.659096632125353077e-01 1.918771000000000129e+02
1.738737454145649064e-01 1.914926000000000101e+02
1.819351910951478857e-01 1.911071000000000026e+02
1.900758628616179557e-01 1.907072000000000003e+02
1.982767422167067695e-01 1.902883999999999958e+02
2.065188146848343786e-01 1.898488000000000113e+02
2.147828755683058033e-01 1.893877999999999986e+02
2.230494325207360296e-01 1.889051000000000045e+02
2.312996888311316668e-01 1.884011000000000138e+02
2.395156417035512186e-01 1.878760000000000048e+02
2.476798866727391302e-01 1.873306000000000040e+02
2.557759148804938931e-01 1.867655000000000030e+02
2.637881055197685565e-01 1.861816000000000031e+02
2.717023276995678693e-01 1.855797000000000025e+02
2.795046423353129694e-01 1.849609000000000094e+02
2.869887302065504131e-01 1.843393000000000086e+02
2.947273121829188103e-01 1.836764000000000010e+02
