7.161829688635481953e-05 2.956361000000000061e+01
2.865837548979187290e-04 2.956382999999999939e+01
6.452276743835878804e-04 2.956419999999999959e+01
1.148260723985308892e-03 2.956472000000000122e+01
1.796401004166659843e-03 2.956539000000000073e+01
2.590719364199100139e-03 2.956621000000000166e+01
3.532525312605906773e-03 2.956717000000000084e+01
4.623343042948295338e-03 2.956826999999999828e+01
5.864922290973976528e-03 2.956951000000000107e+01
7.259237267947625874e-03 2.957088999999999857e+01
8.808480628303812232e-03 2.957241000000000142e+01
1.051505147762351287e-02 2.957405999999999935e+01
1.238156122176282785e-02 2.957582999999999984e+01
1.441081063811489385e-02 2.957772999999999897e+01
1.660578286465850054e-02 2.957974000000000103e+01
1.896964720452225597e-02 2.958186999999999856e+01
2.150570943603617377e-02 2.958409999999999940e+01
2.421742162119860931e-02 2.958643000000000001e+01
2.710835218670458110e-02 2.958883000000000152e+01
3.018217606916847456e-02 2.959131000000000000e+01
3.344258509470265928e-02 2.959385999999999939e+01
3.689335752295756776e-02 2.959645000000000081e+01
4.063539459943150967e-02 2.959927000000000064e+01
4.449755521179153683e-02 2.960193999999999903e+01
4.856389112002563319e-02 2.960462000000000060e+01
5.283780081232091613e-02 2.960726000000000013e+01
5.732266975592168606e-02 2.960987000000000080e+01
6.202146419661018484e-02 2.961239000000000132e+01
6.693673120745440019e-02 2.961480999999999852e+01
7.207048004637335581e-02 2.961709000000000103e+01
7.746534765222475027e-02 2.961926000000000059e+01
8.304569103260472929e-02 2.962115000000000009e+01
8.884661570662723273e-02 2.962277999999999878e+01
9.486676505518540359e-02 2.962409999999999854e+01
1.011037023144117641e-01 2.962505000000000166e+01
1.075535542949529744e-01 2.962557999999999936e+01
1.142114193495947089e-01 2.962563000000000102e+01
1.210709912416131628e-01 2.962512999999999863e+01
1.281240845384757354e-01 2.962402000000000157e+01
1.353613299425590888e-01 2.962221999999999866e+01
1.427716787492893380e-01 2.961966999999999928e+01
1.503426035500208258e-01 2.961627999999999972e+01
1.580604928131094933e-01 2.961197999999999908e+01
1.659096632125353077e-01 2.960670000000000002e+01
1.738737454145649064e-01 2.960034999999999883e+01
1.819351910951478857e-01 2.959287000000000134e+01
1.900758628616179557e-01 2.958417000000000030e+01
1.982767422167067695e-01 2.957419000000000153e+01
2.065188146848343786e-01 2.956285000000000096e+01
2.147828755683058033e-01 2.955010000000000048e+01
2.230494325207360296e-01 2.953585999999999956e+01
2.312996888311316668e-01 2.952008000000000010e+01
2.395156417035512186e-01 2.950272000000000006e+01
2.476798866727391302e-01 2.948373000000000133e+01
2.557759148804938931e-01 2.946304999999999907e+01
2.637881055197685565e-01 2.944067000000000078e+01
2.717023276995678693e-01 2.941653000000000162e+01
2.795046423353129694e-01 2.939063000000000159e+01
2.869887302065504131e-01 2.936233999999999966e+01
2.947273121829188103e-01 2.933342000000000027e+01
