8.045549820685608811e-05 7.132118000000000393e+02
3.219205197322390247e-04 7.131942000000000235e+02
7.246900468867852009e-04 7.131268000000000029e+02
1.289253364780919417e-03 7.129527000000000498e+02
2.016292855974198897e-03 7.125923000000000229e+02
2.906676477468680877e-03 7.119439999999999600e+02
3.961459522747507248e-03 7.108867999999999938e+02
5.181870498041867175e-03 7.092838000000000420e+02
6.569313075517899461e-03 7.069882000000000062e+02
8.132108529481539214e-03 7.038369000000000142e+02
9.861744540379342380e-03 6.997104000000000497e+02
1.176558329631503287e-02 6.944774999999999636e+02
1.384408303621285051e-02 6.880525000000000091e+02
1.610033052143330923e-02 6.803804000000000087e+02
1.853674671964536044e-02 6.714494999999999436e+02
2.115582028455020164e-02 6.612890999999999622e+02
2.396014728038283262e-02 6.499665999999999713e+02
2.695228217105156629e-02 6.375824000000000069e+02
3.013483715177459749e-02 6.242635000000000218e+02
3.351036321610881968e-02 6.101584000000000287e+02
3.708132972127260729e-02 5.954330999999999676e+02
4.085006574695944359e-02 5.802712000000000216e+02
4.481875021131193071e-02 5.648875000000000455e+02
4.907728177951930365e-02 5.493010000000000446e+02
5.346641035174126005e-02 5.353885999999999967e+02
5.806185227087142658e-02 5.289981000000000222e+02
6.286433061779542197e-02 5.276499999999999773e+02
6.787407516174809308e-02 5.269650000000000318e+02
7.309067701789868921e-02 5.263989000000000260e+02
7.851310098582542363e-02 5.258455000000000155e+02
8.413931670565383270e-02 5.252691999999999553e+02
8.996649497893614844e-02 5.246532999999999447e+02
9.601418268380944310e-02 5.239854000000000269e+02
1.022324960365867397e-01 5.232639000000000351e+02
1.086370947052624908e-01 5.224813000000000329e+02
1.152204092050000128e-01 5.216336000000000013e+02
1.219742727005284633e-01 5.207175999999999476e+02
1.288891384440167265e-01 5.197306999999999562e+02
1.359543737365953575e-01 5.186707999999999856e+02
1.431583571355667106e-01 5.175365000000000464e+02
1.504886671531533437e-01 5.163269000000000233e+02
1.579307413908750124e-01 5.150420000000000300e+02
1.654704832559916183e-01 5.136821999999999662e+02
1.730927214167042594e-01 5.122486000000000104e+02
1.807816936445580391e-01 5.107429000000000201e+02
1.885217404999242896e-01 5.091673999999999864e+02
1.962964130154186693e-01 5.075249000000000024e+02
2.040898614074281303e-01 5.058188000000000102e+02
2.118859395909263033e-01 5.040529000000000224e+02
2.196691967506702592e-01 5.022314999999999827e+02
2.272594903011630196e-01 5.003990999999999758e+02
2.351377352718414804e-01 4.984402999999999793e+02
2.427936153995980118e-01 4.964805999999999813e+02
2.503805332648589288e-01 4.944846000000000004e+02
2.578871550736165363e-01 4.924572000000000003e+02
2.652984277073350827e-01 4.904044999999999845e+02
2.726053031530199511e-01 4.883312999999999988e+02
2.797975764657107955e-01 4.862427000000000135e+02
2.868520776378797876e-01 4.841478999999999928e+02
2.937925852447654251e-01 4.820418999999999983e+02
