7.161829688635481953e-05 5.567142000000000053e+02
2.865837548979187290e-04 5.567140000000000555e+02
6.452276743835878804e-04 5.567134999999999536e+02
1.148260723985308892e-03 5.567123000000000275e+02
1.796401004166659843e-03 5.567098999999999478e+02
2.590719364199100139e-03 5.567057999999999538e+02
3.532525312605906773e-03 5.566992999999999938e+02
4.623343042948295338e-03 5.566893999999999778e+02
5.864922290973976528e-03 5.566751000000000431e+02
7.259237267947625874e-03 5.566549999999999727e+02
8.808480628303812232e-03 5.566277000000000044e+02
1.051505147762351287e-02 5.565914000000000215e+02
1.238156122176282785e-02 5.565436999999999443e+02
1.441081063811489385e-02 5.564822000000000344e+02
1.660578286465850054e-02 5.564035000000000082e+02
1.896964720452225597e-02 5.563031999999999471e+02
2.150570943603617377e-02 5.561757000000000062e+02
2.421742162119860931e-02 5.560131999999999834e+02
2.710835218670458110e-02 5.558038999999999987e+02
3.018217606916847456e-02 5.555294000000000096e+02
3.344258509470265928e-02 5.551576999999999771e+02
3.689335752295756776e-02 5.546271000000000413e+02
4.063539459943150967e-02 5.537711000000000467e+02
4.449755521179153683e-02 5.522468000000000075e+02
4.856389112002563319e-02 5.488789000000000442e+02
5.283780081232091613e-02 5.413088999999999942e+02
5.732266975592168606e-02 5.296304000000000087e+02
6.202146419661018484e-02 5.163674999999999500e+02
6.693673120745440019e-02 5.028227999999999724e+02
7.207048004637335581e-02 4.895054999999999836e+02
7.746534765222475027e-02 4.765751000000000204e+02
8.304569103260472929e-02 4.643770999999999844e+02
8.884661570662723273e-02 4.529315000000000282e+02
9.486676505518540359e-02 4.423100000000000023e+02
1.011037023144117641e-01 4.325525999999999840e+02
1.075535542949529744e-01 4.236718999999999937e+02
1.142114193495947089e-01 4.156555999999999926e+02
1.210709912416131628e-01 4.084707000000000221e+02
1.281240845384757354e-01 4.020688999999999851e+02
1.353613299425590888e-01 3.963906000000000063e+02
1.427716787492893380e-01 3.913702999999999861e+02
1.503426035500208258e-01 3.869408000000000243e+02
1.580604928131094933e-01 3.830357000000000198e+02
1.659096632125353077e-01 3.795926000000000045e+02
1.738737454145649064e-01 3.765534999999999854e+02
1.819351910951478857e-01 3.738664999999999736e+02
1.900758628616179557e-01 3.714848999999999819e+02
1.982767422167067695e-01 3.693679999999999950e+02
2.065188146848343786e-01 3.674798999999999864e+02
2.147828755683058033e-01 3.657887999999999806e+02
2.230494325207360296e-01 3.642638000000000034e+02
2.312996888311316668e-01 3.628863000000000056e+02
2.395156417035512186e-01 3.616363999999999805e+02
2.476798866727391302e-01 3.604970000000000141e+02
2.557759148804938931e-01 3.594535999999999945e+02
2.637881055197685565e-01 3.584932999999999765e+02
2.717023276995678693e-01 3.576052000000000248e+02
2.795046423353129694e-01 3.567801999999999794e+02
2.869887302065504131e-01 3.560371000000000095e+02
2.947273121829188103e-01 3.552875999999999976e+02
