0.000000000000000000e+00 0.000000000000000000e+00 4.408902998329837786e+00
0.000000000000000000e+00 0.000000000000000000e+00 2.898550854688862088e+01
0.000000000000000000e+00 0.000000000000000000e+00 4.134363867221461675e+01
1.000000000000000000e+01 -4.651263497433697630e-02 4.406085784684479201e+00
1.000000000000000000e+01 -7.205031959274657734e-03 2.882474179816797033e+01
1.000000000000000000e+01 -3.384084070542981056e-03 4.113735650643649677e+01
1.200000000000000000e+01 -5.683261786730746390e-02 4.407359759621938267e+00
1.200000000000000000e+01 -8.867734383259944994e-03 2.883262581631658250e+01
1.200000000000000000e+01 -4.121928051979356980e-03 4.107861859894471479e+01
1.400000000000000000e+01 -6.728543245969172137e-02 4.408044594341300915e+00
1.400000000000000000e+01 -1.060123501018395142e-02 2.884046803427200345e+01
1.400000000000000000e+01 -4.879709897282057986e-03 4.101038511918953589e+01
1.600000000000000000e+01 -7.803846891286536636e-02 4.407553789658548382e+00
1.600000000000000000e+01 -1.240711127114116005e-02 2.884807447463522934e+01
1.600000000000000000e+01 -5.668343775905088609e-03 4.092597660936425541e+01
1.800000000000000000e+01 -8.879150536900791424e-02 4.407062985055266502e+00
1.800000000000000000e+01 -1.426321515799192953e-02 2.885546274505606945e+01
1.800000000000000000e+01 -6.476851240925085053e-03 4.082745579198601149e+01
2.000000000000000000e+01 -9.959095985719806920e-02 4.406399048624273007e+00
2.000000000000000000e+01 -1.624682796617290398e-02 2.886199924045729048e+01
2.000000000000000000e+01 -7.298216539719078189e-03 4.071372393756838903e+01
2.200000000000000000e+01 -1.107601063670499986e-01 4.404356219443922527e+00
2.200000000000000000e+01 -1.823935794760023210e-02 2.886847616706187125e+01
2.200000000000000000e+01 -8.122008646357627148e-03 4.058828593282398600e+01
2.400000000000000000e+01 -1.221166699981038328e-01 4.401511820936195640e+00
2.400000000000000000e+01 -2.039534899311916047e-02 2.887350360980082442e+01
2.400000000000000000e+01 -8.946029619073697994e-03 4.044701021184432932e+01
2.600000000000000000e+01 -1.336826807888574220e-01 4.397771632274090514e+00
2.600000000000000000e+01 -2.263460612099129493e-02 2.887779269289693929e+01
2.600000000000000000e+01 -9.754672025252368595e-03 4.029366885469818271e+01
2.800000000000000000e+01 -1.453574378828247637e-01 4.393374233338899870e+00
2.800000000000000000e+01 -2.487386324234512613e-02 2.888208177379528863e+01
2.800000000000000000e+01 -1.053111577783327410e-02 4.011506525632927378e+01
3.000000000000000000e+01 -1.574855327633890578e-01 4.386237078296788106e+00
3.000000000000000000e+01 -2.711312035661433278e-02 2.888637085224155854e+01
3.000000000000000000e+01 -1.130755955384022890e-02 3.993646166166909950e+01
3.200000000000000000e+01 -1.696136276752505390e-01 4.379099923568427144e+00
3.200000000000000000e+01 -2.966152952330294162e-02 2.888724846023223947e+01
3.200000000000000000e+01 -1.200423141520672726e-02 3.973558246092107282e+01
3.400000000000000000e+01 -1.817417226216115900e-01 4.371962769183600273e+00
3.400000000000000000e+01 -3.225416361571360052e-02 2.888763804546906044e+01
3.400000000000000000e+01 -1.256016042753608543e-02 3.949540205852255781e+01
3.600000000000000000e+01 -1.942906315610552492e-01 4.358029378487464633e+00
3.600000000000000000e+01 -3.484679768889873547e-02 2.888802762610903230e+01
3.600000000000000000e+01 -1.311608947400406608e-02 3.925522166170138405e+01
3.800000000000000000e+01 -2.069221283919547849e-01 4.342762176938585128e+00
3.800000000000000000e+01 -3.792427045554937898e-02 2.888057113328546777e+01
3.800000000000000000e+01 -1.367201855724844636e-02 3.901504127081655326e+01
4.000000000000000000e+01 -2.195536252959740531e-01 4.327494975896033935e+00
4.000000000000000000e+01 -4.108792098564986728e-02 2.887172003083507121e+01
4.000000000000000000e+01 -1.422794768000040441e-02 3.877486088624060301e+01
4.200000000000000000e+01 -2.321851222793584468e-01 4.312227775399557039e+00
4.200000000000000000e+01 -4.425157144558933275e-02 2.886286892009729854e+01
4.200000000000000000e+01 -1.442109703529951062e-02 3.848325907537559942e+01
4.400000000000000000e+01 -2.448166193485664666e-01 4.296960575490419210e+00
4.400000000000000000e+01 -4.741522182944452740e-02 2.885401780039614650e+01
4.400000000000000000e+01 -1.448096401432137637e-02 3.817276544531706861e+01
4.600000000000000000e+01 -2.566393129002548235e-01 4.270531402741010396e+00
4.600000000000000000e+01 -5.095628382353663971e-02 2.882805722981985852e+01
4.600000000000000000e+01 -1.454083106228550373e-02 3.786227182555666815e+01
4.800000000000000000e+01 -2.677677133476568661e-01 4.234520568925527861e+00
4.800000000000000000e+01 -5.522129699188252361e-02 2.876927730342137579e+01
4.800000000000000000e+01 -1.426839245064035963e-02 3.752838815859227850e+01
5.000000000000000000e+01 -2.788961139425676361e-01 4.198509735904395690e+00
5.000000000000000000e+01 -5.948630983362279689e-02 2.871049736320191315e+01
5.000000000000000000e+01 -1.334894168812867168e-02 3.714896314688851220e+01
5.200000000000000000e+01 -2.900245146955769959e-01 4.162498903729896504e+00
5.200000000000000000e+01 -6.375132232330554816e-02 2.865171740816598245e+01
5.200000000000000000e+01 -1.242949109654897626e-02 3.676953815294700689e+01
5.400000000000000000e+01 -3.011529156176714350e-01 4.126488072456234946e+00
5.400000000000000000e+01 -6.801633443450841310e-02 2.859293743727974402e+01
5.400000000000000000e+01 -1.151004068796266343e-02 3.639011317792135713e+01
5.600000000000000000e+01 -3.122813167202466711e-01 4.090477242139671787e+00
5.600000000000000000e+01 -7.228134613979200762e-02 2.853415744946899224e+01
5.600000000000000000e+01 -1.059059047488976509e-02 3.601068822300877770e+01
5.800000000000000000e+01 -3.234097180151296325e-01 4.054466412838525713e+00
5.800000000000000000e+01 -7.654635741065290988e-02 2.847537744361710565e+01
5.800000000000000000e+01 -8.078392542580919641e-03 3.561110239254333010e+01
6.000000000000000000e+01 -3.345381195145956665e-01 4.018455584613281673e+00
6.000000000000000000e+01 -8.081073979943347030e-02 2.839673196864143989e+01
6.000000000000000000e+01 -5.122653570400306430e-03 3.520590226608025830e+01
6.200000000000000000e+01 -3.456665212313845825e-01 3.982444757526754309e+00
6.200000000000000000e+01 -8.507299578300414611e-02 2.825088549109322855e+01
6.200000000000000000e+01 -2.166915266166388136e-03 3.480070216552341122e+01
6.400000000000000000e+01 nan nan
6.400000000000000000e+01 -8.898925415658423543e-02 2.808422671886771838e+01
6.400000000000000000e+01 7.888223255202771872e-04 3.439550209240400136e+01
6.600000000000000000e+01 nan nan
6.600000000000000000e+01 -9.238793437121467500e-02 2.788643480150471277e+01
6.600000000000000000e+01 3.744559158303683265e-03 3.399030204831483815e+01
6.800000000000000000e+01 nan nan
6.800000000000000000e+01 -9.533018090317815774e-02 2.766961082969096353e+01
6.800000000000000000e+01 6.700295184010411284e-03 3.358510203491143642e+01
7.000000000000000000e+01 nan nan
7.000000000000000000e+01 -9.730936183423634367e-02 2.741539042769319678e+01
7.000000000000000000e+01 9.720063479554166483e-03 3.319258429901844210e+01
7.200000000000000000e+01 nan nan
7.200000000000000000e+01 -9.756371009673821260e-02 2.710547213368848674e+01
7.200000000000000000e+01 1.303474422926365582e-02 3.285847642047089323e+01
7.400000000000000000e+01 nan nan
7.400000000000000000e+01 -9.560400433083722505e-02 2.672625779696901915e+01
7.400000000000000000e+01 1.606321873916682907e-02 3.253898740263581857e+01
7.600000000000000000e+01 nan nan
7.600000000000000000e+01 -9.364429818046066112e-02 2.634704340773945219e+01
7.600000000000000000e+01 1.860291137787589699e-02 3.224446444621039376e+01
7.800000000000000000e+01 nan nan
7.800000000000000000e+01 -9.168459162877709567e-02 2.596782896301075283e+01
7.800000000000000000e+01 2.089485236532138621e-02 3.195750661856584074e+01
8.000000000000000000e+01 nan nan
8.000000000000000000e+01 -8.972488465832446913e-02 2.558861445967828274e+01
8.000000000000000000e+01 2.249015842217421887e-02 3.169105521961822092e+01
8.200000000000000000e+01 nan nan
8.200000000000000000e+01 -7.949991988003872467e-02 2.478759374812355887e+01
8.200000000000000000e+01 2.347906282620254234e-02 3.143814954601367972e+01
8.400000000000000000e+01 nan nan
8.400000000000000000e+01 -6.812762335211883236e-02 2.392802042492631287e+01
8.400000000000000000e+01 2.256620250886270593e-02 3.122575950263009048e+01
8.600000000000000000e+01 nan nan
8.600000000000000000e+01 -5.675532861791433847e-02 2.306844708412181078e+01
8.600000000000000000e+01 2.140736787094649207e-02 3.101860979164522547e+01
8.800000000000000000e+01 nan nan
8.800000000000000000e+01 -4.538303579883642969e-02 2.220887372542715354e+01
8.800000000000000000e+01 2.024853300536447187e-02 3.081146013024340746e+01
9.000000000000000000e+01 nan nan
9.000000000000000000e+01 -3.401074502119219578e-02 2.134930034855806369e+01
9.000000000000000000e+01 1.908969790635925423e-02 3.060431052097286297e+01
9.200000000000000000e+01 nan nan
9.200000000000000000e+01 -2.259242279372218956e-02 2.048625621299377997e+01
9.200000000000000000e+01 1.793086256801115427e-02 3.039716096647662980e+01
9.400000000000000000e+01 nan nan
9.400000000000000000e+01 -4.848426666330917824e-03 1.914628293821643723e+01
9.400000000000000000e+01 1.677202698423659044e-02 3.019001146949450387e+01
9.600000000000000000e+01 nan nan
9.600000000000000000e+01 1.365968142971293181e-02 1.780946853849419753e+01
9.600000000000000000e+01 1.433899771959369976e-02 3.008436097360062433e+01
9.800000000000000000e+01 nan nan
9.800000000000000000e+01 3.389404595906032880e-02 1.647979038327170898e+01
9.800000000000000000e+01 1.131001224301467906e-02 3.002618287910572903e+01
1.000000000000000000e+02 nan nan
1.000000000000000000e+02 5.446364777591457262e-02 1.527847685234823416e+01
1.000000000000000000e+02 8.281027642144049572e-03 2.996800480256701249e+01
