0.000000000000000000e+00 0.000000000000000000e+00 2.770195453988606005e+01
0.000000000000000000e+00 0.000000000000000000e+00 1.821213214229389052e+02
0.000000000000000000e+00 0.000000000000000000e+00 2.597697430506005958e+02
1.000000000000000000e+01 -1.287667575931422004e+00 2.765429084429224105e+01
1.000000000000000000e+01 -1.304911942029503669e+00 1.811064931223598080e+02
1.000000000000000000e+01 -8.746965073984467320e-01 2.584721539499543610e+02
1.200000000000000000e+01 -1.573823521633975542e+00 2.764749965865184222e+01
1.200000000000000000e+01 -1.606485242267281510e+00 1.811536078142409281e+02
1.200000000000000000e+01 -1.063888479051415814e+00 2.581023801749270774e+02
1.400000000000000000e+01 -1.863575086452746277e+00 2.763379417860985043e+01
1.400000000000000000e+01 -1.921049849255891173e+00 1.811998219685450522e+02
1.400000000000000000e+01 -1.257383391742412426e+00 2.576727813713146702e+02
1.600000000000000000e+01 -2.161156560481130029e+00 2.760902175740415743e+01
1.600000000000000000e+01 -2.248885664570934750e+00 1.812438460551759363e+02
1.600000000000000000e+01 -1.457589065597425293e+00 2.571413638227956540e+02
1.800000000000000000e+01 -2.458671713847745632e+00 2.758102282008164963e+01
1.800000000000000000e+01 -2.585981092516338453e+00 1.812857764111830932e+02
1.800000000000000000e+01 -1.661483787892507058e+00 2.565210897136342965e+02
2.000000000000000000e+01 -2.757297399886303957e+00 2.754857866362932484e+01
2.000000000000000000e+01 -2.946285722013501918e+00 1.813213540852343044e+02
2.000000000000000000e+01 -1.866970435616016388e+00 2.558050591771180109e+02
2.200000000000000000e+01 -3.065107208528973892e+00 2.750311666542513578e+01
2.200000000000000000e+01 -3.308363912447159105e+00 1.813558115670235225e+02
2.200000000000000000e+01 -2.071304873621730991e+00 2.550153100999508808e+02
2.400000000000000000e+01 -3.377199325940317465e+00 2.744853368742867161e+01
2.400000000000000000e+01 -3.700074728033762916e+00 1.813798375655276516e+02
2.400000000000000000e+01 -2.273508722561075945e+00 2.541258906407404936e+02
2.600000000000000000e+01 -3.693921721049753693e+00 2.738399433565965779e+01
2.600000000000000000e+01 -4.106925305297966844e+00 1.813980374788019674e+02
2.600000000000000000e+01 -2.469615562896848360e+00 2.531605426887286114e+02
2.800000000000000000e+01 -4.012502595347175571e+00 2.731120397902746788e+01
2.800000000000000000e+01 -4.513896572981756172e+00 1.814153241327286707e+02
2.800000000000000000e+01 -2.654371824353681575e+00 2.520364114790763495e+02
3.000000000000000000e+01 -4.340228896963972183e+00 2.721563297455639940e+01
3.000000000000000000e+01 -4.920988530845728626e+00 1.814316969745875667e+02
3.000000000000000000e+01 -2.837385442362528210e+00 2.509121466680893775e+02
3.200000000000000000e+01 -4.666867453560584522e+00 2.711602589920002160e+01
3.200000000000000000e+01 -5.383684329272955260e+00 1.814240733647606021e+02
3.200000000000000000e+01 -2.997048775315205749e+00 2.496480386090570960e+02
3.400000000000000000e+01 -4.992418265326504567e+00 2.701237756417709690e+01
3.400000000000000000e+01 -5.854336572204896783e+00 1.814119449935121793e+02
3.400000000000000000e+01 -3.116890850940485791e+00 2.481373548186372204e+02
3.600000000000000000e+01 -5.320125557263200022e+00 2.686050920309297751e+01
3.600000000000000000e+01 -6.325001503328117280e+00 1.813985942346905347e+02
3.600000000000000000e+01 -3.235055032751646298e+00 2.466266154267289892e+02
3.800000000000000000e+01 -5.646155722812552291e+00 2.669583173306232382e+01
3.800000000000000000e+01 -6.881813214793107036e+00 1.813314393803381392e+02
3.800000000000000000e+01 -3.351541321330038237e+00 2.451158218334670664e+02
4.000000000000000000e+01 -5.969762496534555041e+00 2.652701758382906405e+01
4.000000000000000000e+01 -7.453610477318344252e+00 1.812531757291847043e+02
4.000000000000000000e+01 -3.466349717270069242e+00 2.436049754390396629e+02
4.200000000000000000e+01 -6.290945878755920262e+00 2.635407653346052115e+01
4.200000000000000000e+01 -8.025055843882274331e+00 1.811731062456839538e+02
4.200000000000000000e+01 -3.486984460420587961e+00 2.417723036167785438e+02
4.400000000000000000e+01 -6.609705869821674185e+00 2.617701599040784188e+01
4.400000000000000000e+01 -8.596149312727147773e+00 1.810912318616618961e+02
4.400000000000000000e+01 -3.473209389554399174e+00 2.398214099518402804e+02
4.600000000000000000e+01 -6.886284670942307784e+00 2.593384458693583028e+01
4.600000000000000000e+01 -9.229814907072544372e+00 1.808967142386083822e+02
4.600000000000000000e+01 -3.459200748366748623e+00 2.378705188743971917e+02
4.800000000000000000e+01 -7.124302065881280122e+00 2.563470924957849562e+01
4.800000000000000000e+01 -9.981950766661153551e+00 1.804868818868606866e+02
4.800000000000000000e+01 -3.364455793104593084e+00 2.357738131705966396e+02
5.000000000000000000e+01 -7.357283581306499620e+00 2.533328942455817767e+01
5.000000000000000000e+01 -1.073093620874041143e+01 1.800739204384446452e+02
5.000000000000000000e+01 -3.115827464660809731e+00 2.333930219953811331e+02
5.200000000000000000e+01 -7.585229217656703327e+00 2.502964320437176227e+01
5.200000000000000000e+01 -1.147677122758036106e+01 1.796578477122188815e+02
5.200000000000000000e+01 -2.871583114024850225e+00 2.310119750266749179e+02
5.400000000000000000e+01 -7.808138975389589120e+00 2.472382784608496209e+01
5.400000000000000000e+01 -1.221945581719120000e+01 1.792386813636575198e+02
5.400000000000000000e+01 -2.631722742507582868e+00 2.286306783265348201e+02
5.600000000000000000e+01 -8.026012854982623068e+00 2.441589977093260089e+01
5.600000000000000000e+01 -1.295898997131067532e+01 1.788164388860076599e+02
5.600000000000000000e+01 -2.396246351384875961e+00 2.262491379565247485e+02
5.800000000000000000e+01 -8.238850856933860101e+00 2.410591456141912303e+01
5.800000000000000000e+01 -1.369537368339114636e+01 1.783911376114039911e+02
5.800000000000000000e+01 -1.807549664573736559e+00 2.237438541583094604e+02
6.000000000000000000e+01 -8.446652981762836632e+00 2.379392695576009231e+01
6.000000000000000000e+01 -1.441840808517743078e+01 1.778383937285447871e+02
6.000000000000000000e+01 -1.133157647754417408e+00 2.212023054381598968e+02
6.200000000000000000e+01 -8.649419230011579529e+00 2.347999083947962617e+01
6.200000000000000000e+01 -1.510092879026824875e+01 1.768620415605855385e+02
6.200000000000000000e+01 -4.738160897223335222e-01 2.186587471656877995e+02
6.400000000000000000e+01 nan nan
6.400000000000000000e+01 -1.570290146648746799e+01 1.757583171781890030e+02
6.400000000000000000e+01 1.704750064363494411e-01 2.161132461428015858e+02
6.600000000000000000e+01 nan nan
6.600000000000000000e+01 -1.618781081025544921e+01 1.744662556935249995e+02
6.600000000000000000e+01 7.997156378299581370e-01 2.135658691200614498e+02
6.800000000000000000e+01 nan nan
6.800000000000000000e+01 -1.657346579799254371e+01 1.730615134781455708e+02
6.800000000000000000e+01 1.413905801776348170e+00 2.110166827996010852e+02
7.000000000000000000e+01 nan nan
7.000000000000000000e+01 -1.676211932302282293e+01 1.714384829167728981e+02
7.000000000000000000e+01 2.027169374504596888e+00 2.085453056346936478e+02
7.200000000000000000e+01 nan nan
7.200000000000000000e+01 -1.661594904884274371e+01 1.694962093442578919e+02
7.200000000000000000e+01 2.691099802390864770e+00 2.064383566175518183e+02
7.400000000000000000e+01 nan nan
7.400000000000000000e+01 -1.605440092861692492e+01 1.671568361302968526e+02
7.400000000000000000e+01 3.284100776547917100e+00 2.044221092424862150e+02
7.600000000000000000e+01 nan nan
7.600000000000000000e+01 -1.550219139359884224e+01 1.648159118129125886e+02
7.600000000000000000e+01 3.768911620756741243e+00 2.025628858483685804e+02
7.800000000000000000e+01 nan nan
7.800000000000000000e+01 -1.495932044400832162e+01 1.624734645616984494e+02
7.800000000000000000e+01 4.195580544257177635e+00 2.007510982364755137e+02
8.000000000000000000e+01 nan nan
8.000000000000000000e+01 -1.442578808020624770e+01 1.601295225170943866e+02
8.000000000000000000e+01 4.478257719231214296e+00 1.990704077926247919e+02
8.200000000000000000e+01 nan nan
8.200000000000000000e+01 -1.238171858637748635e+01 1.552520918912483410e+02
8.200000000000000000e+01 4.637859647904297056e+00 1.974772655077289585e+02
8.400000000000000000e+01 nan nan
8.400000000000000000e+01 -1.024259210177304880e+01 1.499948788473350874e+02
8.400000000000000000e+01 4.427426498607302641e+00 1.961472718496458469e+02
8.600000000000000000e+01 nan nan
8.600000000000000000e+01 -8.226306199037386691e+00 1.447096961291727553e+02
8.600000000000000000e+01 4.172203374617690308e+00 1.948510102281834691e+02
8.800000000000000000e+01 nan nan
8.800000000000000000e+01 -6.332860869743378807e+00 1.393986927855410443e+02
8.800000000000000000e+01 3.919996798531577564e+00 1.935544224220252545e+02
9.000000000000000000e+01 nan nan
9.000000000000000000e+01 -4.562256103578309130e+00 1.340640049554867801e+02
9.000000000000000000e+01 3.670806769353397225e+00 1.922575137129639984e+02
9.200000000000000000e+01 nan nan
9.200000000000000000e+01 -2.908072805236310732e+00 1.286860896385330193e+02
9.200000000000000000e+01 3.424633286023027967e+00 1.909602893818428129e+02
9.400000000000000000e+01 nan nan
9.400000000000000000e+01 -5.832640001961233445e-01 1.202982296798290349e+02
9.400000000000000000e+01 3.181476347413294992e+00 1.896627547086027050e+02
9.600000000000000000e+01 nan nan
9.600000000000000000e+01 1.528520961663515143e+00 1.118897510080298900e+02
9.600000000000000000e+01 2.710437860210326289e+00 1.890061813651005309e+02
9.800000000000000000e+01 nan nan
9.800000000000000000e+01 3.509578538969900574e+00 1.034860828017424694e+02
9.800000000000000000e+01 2.133747713871519736e+00 1.886480043544048328e+02
1.000000000000000000e+02 nan nan
1.000000000000000000e+02 5.228374096796320813e+00 9.585501737155485102e+01
1.000000000000000000e+02 1.559272186768796864e+00 1.882880711622484284e+02
