0.000000000000000000e+00 -1.563428000000000040e-02 5.564036999999999580e+02
2.348993288590604106e-02 -1.818863999999999898e-02 5.365756999999999834e+02
4.697986577181208212e-02 -2.074070999999999901e-02 5.251376000000000204e+02
7.046979865771813012e-02 -2.329018000000000060e-02 5.134492999999999938e+02
9.395973154362416424e-02 -2.583670999999999884e-02 4.879470999999999776e+02
1.174496644295301984e-01 -2.837993999999999933e-02 4.617891000000000190e+02
1.409395973154362602e-01 -3.091957000000000039e-02 4.399820000000000277e+02
1.644295302013422944e-01 -3.345526000000000055e-02 4.222812999999999874e+02
1.879194630872483285e-01 -3.598669000000000173e-02 4.081428000000000225e+02
2.114093959731543626e-01 -3.851352000000000247e-02 3.970233000000000061e+02
2.348993288590603967e-01 -4.103545000000000109e-02 3.884066000000000258e+02
2.583892617449664586e-01 -4.355217000000000116e-02 3.818167000000000257e+02
2.818791946308725205e-01 -4.606336999999999932e-02 3.768342999999999847e+02
3.053691275167785268e-01 -4.856872000000000272e-02 3.731071000000000026e+02
3.288590604026845887e-01 -5.106793999999999917e-02 3.703498999999999910e+02
3.523489932885905951e-01 -5.356074000000000251e-02 3.683387000000000171e+02
3.758389261744966570e-01 -5.604681000000000246e-02 3.668998000000000275e+02
3.993288590604027188e-01 -5.852588000000000235e-02 3.659003000000000156e+02
4.228187919463087252e-01 -6.099766000000000216e-02 3.652382999999999811e+02
4.463087248322147871e-01 -6.346187999999999829e-02 3.648358000000000061e+02
4.697986577181207934e-01 -6.591826000000000629e-02 3.646327999999999747e+02
4.932885906040268553e-01 -6.836654999999999816e-02 3.645828999999999951e+02
5.167785234899329172e-01 -7.080648999999999971e-02 3.646501999999999839e+02
5.402684563758389791e-01 -7.323781000000000041e-02 3.648066000000000031e+02
5.637583892617450410e-01 -7.566029999999999978e-02 3.650298999999999978e+02
5.872483221476509918e-01 -7.807369000000000114e-02 3.653027999999999906e+02
6.107382550335570537e-01 -8.047775000000000067e-02 3.656116000000000099e+02
6.342281879194631156e-01 -8.287226000000000314e-02 3.659454000000000065e+02
6.577181208053691774e-01 -8.525699000000000471e-02 3.662955000000000041e+02
6.812080536912752393e-01 -8.763173999999999964e-02 3.666551999999999794e+02
7.046979865771811902e-01 -8.999630000000000130e-02 3.670188999999999737e+02
7.281879194630872520e-01 -9.235045999999999533e-02 3.673822999999999865e+02
7.516778523489933139e-01 -9.469403999999999322e-02 3.677420999999999935e+02
7.751677852348993758e-01 -9.702684000000000308e-02 3.680953999999999837e+02
7.986577181208054377e-01 -9.934867000000000004e-02 3.684404000000000110e+02
8.221476510067113885e-01 -1.016593999999999970e-01 3.687753000000000156e+02
8.456375838926174504e-01 -1.039588000000000040e-01 3.690989999999999895e+02
8.691275167785235123e-01 -1.062466999999999995e-01 3.694105000000000132e+02
8.926174496644295742e-01 -1.085230999999999973e-01 3.697092000000000098e+02
9.161073825503356360e-01 -1.107876000000000000e-01 3.699947000000000230e+02
9.395973154362415869e-01 -1.130402999999999963e-01 3.702667000000000144e+02
9.630872483221476488e-01 -1.152809000000000056e-01 3.705251000000000090e+02
9.865771812080537106e-01 -1.175094000000000000e-01 3.707697999999999752e+02
1.010067114093959662e+00 -1.197256000000000015e-01 3.710009999999999764e+02
1.033557046979865834e+00 -1.219293999999999933e-01 3.712187999999999874e+02
1.057046979865771785e+00 -1.241205999999999976e-01 3.714232999999999834e+02
1.080536912751677958e+00 -1.262993000000000032e-01 3.716148999999999774e+02
1.104026845637583909e+00 -1.284652000000000016e-01 3.717937999999999761e+02
1.127516778523490082e+00 -1.306182999999999927e-01 3.719603000000000179e+02
1.151006711409396033e+00 -1.327586000000000044e-01 3.721148000000000025e+02
1.174496644295301984e+00 -1.348859000000000030e-01 3.722574999999999932e+02
1.197986577181208157e+00 -1.370001000000000135e-01 3.723890000000000100e+02
1.221476510067114107e+00 -1.391013000000000110e-01 3.725095000000000027e+02
1.244966442953020280e+00 -1.411891999999999869e-01 3.726193999999999846e+02
1.268456375838926231e+00 -1.432640000000000025e-01 3.727189999999999941e+02
1.291946308724832182e+00 -1.453254999999999963e-01 3.728088000000000193e+02
1.315436241610738355e+00 -1.473735999999999935e-01 3.728890000000000100e+02
1.338926174496644306e+00 -1.494084999999999996e-01 3.729601000000000113e+02
1.362416107382550479e+00 -1.514299000000000062e-01 3.730224000000000046e+02
1.385906040268456429e+00 -1.534378999999999882e-01 3.730763000000000034e+02
1.409395973154362380e+00 -1.554323999999999983e-01 3.731220000000000141e+02
1.432885906040268553e+00 -1.574135000000000117e-01 3.731598999999999933e+02
1.456375838926174504e+00 -1.593810999999999978e-01 3.731902999999999793e+02
1.479865771812080677e+00 -1.613352000000000119e-01 3.732137000000000171e+02
1.503355704697986628e+00 -1.632756999999999958e-01 3.732300999999999931e+02
1.526845637583892579e+00 -1.652028000000000107e-01 3.732400000000000091e+02
1.550335570469798752e+00 -1.671163999999999983e-01 3.732436000000000149e+02
1.573825503355704702e+00 -1.690164999999999862e-01 3.732411999999999921e+02
1.597315436241610875e+00 -1.709029999999999994e-01 3.732330999999999790e+02
1.620805369127516826e+00 -1.727760999999999880e-01 3.732194999999999823e+02
1.644295302013422777e+00 -1.746358000000000077e-01 3.732006999999999834e+02
1.667785234899328950e+00 -1.764820000000000000e-01 3.731768999999999892e+02
1.691275167785234901e+00 -1.783146999999999927e-01 3.731483000000000061e+02
1.714765100671141074e+00 -1.801340999999999914e-01 3.731152000000000157e+02
1.738255033557047025e+00 -1.819400999999999935e-01 3.730778000000000247e+02
1.761744966442952975e+00 -1.837328000000000017e-01 3.730362999999999829e+02
1.785234899328859148e+00 -1.855121999999999882e-01 3.729907999999999788e+02
1.808724832214765099e+00 -1.872783000000000087e-01 3.729415999999999940e+02
1.832214765100671272e+00 -1.890312000000000103e-01 3.728888999999999783e+02
1.855704697986577223e+00 -1.907708999999999933e-01 3.728328000000000202e+02
1.879194630872483174e+00 -1.924974999999999881e-01 3.727733999999999810e+02
1.902684563758389347e+00 -1.942109999999999947e-01 3.727110999999999876e+02
1.926174496644295298e+00 -1.959114999999999884e-01 3.726458000000000084e+02
1.949664429530201470e+00 -1.975989999999999969e-01 3.725778000000000247e+02
1.973154362416107421e+00 -1.992735999999999952e-01 3.725070999999999799e+02
1.996644295302013594e+00 -2.009353999999999862e-01 3.724340000000000259e+02
2.020134228187919323e+00 -2.025842999999999949e-01 3.723586000000000240e+02
2.043624161073825718e+00 -2.042204999999999993e-01 3.722808999999999742e+02
2.067114093959731669e+00 -2.058439999999999992e-01 3.722010999999999967e+02
2.090604026845637620e+00 -2.074548999999999976e-01 3.721193000000000097e+02
2.114093959731543571e+00 -2.090532999999999975e-01 3.720355999999999881e+02
2.137583892617449521e+00 -2.106390999999999958e-01 3.719501000000000204e+02
2.161073825503355916e+00 -2.122126000000000012e-01 3.718629999999999995e+02
2.184563758389261867e+00 -2.137737000000000109e-01 3.717742000000000075e+02
2.208053691275167818e+00 -2.153226000000000029e-01 3.716838999999999942e+02
2.231543624161073769e+00 -2.168592000000000020e-01 3.715921999999999912e+02
2.255033557046980164e+00 -2.183836999999999862e-01 3.714991999999999734e+02
2.278523489932886115e+00 -2.198962000000000139e-01 3.714048000000000229e+02
2.302013422818792066e+00 -2.213967000000000018e-01 3.713093000000000075e+02
2.325503355704698016e+00 -2.228854000000000113e-01 3.712126999999999839e+02
2.348993288590603967e+00 -2.243622000000000116e-01 3.711150000000000091e+02
2.372483221476510362e+00 -2.258272000000000057e-01 3.710163000000000011e+02
2.395973154362416313e+00 -2.272805999999999993e-01 3.709166000000000167e+02
2.419463087248322264e+00 -2.287223999999999924e-01 3.708161000000000058e+02
2.442953020134228215e+00 -2.301527999999999907e-01 3.707146999999999935e+02
2.466442953020134166e+00 -2.315716999999999914e-01 3.706125999999999863e+02
2.489932885906040561e+00 -2.329791999999999974e-01 3.705097000000000094e+02
2.513422818791946511e+00 -2.343754999999999866e-01 3.704062000000000126e+02
2.536912751677852462e+00 -2.357606999999999897e-01 3.703020000000000209e+02
2.560402684563758413e+00 -2.371347000000000038e-01 3.701972999999999843e+02
2.583892617449664364e+00 -2.384978000000000098e-01 3.700919999999999845e+02
2.607382550335570759e+00 -2.398499000000000048e-01 3.699861999999999966e+02
2.630872483221476710e+00 -2.411910999999999916e-01 3.698799000000000206e+02
2.654362416107382661e+00 -2.425217000000000067e-01 3.697731999999999744e+02
2.677852348993288611e+00 -2.438414999999999888e-01 3.696659999999999968e+02
2.701342281879194562e+00 -2.451508000000000020e-01 3.695584999999999809e+02
2.724832214765100957e+00 -2.464494999999999880e-01 3.694506999999999834e+02
2.748322147651006908e+00 -2.477378000000000080e-01 3.693424999999999727e+02
2.771812080536912859e+00 -2.490158000000000094e-01 3.692341000000000122e+02
2.795302013422818810e+00 -2.502835999999999950e-01 3.691254000000000133e+02
2.818791946308724761e+00 -2.515412000000000203e-01 3.690165000000000077e+02
2.842281879194631156e+00 -2.527885999999999744e-01 3.689073000000000206e+02
2.865771812080537106e+00 -2.540260999999999769e-01 3.687980000000000018e+02
2.889261744966443057e+00 -2.552536999999999723e-01 3.686884999999999764e+02
2.912751677852349008e+00 -2.564714000000000160e-01 3.685788999999999760e+02
2.936241610738254959e+00 -2.576794000000000029e-01 3.684691000000000258e+02
2.959731543624161354e+00 -2.588776999999999884e-01 3.683593000000000188e+02
2.983221476510067305e+00 -2.600663999999999754e-01 3.682493000000000052e+02
3.006711409395973256e+00 -2.612457000000000251e-01 3.681392999999999915e+02
3.030201342281879207e+00 -2.624155000000000237e-01 3.680292000000000030e+02
3.053691275167785157e+00 -2.635758999999999741e-01 3.679191000000000145e+02
3.077181208053691552e+00 -2.647270999999999930e-01 3.678090000000000259e+02
3.100671140939597503e+00 -2.658691000000000249e-01 3.676988999999999805e+02
3.124161073825503454e+00 -2.670021000000000200e-01 3.675887999999999920e+02
3.147651006711409405e+00 -2.681259999999999755e-01 3.674785999999999717e+02
3.171140939597315356e+00 -2.692410000000000081e-01 3.673686000000000149e+02
3.194630872483221751e+00 -2.703471000000000068e-01 3.672585000000000264e+02
3.218120805369127702e+00 -2.714443999999999746e-01 3.671485000000000127e+02
3.241610738255033652e+00 -2.725330999999999726e-01 3.670385999999999740e+02
3.265100671140939603e+00 -2.736130999999999980e-01 3.669288000000000238e+02
3.288590604026845554e+00 -2.746846000000000010e-01 3.668190000000000168e+02
3.312080536912751949e+00 -2.757475999999999816e-01 3.667092999999999847e+02
3.335570469798657900e+00 -2.768021999999999982e-01 3.665998000000000161e+02
3.359060402684563851e+00 -2.778484999999999983e-01 3.664902999999999906e+02
3.382550335570469802e+00 -2.788865999999999845e-01 3.663809999999999718e+02
3.406040268456375752e+00 -2.799165000000000125e-01 3.662717999999999847e+02
3.429530201342282147e+00 -2.809382999999999742e-01 3.661626999999999725e+02
3.453020134228188098e+00 -2.819520999999999833e-01 3.660538000000000238e+02
3.476510067114094049e+00 -2.829579999999999873e-01 3.659449999999999932e+02
3.500000000000000000e+00 -2.839559999999999862e-01 3.658364000000000260e+02
