0.000000000000000000e+00 -1.563428000000000040e-02 1.949923000000000002e+02
1.458333333333333426e-01 -3.144817999999999919e-02 1.669413999999999874e+02
2.916666666666666852e-01 -4.710798000000000069e-02 1.605759999999999934e+02
4.375000000000000000e-01 -6.253870000000000262e-02 1.552306000000000097e+02
5.833333333333333703e-01 -7.767209999999999392e-02 1.302250999999999976e+02
7.291666666666667407e-01 -9.244832000000000050e-02 1.052935999999999979e+02
8.750000000000000000e-01 -1.068169000000000063e-01 8.704549000000000092e+01
1.020833333333333481e+00 -1.207372000000000029e-01 7.351211999999999591e+01
1.166666666666666741e+00 -1.341781999999999975e-01 6.324931999999999732e+01
1.312500000000000000e+00 -1.471184000000000103e-01 5.529527000000000214e+01
1.458333333333333481e+00 -1.595444000000000029e-01 4.900739999999999696e+01
1.604166666666666741e+00 -1.714507999999999865e-01 4.394845999999999719e+01
1.750000000000000000e+00 -1.828381000000000034e-01 3.981439000000000306e+01
1.895833333333333481e+00 -1.937126000000000126e-01 3.638927000000000334e+01
2.041666666666666963e+00 -2.040846000000000049e-01 3.351657999999999760e+01
2.187500000000000000e+00 -2.139679999999999915e-01 3.108081999999999923e+01
2.333333333333333481e+00 -2.233788999999999914e-01 2.957890000000000086e+01
2.479166666666666963e+00 -2.323355000000000004e-01 2.957890000000000086e+01
2.625000000000000000e+00 -2.408568000000000098e-01 2.957890000000000086e+01
2.770833333333333481e+00 -2.489628000000000119e-01 2.957890000000000086e+01
2.916666666666666963e+00 -2.566733999999999960e-01 2.957890000000000086e+01
3.062500000000000000e+00 -2.640086999999999851e-01 2.957890000000000086e+01
3.208333333333333481e+00 -2.709883000000000153e-01 2.957890000000000086e+01
3.354166666666666963e+00 -2.776312000000000224e-01 2.957890000000000086e+01
3.500000000000000000e+00 -2.839559999999999862e-01 2.957890000000000086e+01
