0.000000000000000000e+00 -1.567715999999999901e-02 2.735674000000000206e+02
2.348993288590604106e-02 -1.823115999999999973e-02 2.719821000000000026e+02
4.697986577181208212e-02 -2.078288000000000010e-02 2.702964000000000055e+02
7.046979865771813012e-02 -2.333199999999999857e-02 2.682037000000000262e+02
9.395973154362416424e-02 -2.587814999999999907e-02 2.655163000000000011e+02
1.174496644295301984e-01 -2.842102000000000170e-02 2.620905000000000200e+02
1.409395973154362602e-01 -3.096027000000000154e-02 2.578224999999999909e+02
1.644295302013422944e-01 -3.349557999999999702e-02 2.526634999999999991e+02
1.879194630872483285e-01 -3.602662000000000225e-02 2.466367999999999938e+02
2.114093959731543626e-01 -3.855306000000000011e-02 2.398417000000000030e+02
2.348993288590603967e-01 -4.107459000000000110e-02 2.324387000000000114e+02
2.583892617449664586e-01 -4.359090000000000187e-02 2.246199000000000012e+02
2.818791946308725205e-01 -4.610170000000000240e-02 2.165769999999999982e+02
3.053691275167785268e-01 -4.860663999999999957e-02 2.084791999999999916e+02
3.288590604026845887e-01 -5.110544999999999671e-02 2.004627999999999872e+02
3.523489932885905951e-01 -5.359781999999999741e-02 1.926311000000000035e+02
3.758389261744966570e-01 -5.608346000000000164e-02 1.850608000000000004e+02
3.993288590604027188e-01 -5.856209999999999888e-02 1.778139999999999930e+02
4.228187919463087252e-01 -6.103345999999999771e-02 1.708709000000000060e+02
4.463087248322147871e-01 -6.349723999999999646e-02 1.644199999999999875e+02
4.697986577181207934e-01 -6.595318000000000014e-02 1.592967999999999904e+02
4.932885906040268553e-01 -6.840103000000000155e-02 1.572872000000000128e+02
5.167785234899329172e-01 -7.084052000000000404e-02 1.564493999999999971e+02
5.402684563758389791e-01 -7.327139000000000568e-02 1.558021999999999991e+02
5.637583892617450410e-01 -7.569341999999999737e-02 1.552040000000000077e+02
5.872483221476509918e-01 -7.810635000000000494e-02 1.546196999999999946e+02
6.107382550335570537e-01 -8.050996000000000541e-02 1.540363999999999862e+02
6.342281879194631156e-01 -8.290401000000000020e-02 1.534478000000000009e+02
6.577181208053691774e-01 -8.528827999999999410e-02 1.528504000000000076e+02
6.812080536912752393e-01 -8.766256999999999522e-02 1.522418999999999869e+02
7.046979865771811902e-01 -9.002665999999999447e-02 1.516208000000000027e+02
7.281879194630872520e-01 -9.238034999999999997e-02 1.509860999999999933e+02
7.516778523489933139e-01 -9.472345000000000070e-02 1.503369999999999891e+02
7.751677852348993758e-01 -9.705576999999999954e-02 1.496731000000000051e+02
7.986577181208054377e-01 -9.937714000000000270e-02 1.489939999999999998e+02
8.221476510067113885e-01 -1.016873999999999972e-01 1.482995999999999981e+02
8.456375838926174504e-01 -1.039863000000000037e-01 1.475897999999999968e+02
8.691275167785235123e-01 -1.062738000000000016e-01 1.468646999999999991e+02
8.926174496644295742e-01 -1.085495999999999961e-01 1.461245999999999867e+02
9.161073825503356360e-01 -1.108137000000000011e-01 1.453695999999999913e+02
9.395973154362415869e-01 -1.130658999999999970e-01 1.445999999999999943e+02
9.630872483221476488e-01 -1.153060999999999947e-01 1.438163999999999874e+02
9.865771812080537106e-01 -1.175341000000000025e-01 1.430190000000000055e+02
1.010067114093959662e+00 -1.197498000000000035e-01 1.422084999999999866e+02
1.033557046979865834e+00 -1.219530000000000058e-01 1.413853000000000009e+02
1.057046979865771785e+00 -1.241437999999999986e-01 1.405497000000000014e+02
1.080536912751677958e+00 -1.263219999999999898e-01 1.397023000000000081e+02
1.104026845637583909e+00 -1.284875000000000045e-01 1.388443000000000040e+02
1.127516778523490082e+00 -1.306401000000000090e-01 1.379761000000000024e+02
1.151006711409396033e+00 -1.327799000000000063e-01 1.370987000000000080e+02
1.174496644295301984e+00 -1.349066999999999905e-01 1.362125000000000057e+02
1.197986577181208157e+00 -1.370204999999999895e-01 1.353183999999999969e+02
1.221476510067114107e+00 -1.391212000000000004e-01 1.344170000000000016e+02
1.244966442953020280e+00 -1.412086999999999926e-01 1.335091999999999928e+02
1.268456375838926231e+00 -1.432829999999999937e-01 1.325955999999999904e+02
1.291946308724832182e+00 -1.453440000000000010e-01 1.316768999999999892e+02
1.315436241610738355e+00 -1.473916999999999866e-01 1.307538000000000125e+02
1.338926174496644306e+00 -1.494260000000000033e-01 1.298271000000000015e+02
1.362416107382550479e+00 -1.514469999999999983e-01 1.288974000000000046e+02
1.385906040268456429e+00 -1.534544999999999937e-01 1.279654000000000025e+02
1.409395973154362380e+00 -1.554485999999999923e-01 1.270318000000000040e+02
1.432885906040268553e+00 -1.574291999999999914e-01 1.260972000000000008e+02
1.456375838926174504e+00 -1.593963999999999936e-01 1.251623000000000019e+02
1.479865771812080677e+00 -1.613499999999999934e-01 1.242275999999999954e+02
1.503355704697986628e+00 -1.632900999999999936e-01 1.232938000000000045e+02
1.526845637583892579e+00 -1.652167999999999970e-01 1.223613000000000000e+02
1.550335570469798752e+00 -1.671298999999999979e-01 1.214308000000000050e+02
1.573825503355704702e+00 -1.690294999999999992e-01 1.205027999999999935e+02
1.597315436241610875e+00 -1.709157000000000037e-01 1.195776999999999930e+02
1.620805369127516826e+00 -1.727883000000000058e-01 1.186560000000000059e+02
1.644295302013422777e+00 -1.746475000000000111e-01 1.177382999999999953e+02
1.667785234899328950e+00 -1.764932999999999919e-01 1.168247999999999962e+02
1.691275167785234901e+00 -1.783256000000000008e-01 1.159159999999999968e+02
1.714765100671141074e+00 -1.801445999999999881e-01 1.150122999999999962e+02
1.738255033557047025e+00 -1.819501000000000035e-01 1.141140000000000043e+02
1.761744966442952975e+00 -1.837424000000000002e-01 1.132214000000000027e+02
1.785234899328859148e+00 -1.855214000000000030e-01 1.123349999999999937e+02
1.808724832214765099e+00 -1.872871000000000119e-01 1.114548999999999950e+02
1.832214765100671272e+00 -1.890396000000000021e-01 1.105814000000000021e+02
1.855704697986577223e+00 -1.907789000000000013e-01 1.097147999999999968e+02
1.879194630872483174e+00 -1.925051000000000123e-01 1.088551999999999964e+02
1.902684563758389347e+00 -1.942182000000000075e-01 1.080030000000000001e+02
1.926174496644295298e+00 -1.959182999999999897e-01 1.071581999999999937e+02
1.949664429530201470e+00 -1.976053999999999866e-01 1.063211000000000013e+02
1.973154362416107421e+00 -1.992796000000000012e-01 1.054917999999999978e+02
1.996644295302013594e+00 -2.009410000000000085e-01 1.046705000000000041e+02
2.020134228187919323e+00 -2.025895000000000057e-01 1.038572000000000060e+02
2.043624161073825718e+00 -2.042254000000000014e-01 1.030520999999999958e+02
2.067114093959731669e+00 -2.058484999999999898e-01 1.022552000000000021e+02
2.090604026845637620e+00 -2.074590000000000045e-01 1.014665999999999997e+02
2.114093959731543571e+00 -2.090569999999999928e-01 1.006864999999999952e+02
2.137583892617449521e+00 -2.106425000000000103e-01 9.991482999999999493e+01
2.161073825503355916e+00 -2.122156000000000042e-01 9.915164000000000044e+01
2.184563758389261867e+00 -2.137764000000000053e-01 9.839699000000000240e+01
2.208053691275167818e+00 -2.153249000000000135e-01 9.765086999999999762e+01
2.231543624161073769e+00 -2.168612000000000040e-01 9.691331999999999880e+01
2.255033557046980164e+00 -2.183854000000000073e-01 9.618431999999999960e+01
2.278523489932886115e+00 -2.198974999999999957e-01 9.546388000000000318e+01
2.302013422818792066e+00 -2.213977000000000028e-01 9.475197000000000003e+01
2.325503355704698016e+00 -2.228860000000000008e-01 9.404859000000000435e+01
2.348993288590603967e+00 -2.243623999999999896e-01 9.335370000000000346e+01
2.372483221476510362e+00 -2.258271000000000028e-01 9.266724999999999568e+01
2.395973154362416313e+00 -2.272801999999999878e-01 9.198923000000000627e+01
2.419463087248322264e+00 -2.287217000000000000e-01 9.131958000000000197e+01
2.442953020134228215e+00 -2.301516999999999868e-01 9.065824999999999534e+01
2.466442953020134166e+00 -2.315703000000000067e-01 9.000517000000000678e+01
2.489932885906040561e+00 -2.329776000000000069e-01 8.936030999999999835e+01
2.513422818791946511e+00 -2.343735999999999875e-01 8.872357999999999834e+01
2.536912751677852462e+00 -2.357584000000000068e-01 8.809493999999999403e+01
2.560402684563758413e+00 -2.371321000000000123e-01 8.747428999999999633e+01
2.583892617449664364e+00 -2.384949000000000097e-01 8.686158000000000357e+01
2.607382550335570759e+00 -2.398466999999999960e-01 8.625672000000000139e+01
2.630872483221476710e+00 -2.411877000000000049e-01 8.565963999999999601e+01
2.654362416107382661e+00 -2.425179000000000085e-01 8.507026000000000465e+01
2.677852348993288611e+00 -2.438375000000000126e-01 8.448850000000000193e+01
2.701342281879194562e+00 -2.451463999999999865e-01 8.391427000000000191e+01
2.724832214765100957e+00 -2.464448999999999945e-01 8.334748999999999342e+01
2.748322147651006908e+00 -2.477330000000000088e-01 8.278807000000000471e+01
2.771812080536912859e+00 -2.490107000000000015e-01 8.223592999999999620e+01
2.795302013422818810e+00 -2.502782000000000062e-01 8.169097999999999615e+01
2.818791946308724761e+00 -2.515355000000000230e-01 8.115313000000000443e+01
2.842281879194631156e+00 -2.527827000000000268e-01 8.062229000000000667e+01
2.865771812080537106e+00 -2.540199000000000207e-01 8.009837000000000273e+01
2.889261744966443057e+00 -2.552472000000000074e-01 7.958128999999999564e+01
2.912751677852349008e+00 -2.564646999999999899e-01 7.907094999999999629e+01
2.936241610738254959e+00 -2.576725000000000265e-01 7.856726000000000454e+01
2.959731543624161354e+00 -2.588705000000000034e-01 7.807013999999999498e+01
2.983221476510067305e+00 -2.600589999999999846e-01 7.757949000000000694e+01
3.006711409395973256e+00 -2.612380000000000257e-01 7.709523000000000081e+01
3.030201342281879207e+00 -2.624076000000000186e-01 7.661726000000000170e+01
3.053691275167785157e+00 -2.635678000000000187e-01 7.614549999999999841e+01
3.077181208053691552e+00 -2.647187999999999763e-01 7.567986000000000502e+01
3.100671140939597503e+00 -2.658606000000000025e-01 7.522025999999999613e+01
3.124161073825503454e+00 -2.669932999999999890e-01 7.476658999999999367e+01
3.147651006711409405e+00 -2.681168999999999913e-01 7.431879000000000701e+01
3.171140939597315356e+00 -2.692317000000000182e-01 7.387676999999999339e+01
3.194630872483221751e+00 -2.703376000000000112e-01 7.344043999999999528e+01
3.218120805369127702e+00 -2.714346999999999732e-01 7.300970999999999833e+01
3.241610738255033652e+00 -2.725232000000000210e-01 7.258450000000000557e+01
3.265100671140939603e+00 -2.736029999999999851e-01 7.216473000000000582e+01
3.288590604026845554e+00 -2.746741999999999795e-01 7.175033000000000527e+01
3.312080536912751949e+00 -2.757371000000000127e-01 7.134120000000000061e+01
3.335570469798657900e+00 -2.767915000000000236e-01 7.093726999999999805e+01
3.359060402684563851e+00 -2.778376000000000179e-01 7.053847000000000378e+01
3.382550335570469802e+00 -2.788754999999999984e-01 7.014471000000000345e+01
3.406040268456375752e+00 -2.799052000000000207e-01 6.975591000000000008e+01
3.429530201342282147e+00 -2.809267999999999765e-01 6.937202000000000623e+01
3.453020134228188098e+00 -2.819404999999999828e-01 6.899293000000000120e+01
3.476510067114094049e+00 -2.829461999999999811e-01 6.861858999999999753e+01
3.500000000000000000e+00 -2.839439999999999742e-01 6.824891999999999825e+01
