0.000000000000000000e+00 -1.567715999999999901e-02 6.864104999999999563e+02
2.348993288590604106e-02 -1.823115999999999973e-02 6.177237999999999829e+02
4.697986577181208212e-02 -2.078288000000000010e-02 5.650787000000000262e+02
7.046979865771813012e-02 -2.333199999999999857e-02 5.244904000000000224e+02
9.395973154362416424e-02 -2.587814999999999907e-02 5.173482999999999947e+02
1.174496644295301984e-01 -2.842102000000000170e-02 5.142577999999999747e+02
1.409395973154362602e-01 -3.096027000000000154e-02 5.118906000000000063e+02
1.644295302013422944e-01 -3.349557999999999702e-02 5.099904000000000224e+02
1.879194630872483285e-01 -3.602662000000000225e-02 5.084119000000000028e+02
2.114093959731543626e-01 -3.855306000000000011e-02 5.070622999999999934e+02
2.348993288590603967e-01 -4.107459000000000110e-02 5.058790999999999940e+02
2.583892617449664586e-01 -4.359090000000000187e-02 5.048183999999999969e+02
2.818791946308725205e-01 -4.610170000000000240e-02 5.038485999999999763e+02
3.053691275167785268e-01 -4.860663999999999957e-02 5.029463000000000079e+02
3.288590604026845887e-01 -5.110544999999999671e-02 5.020937000000000126e+02
3.523489932885905951e-01 -5.359781999999999741e-02 5.012767999999999802e+02
3.758389261744966570e-01 -5.608346000000000164e-02 5.004850000000000136e+02
3.993288590604027188e-01 -5.856209999999999888e-02 4.997097999999999729e+02
4.228187919463087252e-01 -6.103345999999999771e-02 4.989442000000000235e+02
4.463087248322147871e-01 -6.349723999999999646e-02 4.981829000000000178e+02
4.697986577181207934e-01 -6.595318000000000014e-02 4.974214999999999804e+02
4.932885906040268553e-01 -6.840103000000000155e-02 4.966562999999999874e+02
5.167785234899329172e-01 -7.084052000000000404e-02 4.958845999999999776e+02
5.402684563758389791e-01 -7.327139000000000568e-02 4.951041999999999916e+02
5.637583892617450410e-01 -7.569341999999999737e-02 4.943131999999999948e+02
5.872483221476509918e-01 -7.810635000000000494e-02 4.935102999999999724e+02
6.107382550335570537e-01 -8.050996000000000541e-02 4.926945999999999799e+02
6.342281879194631156e-01 -8.290401000000000020e-02 4.918654000000000224e+02
6.577181208053691774e-01 -8.528827999999999410e-02 4.910224999999999795e+02
6.812080536912752393e-01 -8.766256999999999522e-02 4.901657000000000153e+02
7.046979865771811902e-01 -9.002665999999999447e-02 4.892950999999999908e+02
7.281879194630872520e-01 -9.238034999999999997e-02 4.884109000000000265e+02
7.516778523489933139e-01 -9.472345000000000070e-02 4.875135999999999967e+02
7.751677852348993758e-01 -9.705576999999999954e-02 4.866039000000000101e+02
7.986577181208054377e-01 -9.937714000000000270e-02 4.856823999999999728e+02
8.221476510067113885e-01 -1.016873999999999972e-01 4.847500000000000000e+02
8.456375838926174504e-01 -1.039863000000000037e-01 4.838073999999999728e+02
8.691275167785235123e-01 -1.062738000000000016e-01 4.828559000000000196e+02
8.926174496644295742e-01 -1.085495999999999961e-01 4.818964000000000283e+02
9.161073825503356360e-01 -1.108137000000000011e-01 4.809298999999999751e+02
9.395973154362415869e-01 -1.130658999999999970e-01 4.799576999999999884e+02
9.630872483221476488e-01 -1.153060999999999947e-01 4.789809000000000196e+02
9.865771812080537106e-01 -1.175341000000000025e-01 4.780004999999999882e+02
1.010067114093959662e+00 -1.197498000000000035e-01 4.770178999999999974e+02
1.033557046979865834e+00 -1.219530000000000058e-01 4.760341000000000236e+02
1.057046979865771785e+00 -1.241437999999999986e-01 4.750502000000000180e+02
1.080536912751677958e+00 -1.263219999999999898e-01 4.740674999999999955e+02
1.104026845637583909e+00 -1.284875000000000045e-01 4.730867999999999824e+02
1.127516778523490082e+00 -1.306401000000000090e-01 4.721093999999999937e+02
1.151006711409396033e+00 -1.327799000000000063e-01 4.711361999999999739e+02
1.174496644295301984e+00 -1.349066999999999905e-01 4.701680999999999813e+02
1.197986577181208157e+00 -1.370204999999999895e-01 4.692062000000000239e+02
1.221476510067114107e+00 -1.391212000000000004e-01 4.682511999999999830e+02
1.244966442953020280e+00 -1.412086999999999926e-01 4.673038999999999987e+02
1.268456375838926231e+00 -1.432829999999999937e-01 4.663652000000000157e+02
1.291946308724832182e+00 -1.453440000000000010e-01 4.654356999999999971e+02
1.315436241610738355e+00 -1.473916999999999866e-01 4.645160000000000196e+02
1.338926174496644306e+00 -1.494260000000000033e-01 4.636068000000000211e+02
1.362416107382550479e+00 -1.514469999999999983e-01 4.627085999999999899e+02
1.385906040268456429e+00 -1.534544999999999937e-01 4.618217999999999961e+02
1.409395973154362380e+00 -1.554485999999999923e-01 4.609469000000000278e+02
1.432885906040268553e+00 -1.574291999999999914e-01 4.600842999999999847e+02
1.456375838926174504e+00 -1.593963999999999936e-01 4.592343000000000188e+02
1.479865771812080677e+00 -1.613499999999999934e-01 4.583971999999999980e+02
1.503355704697986628e+00 -1.632900999999999936e-01 4.575731999999999857e+02
1.526845637583892579e+00 -1.652167999999999970e-01 4.567624999999999886e+02
1.550335570469798752e+00 -1.671298999999999979e-01 4.559653000000000134e+02
1.573825503355704702e+00 -1.690294999999999992e-01 4.551816999999999780e+02
1.597315436241610875e+00 -1.709157000000000037e-01 4.544116999999999962e+02
1.620805369127516826e+00 -1.727883000000000058e-01 4.536553999999999860e+02
1.644295302013422777e+00 -1.746475000000000111e-01 4.529128999999999792e+02
1.667785234899328950e+00 -1.764932999999999919e-01 4.521840000000000259e+02
1.691275167785234901e+00 -1.783256000000000008e-01 4.514687999999999874e+02
1.714765100671141074e+00 -1.801445999999999881e-01 4.507672000000000025e+02
1.738255033557047025e+00 -1.819501000000000035e-01 4.500790000000000077e+02
1.761744966442952975e+00 -1.837424000000000002e-01 4.494042000000000030e+02
1.785234899328859148e+00 -1.855214000000000030e-01 4.487427000000000135e+02
1.808724832214765099e+00 -1.872871000000000119e-01 4.480944000000000074e+02
1.832214765100671272e+00 -1.890396000000000021e-01 4.474590000000000032e+02
1.855704697986577223e+00 -1.907789000000000013e-01 4.468364000000000260e+02
1.879194630872483174e+00 -1.925051000000000123e-01 4.462264000000000124e+02
1.902684563758389347e+00 -1.942182000000000075e-01 4.456288000000000125e+02
1.926174496644295298e+00 -1.959182999999999897e-01 4.450432999999999879e+02
1.949664429530201470e+00 -1.976053999999999866e-01 4.444698999999999955e+02
1.973154362416107421e+00 -1.992796000000000012e-01 4.439082999999999970e+02
1.996644295302013594e+00 -2.009410000000000085e-01 4.433582000000000107e+02
2.020134228187919323e+00 -2.025895000000000057e-01 4.428195000000000050e+02
2.043624161073825718e+00 -2.042254000000000014e-01 4.422918999999999983e+02
2.067114093959731669e+00 -2.058484999999999898e-01 4.417751000000000090e+02
2.090604026845637620e+00 -2.074590000000000045e-01 4.412690000000000055e+02
2.114093959731543571e+00 -2.090569999999999928e-01 4.407733000000000061e+02
2.137583892617449521e+00 -2.106425000000000103e-01 4.402878000000000043e+02
2.161073825503355916e+00 -2.122156000000000042e-01 4.398122999999999934e+02
2.184563758389261867e+00 -2.137764000000000053e-01 4.393464999999999918e+02
2.208053691275167818e+00 -2.153249000000000135e-01 4.388901000000000181e+02
2.231543624161073769e+00 -2.168612000000000040e-01 4.384431000000000154e+02
2.255033557046980164e+00 -2.183854000000000073e-01 4.380049999999999955e+02
2.278523489932886115e+00 -2.198974999999999957e-01 4.375758999999999901e+02
2.302013422818792066e+00 -2.213977000000000028e-01 4.371553000000000111e+02
2.325503355704698016e+00 -2.228860000000000008e-01 4.367431000000000267e+02
2.348993288590603967e+00 -2.243623999999999896e-01 4.363390999999999735e+02
2.372483221476510362e+00 -2.258271000000000028e-01 4.359431000000000154e+02
2.395973154362416313e+00 -2.272801999999999878e-01 4.355548000000000002e+02
2.419463087248322264e+00 -2.287217000000000000e-01 4.351741000000000099e+02
2.442953020134228215e+00 -2.301516999999999868e-01 4.348007999999999811e+02
2.466442953020134166e+00 -2.315703000000000067e-01 4.344347000000000207e+02
2.489932885906040561e+00 -2.329776000000000069e-01 4.340756000000000085e+02
2.513422818791946511e+00 -2.343735999999999875e-01 4.337232999999999947e+02
2.536912751677852462e+00 -2.357584000000000068e-01 4.333775999999999726e+02
2.560402684563758413e+00 -2.371321000000000123e-01 4.330384000000000242e+02
2.583892617449664364e+00 -2.384949000000000097e-01 4.327056000000000040e+02
2.607382550335570759e+00 -2.398466999999999960e-01 4.323788000000000125e+02
2.630872483221476710e+00 -2.411877000000000049e-01 4.320579999999999927e+02
2.654362416107382661e+00 -2.425179000000000085e-01 4.317429999999999950e+02
2.677852348993288611e+00 -2.438375000000000126e-01 4.314336999999999875e+02
2.701342281879194562e+00 -2.451463999999999865e-01 4.311299000000000206e+02
2.724832214765100957e+00 -2.464448999999999945e-01 4.308313999999999737e+02
2.748322147651006908e+00 -2.477330000000000088e-01 4.305382000000000176e+02
2.771812080536912859e+00 -2.490107000000000015e-01 4.302500000000000000e+02
2.795302013422818810e+00 -2.502782000000000062e-01 4.299669000000000096e+02
2.818791946308724761e+00 -2.515355000000000230e-01 4.296884999999999764e+02
2.842281879194631156e+00 -2.527827000000000268e-01 4.294148000000000138e+02
2.865771812080537106e+00 -2.540199000000000207e-01 4.291456999999999766e+02
2.889261744966443057e+00 -2.552472000000000074e-01 4.288811000000000035e+02
2.912751677852349008e+00 -2.564646999999999899e-01 4.286207999999999743e+02
2.936241610738254959e+00 -2.576725000000000265e-01 4.283648000000000025e+02
2.959731543624161354e+00 -2.588705000000000034e-01 4.281127999999999929e+02
2.983221476510067305e+00 -2.600589999999999846e-01 4.278648999999999774e+02
3.006711409395973256e+00 -2.612380000000000257e-01 4.276209000000000060e+02
3.030201342281879207e+00 -2.624076000000000186e-01 4.273806999999999903e+02
3.053691275167785157e+00 -2.635678000000000187e-01 4.271442000000000121e+02
3.077181208053691552e+00 -2.647187999999999763e-01 4.269114000000000146e+02
3.100671140939597503e+00 -2.658606000000000025e-01 4.266820000000000164e+02
3.124161073825503454e+00 -2.669932999999999890e-01 4.264562000000000239e+02
3.147651006711409405e+00 -2.681168999999999913e-01 4.262336000000000240e+02
3.171140939597315356e+00 -2.692317000000000182e-01 4.260144000000000233e+02
3.194630872483221751e+00 -2.703376000000000112e-01 4.257984000000000151e+02
3.218120805369127702e+00 -2.714346999999999732e-01 4.255853999999999928e+02
3.241610738255033652e+00 -2.725232000000000210e-01 4.253754999999999882e+02
3.265100671140939603e+00 -2.736029999999999851e-01 4.251686000000000263e+02
3.288590604026845554e+00 -2.746741999999999795e-01 4.249646000000000186e+02
3.312080536912751949e+00 -2.757371000000000127e-01 4.247633999999999901e+02
3.335570469798657900e+00 -2.767915000000000236e-01 4.245649999999999977e+02
3.359060402684563851e+00 -2.778376000000000179e-01 4.243693000000000097e+02
3.382550335570469802e+00 -2.788754999999999984e-01 4.241761999999999944e+02
3.406040268456375752e+00 -2.799052000000000207e-01 4.239855999999999767e+02
3.429530201342282147e+00 -2.809267999999999765e-01 4.237975999999999885e+02
3.453020134228188098e+00 -2.819404999999999828e-01 4.236120999999999981e+02
3.476510067114094049e+00 -2.829461999999999811e-01 4.234288999999999987e+02
3.500000000000000000e+00 -2.839439999999999742e-01 4.232481000000000222e+02
